32 33554432 433676.342 442272.836 486443.625 4.41466089313 4.85556306696 4.95181184682 1.10366522328 1.21389076674 1.2379529617
64 16777216 343260.492 371171.06 430065.761 4.99338436756 5.78569796902 6.25613403829 1.24834609189 1.44642449225 1.56403350957
96 8388608 254094.906 268821.168 269009.36 5.98719961268 5.9913910351 6.33862662324 1.49679990317 1.49784775877 1.58465665581
128 8388608 318636.521 327525.12 348423.58 6.16342799761 6.55669906479 6.73960298481 1.5408569994 1.6391747662 1.6849007462
160 4194304 200333.711 201083.599 204379.327 6.56708924382 6.67472278532 6.69970756944 1.64177231095 1.66868069633 1.67492689236
192 4194304 237069.769 238307.233 260904.283 6.17319392951 6.75855581773 6.79383433322 1.54329848238 1.68963895443 1.6984585833
224 4194304 269893.743 275045.683 287844.901 6.52798846001 6.83176762313 6.96217767449 1.631997115 1.70794190578 1.74054441862
256 4194304 313921.005 322237.79 353115.131 6.08153958716 6.66428244806 6.84084089244 1.52038489679 1.66607061202 1.71021022311
288 2097152 175431.091 176797.32 206380.054 5.85308283716 6.83245397611 6.88566402406 1.46327070929 1.70811349403 1.72141600601
320 2097152 192758.105 193268.456 203470.027 6.59643732195 6.94462670101 6.96301346187 1.64910933049 1.73615667525 1.74075336547
352 2097152 210119.511 214108.829 231021.466 6.3907265137 6.89553539149 7.02645366427 1.59768162842 1.72388384787 1.75661341607
384 2097152 238166.869 254271.326 257978.96 6.24319415816 6.3342287207 6.7625389827 1.56079853954 1.58355718018 1.69063474567
416 2097152 249047.188 250710.675 256970.664 6.78999865915 6.95953797739 7.00602354924 1.69749966479 1.73988449435 1.75150588731
448 2097152 267477.968 298534.328 303261.554 6.19613059161 6.29424496871 7.02505782458 1.5490326479 1.57356124218 1.75626445614
480 2097152 287587.028 288305.794 340248.098 5.9170526796 6.98309212613 7.00054496199 1.4792631699 1.74577303153 1.7501362405
512 2097152 304901.622 346051.734 368794.201 5.82298648454 6.20567226518 7.04320178395 1.45574662114 1.55141806629 1.76080044599
544 1048576 165554.503 188068.181 207188.309 5.50634682771 6.06615474204 6.89108823576 1.37658670693 1.51653868551 1.72277205894
576 1048576 171367.765 177838.599 264878.223 4.56043361481 6.79244865171 7.0489310052 1.1401084037 1.69811216293 1.7622327513
608 1048576 188564.17 207820.573 270380.925 4.71582237541 6.13542921951 6.76198673375 1.17895559385 1.53385730488 1.69049668344
640 1048576 197330.535 207872.889 369548.705 3.63193609351 6.45672115521 6.8016705068 0.907984023378 1.6141802888 1.7004176267
704 1048576 205178.151 217273.907 218694.147 6.7509580309 6.79508657245 7.19567361731 1.68773950772 1.69877164311 1.79891840433
768 1048576 230331.247 230834.91 231999.156 6.94232153155 6.97733603639 6.99259330628 1.73558038289 1.7443340091 1.74814832657
832 1048576 245084.266 249557.191 379325.786 4.59982033491 6.99170581704 7.11930836066 1.14995508373 1.74792645426 1.77982709016
896 1048576 263905.426 276670.008 277282.91 6.77664624913 6.79165842942 7.12015747641 1.69416156228 1.69791460735 1.7800393691
960 1048576 283383.601 324700.55 375295.181 5.36448646805 6.20037730149 7.10438399715 1.34112161701 1.55009432537 1.77609599929
1056 524288 160877.888 165354.237 167206.512 6.62232734094 6.69650972415 6.88283685077 1.65558183523 1.67412743104 1.72070921269
1152 524288 168955.239 184866.539 235313.024 5.13341561579 6.53422495241 7.14958328105 1.28335390395 1.6335562381 1.78739582026
1248 524288 183054.145 183080.298 204757.055 6.39110016502 7.14780816011 7.14882936958 1.59777504126 1.78695204003 1.7872073424
1344 524288 199983.504 210168.157 224171.547 6.28664147105 6.70551697325 7.04701195755 1.57166036776 1.67637924331 1.76175298939
1472 524288 215695.686 216889.938 318611.208 4.84447449821 7.11653056031 7.15593297494 1.21111862455 1.77913264008 1.78898324374
1600 524288 233288.406 249217.001 367318.279 4.56748736972 6.73197090595 7.19162014421 1.14187184243 1.68299272649 1.79790503605
1760 524288 256661.374 297153.154 333133.603 5.53980067871 6.21058109314 7.19038369989 1.38495016968 1.55264527329 1.79759592497
1920 524288 279075.645 279912.604 281377.337 7.15503935557 7.19248040721 7.21405094307 1.78875983889 1.7981201018 1.80351273577
2112 262144 155537.323 157520.268 180930.244 6.12001748033 7.02954781667 7.11916750682 1.53000437008 1.75738695417 1.77979187671
2304 262144 167209.702 170766.732 216339.785 5.5836218567 7.07374052225 7.22421927407 1.39590546418 1.76843513056 1.80605481852
2528 262144 187157.91 187748.496 189560.355 6.99196867404 7.05944437499 7.0817207993 1.74799216851 1.76486109375 1.77043019982
2752 262144 205016.222 206899.155 233168.977 6.18796117118 6.97364170482 7.03768980779 1.5469902928 1.7434104262 1.75942245195
3008 262144 221350.799 222627.286 243566.655 6.47485307051 7.08385001828 7.12470120336 1.61871326763 1.77096250457 1.78117530084
3296 262144 241433.332 243649.404 273221.59 6.32473168757 7.09237625716 7.15747586998 1.58118292189 1.77309406429 1.7893689675
3616 262144 264284.966 277736.086 285186.853 6.64766060587 6.82599598527 7.17341374613 1.66191515147 1.70649899632 1.79335343653
3968 262144 283836.392 289612.315 303640.146 6.85144837205 7.18330912137 7.32948572712 1.71286209301 1.79582728034 1.83237143178
4352 131072 158625.105 159964.32 192755.748 5.91863381423 7.13190721531 7.19211935589 1.47965845356 1.78297680383 1.79802983897
4768 131072 173584.925 188313.149 202597.685 6.16938239941 6.63736228 7.20052499951 1.54234559985 1.65934057 1.80013124988
5216 131072 189869.085 192516.643 202142.857 6.76424150867 7.10246700074 7.20150467887 1.69106037717 1.77561675018 1.80037616972
5728 131072 208181.026 210371.821 216049.818 6.95006756266 7.13765191965 7.21276506726 1.73751689066 1.78441297991 1.80319126682
6272 131072 227937.111 228223.796 230123.704 7.14471016858 7.20418815573 7.21324913169 1.78617754214 1.80104703893 1.80331228292
6880 131072 247435.047 250311.202 252875.652 7.13216438884 7.20523374739 7.28898651128 1.78304109721 1.80130843685 1.82224662782
7552 131072 276775.736 279671.475 292697.608 6.76367498022 7.07870363969 7.15276388245 1.69091874506 1.76967590992 1.78819097061
8288 65536 150568.518 152071.474 155913.228 6.96749563802 7.14351421359 7.21481987357 1.74187390951 1.7858785534 1.80370496839
9088 65536 165121.411 167952.075 178549.033 6.67145778381 7.09239427974 7.21397866446 1.66786444595 1.77309856993 1.80349466612
9984 65536 181397.017 181442.652 183642.887 7.12591088812 7.21232209503 7.21413653677 1.78147772203 1.80308052376 1.80353413419
10976 65536 198891.712 199617.406 204518.246 7.03431747601 7.20701816955 7.2333143374 1.758579369 1.80175454239 1.80832858435
12064 65536 218762.012 221063.514 239117.217 6.61287642872 7.1529334687 7.22818643668 1.65321910718 1.78823336718 1.80704660917
13248 65536 237382.796 241576.424 260037.987 6.67764689318 7.18796075895 7.31494398608 1.6694117233 1.79699018974 1.82873599652
14560 65536 264990.741 267995.482 316678.355 6.02633015446 7.12104661526 7.2017924581 1.50658253861 1.78026165381 1.80044811452
16000 65536 291093.913 317623.016 325305.789 6.44670974484 6.60264494183 7.2043828687 1.61167743621 1.65066123546 1.80109571717
17600 32768 159671.556 159775.445 175556.503 6.57015593435 7.2190917697 7.22378881308 1.64253898359 1.80477294243 1.80594720327
19360 32768 175416.028 176472.17 183583.313 6.91117803283 7.18967166324 7.23295912275 1.72779450821 1.79741791581 1.80823978069
21280 32768 193093.041 193629.563 194047.525 7.18693052127 7.20244397804 7.222456453 1.79673263032 1.80061099451 1.80561411325
23392 32768 211532.027 212405.041 213769.426 7.17136281219 7.21742810238 7.24721515575 1.79284070305 1.80435702559 1.81180378894
25728 32768 232912.942 236595.174 258627.043 6.51946597866 7.12656213351 7.23922935978 1.62986649467 1.78164053338 1.80980733995
28288 32768 252139.665 260889.289 280369.177 6.61229022333 7.10601180718 7.35260105942 1.65307255583 1.77650295179 1.83815026485
31104 32768 275470.723 289038.975 298260.268 6.83440592899 7.05244593398 7.39981266176 1.70860148225 1.76311148349 1.84995316544
34208 16384 154834.442 158774.531 162735.805 6.88802162499 7.05987123338 7.23952454971 1.72200540625 1.76496780834 1.80988113743
37600 16384 170084.386 170932.283 186489.018 6.60669895318 7.20798188836 7.24391479415 1.65167473829 1.80199547209 1.81097869854
41344 16384 186783.293 188527.851 198922.555 6.81049060525 7.18599498596 7.25311225774 1.70262265131 1.79649874649 1.81327806444
45472 16384 205462.464 206364.207 206779.544 7.20586991913 7.22037274613 7.2520618462 1.80146747978 1.80509318653 1.81301546155
50016 16384 226487.073 227042.094 227171.356 7.21448476981 7.21859219639 7.2362818164 1.80362119245 1.8046480491 1.8090704541
55008 16384 249847.145 251362.387 287411.594 6.27150115593 7.17093024741 7.21441961644 1.56787528898 1.79273256185 1.80360490411
60480 16384 275352.825 291707.552 373910.684 5.30021934329 6.79382013394 7.19734268207 1.32505483582 1.69845503349 1.79933567052
66528 8192 153236.651 186997.302 250978.431 4.34298177599 5.8289330399 7.11314652785 1.085745444 1.45723325998 1.77828663196
73152 8192 170274.842 172566.243 179533.935 6.67574276696 6.94528864489 7.03875190206 1.66893569174 1.73632216122 1.75968797551
80448 8192 185185.269 186446.856 201779.585 6.53217733598 7.06936046162 7.11752095141 1.63304433399 1.76734011541 1.77938023785
88480 8192 201617.808 202979.389 204937.072 7.07366561771 7.14188926837 7.19012042825 1.76841640443 1.78547231709 1.79753010706
97312 8192 220998.597 223162.836 226729.714 7.03198438296 7.1443786814 7.21434357341 1.75799609574 1.78609467035 1.80358589335
107040 8192 247467.253 247906.62 258814.67 6.77605855959 7.07420947452 7.08676941591 1.6940146399 1.76855236863 1.77169235398
117728 8192 273206.441 281700.479 284015.214 6.79138108425 6.8471859148 7.06006617172 1.69784527106 1.7117964787 1.76501654293
129472 8192 294652.441 299013.813 354196.493 5.98896174842 7.09421824603 7.19922509653 1.4972404371 1.77355456151 1.79980627413
142400 4096 161532.598 171070.79 190728.178 6.11624780477 6.81905309492 7.22170518176 1.52906195119 1.70476327373 1.80542629544
156640 4096 177464.509 177925.475 185800.503 6.90630466162 7.21197950996 7.23071270549 1.7265761654 1.80299487749 1.80767817637
172288 4096 196745.183 197081.431 202413.566 6.97277027371 7.16142200124 7.17366125299 1.74319256843 1.79035550031 1.79341531325
189504 4096 214709.269 215823.802 219888.708 7.06001132173 7.1929822087 7.23032021501 1.76500283043 1.79824555218 1.80758005375
208448 4096 234762.941 236574.289 243531.581 7.01184630342 7.21805409716 7.27374605517 1.75296157585 1.80451352429 1.81843651379
229280 4096 260493.228 260688.613 262559.66 7.15365703932 7.20500116359 7.21040533154 1.78841425983 1.8012502909 1.80260133288
252192 4096 285925.254 286472.877 293013.647 7.05071891754 7.21170145542 7.2255137841 1.76267972938 1.80292536386 1.80637844603
277408 2048 157166.666 157776.742 165745.306 6.85547721032 7.20171524394 7.22967024063 1.71386930258 1.80042881098 1.80741756016
305120 2048 172849.622 173233.404 249272.351 5.01367887368 7.21437950847 7.23039776159 1.25341971842 1.80359487712 1.8075994404
335616 2048 196344.369 199913.228 261538.214 5.25614637714 6.8763990745 7.00138813759 1.31403659429 1.71909976863 1.7503470344
369152 2048 208960.247 211788.17 219118.531 6.90058748158 7.13942894922 7.23604902707 1.72514687039 1.7848572373 1.80901225677
406048 2048 228267.061 233814.866 236410.758 7.03509697304 7.11320300737 7.28608236648 1.75877424326 1.77830075184 1.82152059162
446624 2048 251879.607 255217.903 380560.214 4.80704980894 7.16788235659 7.26288215941 1.20176245224 1.79197058915 1.81572053985
491264 2048 273795.974 281546.675 318180.852 6.32413085625 7.14701157099 7.34933138206 1.58103271406 1.78675289275 1.83733284552
540384 1024 153211.518 153848.824 162417.051 6.81397935245 7.19346695819 7.22338924936 1.70349483811 1.79836673955 1.80584731234
594400 1024 168350.746 168801.868 168893.254 7.20769581478 7.21159791905 7.23092251697 1.80192395369 1.80289947976 1.80773062924
653824 1024 185985.67 189967.491 192200.504 6.96684724614 7.04874052371 7.19964904823 1.74171181154 1.76218513093 1.79991226206
719200 1024 204064.26 205856.863 233679.638 6.30316621767 7.15507648633 7.21793027353 1.57579155442 1.78876912158 1.80448256838
791104 1024 224211.33 225325.192 228573.315 7.08823333992 7.19041212223 7.22613345186 1.77205833498 1.79760303056 1.80653336297
870208 1024 244292.306 247382.039 248260.171 7.17870279724 7.20418503786 7.29530132644 1.79467569931 1.80104625947 1.82382533161
957216 1024 272379.168 273839.406 381210.318 5.14251130002 7.15886145327 7.19724045857 1.28562782501 1.78971536332 1.79931011464
1052928 512 149367.74 149952.87 175907.8 6.12933748248 7.19024765581 7.21841457868 1.53233437062 1.79756191395 1.80460364467
1158208 512 164117.811 164446.046 169835.291 6.98326587494 7.2121222787 7.22654649592 1.74581646873 1.80303056967 1.80663662398
1274016 512 180494.372 184531.867 190130.257 6.86157166452 7.06974033921 7.22788400294 1.71539291613 1.7674350848 1.80697100074
1401408 512 198421.663 201626.305 203262.617 7.06003796064 7.11733417919 7.2322838661 1.76500949016 1.7793335448 1.80807096653
1541536 512 218143.102 221598.149 228682.926 6.90271412742 7.12340275008 7.23622635567 1.72567853186 1.78085068752 1.80905658892
1695680 512 239846.125 244147.989 253144.573 6.85922790847 7.11198288838 7.23954293612 1.71480697712 1.77799572209 1.80988573403
1865248 512 263958.124 268872.513 269720.301 7.08146159158 7.10379030823 7.23604912422 1.77036539789 1.77594757706 1.80901228105
2051744 512 287162.263 295120.338 296667.75 7.08194893446 7.11908189804 7.31637170585 1.77048723361 1.77977047451 1.82909292646
2256896 256 159846.008 163335.342 173309.548 6.66743849566 7.07459107044 7.22902477489 1.66685962391 1.76864776761 1.80725619372
2482560 256 176084.673 178951.169 182932.665 6.94829827139 7.10289140386 7.21851992195 1.73707456785 1.77572285096 1.80462998049
2730816 256 193762.12 197167.233 206571.714 6.76848618296 7.09132937926 7.2159501145 1.69212154574 1.77283234481 1.80398752863
3003872 256 213330.857 216905.64 234792.338 6.55039460444 7.09056004261 7.20937648509 1.63759865111 1.77264001065 1.80234412127
3304256 256 234226.614 240463.585 347987.179 4.86161322627 7.03548968548 7.22283024593 1.21540330657 1.75887242137 1.80570756148
3634656 256 255548.488 286105.305 290037.775 6.41621206755 6.50440183904 7.2821556745 1.60405301689 1.62610045976 1.82053891863
3998112 256 281267.849 365950.752 466353.356 4.38944700979 5.59373995767 7.27787890183 1.09736175245 1.39843498942 1.81946972546
4397920 128 157572.479 180882.153 182293.768 6.17611634425 6.2243151208 7.14507715526 1.54402908606 1.5560787802 1.78626928881
4837696 128 174701.347 181814.86 265025.816 4.67294165788 6.81160041594 7.08895608 1.16823541447 1.70290010398 1.77223902
5321440 128 192028.283 348959.669 460440.127 2.95866619809 3.90385698125 7.09420830472 0.739666549523 0.975964245312 1.77355207618
5853568 128 211735.405 241604.588 363446.054 4.12306968671 6.20233837612 7.07729256711 1.03076742168 1.55058459403 1.76932314178
6438912 128 232981.743 392235.968 396427.227 4.15804303976 4.20247403726 7.0750671309 1.03951075994 1.05061850932 1.76876678273
7082784 128 256850.703 257181.697 280650.995 6.46066729249 7.05024006432 7.0593254479 1.61516682312 1.76256001608 1.76483136198
7791040 128 278219.713 285510.43 301133.544 6.62332802087 6.98575614208 7.16881711398 1.65583200522 1.74643903552 1.79220427849
8570144 64 155872.929 157650.286 168459.094 6.51183860694 6.95830283492 7.037645594 1.62795965174 1.73957570873 1.7594113985
9427136 64 172177.758 173344.79 183813.046 6.56467772151 6.96111725077 7.00830015454 1.64116943038 1.74027931269 1.75207503864
10369824 64 188271.218 206211.13 212933.16 6.23358744124 6.43678870292 7.05013483261 1.55839686031 1.60919717573 1.76253370815
11406784 64 207066.933 208340.897 232790.686 6.27202220625 7.00807365728 7.05119031246 1.56800555156 1.75201841432 1.76279757811
12547456 64 227350.031 311574.815 596643.669 2.6918485043 5.15469893804 7.06432438534 0.672962126076 1.28867473451 1.76608109633
13802176 64 248203.065 250068.307 491254.043 3.59626257162 7.06478381525 7.11787555081 0.899065642906 1.76619595381 1.7794688877
15182368 64 273128.154 282644.441 307928.296 6.31102477182 6.87557518246 7.11513286177 1.57775619295 1.71889379562 1.77878321544
16700576 64 296898.327 370409.015 531510.58 4.02188368104 5.77111690438 7.20001944639 1.00547092026 1.44277922609 1.8000048616
18370624 32 167617.086 224648.111 269730.327 4.35887187428 5.23360704333 7.01432034202 1.08971796857 1.30840176083 1.75358008551
20207680 32 183639.584 203471.561 227058.818 5.69584362057 6.35612914967 7.04255309139 1.42396090514 1.58903228742 1.76063827285
22228448 32 202402.702 219060.551 427294.242 3.32937009715 6.49418923446 7.02866442959 0.832342524288 1.62354730862 1.7571661074
24451264 32 222813.931 240228.989 407067.609 3.84427761237 6.51412180734 7.02326326265 0.961069403093 1.62853045183 1.75581581566
26896384 32 243039.848 364479.135 477428.9 3.60549722901 4.72281788092 7.08265986078 0.901374307253 1.18070447023 1.7706649652
29586016 32 265928.398 292268.452 299182.484 6.32893008536 6.47865005971 7.12035660065 1.58223252134 1.61966251493 1.78008915016
32544608 32 302192.89 319764.856 344936.864 6.03836565291 6.51370803551 6.8924682907 1.50959141323 1.62842700888 1.72311707268
35799040 16 162652.376 171429.128 193260.234 5.92759957023 6.68246577093 7.04305284787 1.48189989256 1.67061644273 1.76076321197
39378944 16 178670.811 194365.617 199235.809 6.32479780781 6.48327737925 7.05278159844 1.58119945195 1.62081934481 1.76319539961
43316832 16 196528.21 212900.674 227971.417 6.08031762157 6.51072914875 7.05312801658 1.52007940539 1.62768228719 1.76328200415
47648512 16 216136.652 241306.56 430007.824 3.54587125838 6.31873573599 7.05457575053 0.886467814595 1.579683934 1.76364393763
52413344 16 236057.711 411678.705 412777.131 4.06327502674 4.07411650792 7.10515661994 1.01581875668 1.01852912698 1.77628915499
57654656 16 259784.562 437603.2 542405.801 3.4014182529 4.21603176576 7.1018423027 0.850354563225 1.05400794144 1.77546057568
63420096 16 297298.26 473877.234 610021.099 3.32684078522 4.28263467073 6.82628641015 0.831710196306 1.07065866768 1.70657160254
69762080 8 158382.215 186183.659 362152.376 3.08210950409 5.99511947501 7.0474660302 0.770527376024 1.49877986875 1.76186650755
76738272 8 177583.692 198037.731 383067.691 3.2052098907 6.19989102986 6.91399271055 0.801302472674 1.54997275746 1.72849817764
84412096 8 196178.481 209673.374 446461.589 3.02510578575 6.44141652435 6.88451418889 0.756276446438 1.61035413109 1.72112854722
92853280 8 275485.207 287909.722 519116.375 2.86188714428 5.1601330781 5.39285755551 0.715471786071 1.29003326953 1.34821438888
102138592 8 256177.085 295170.324 527085.961 3.10047618969 5.53652362424 6.3792492291 0.775119047422 1.38413090606 1.59481230728
112352448 8 279203.567 311498.083 613291.26 2.93113449554 5.77094777177 6.43845344569 0.732783623885 1.44273694294 1.60961336142
123587680 8 304970.932 433311.631 643502.232 3.07287649004 4.56346596429 6.48390607928 0.76821912251 1.14086649107 1.62097651982
135946432 4 181833.993 259886.971 339096.318 3.20726412606 4.18478637777 5.98112288058 0.801816031515 1.04619659444 1.49528072015
149541056 4 188760.333 269132.054 346167.703 3.45592161727 4.44513550214 6.33781700311 0.863980404319 1.11128387554 1.58445425078
164495136 4 205070.734 216079.539 347811.308 3.7835488891 6.09016982399 6.41710819643 0.945887222275 1.522542456 1.60427704911
180944640 4 214223.122 233124.657 397031.635 3.64594906902 6.2093694362 6.75724033188 0.911487267255 1.55234235905 1.68931008297
199039104 4 251711.224 282278.362 398013.639 4.00064891244 5.64093124502 6.32595085231 1.00016222811 1.41023281126 1.58148771308
218943008 4 288910.565 291189.538 358192.796 4.88994776992 6.0151339091 6.06258225275 1.22248694248 1.50378347728 1.51564556319
240837280 4 270370.433 307599.413 319779.659 6.02508066343 6.2636603276 7.12614252462 1.50627016586 1.5659150819 1.78153563115
264920992 4 295817.551 380825.005 395774.465 5.3549890744 5.56520162325 7.16444284268 1.3387472686 1.39130040581 1.79111071067
291413088 2 179507.944 184432.11 193169.282 6.03435670481 6.32022456393 6.49359758697 1.5085891762 1.58005614098 1.62339939674
320554368 2 182407.647 207680.543 213313.573 6.01095117374 6.17398940449 7.02940634939 1.50273779344 1.54349735112 1.75735158735
352609792 2 200640.938 221578.672 225504.809 6.25458576362 6.36541033155 7.02966793347 1.56364644091 1.59135258289 1.75741698337
387870752 2 219819.265 242822.001 256638.712 6.04539742235 6.38938399985 7.05799379322 1.51134935559 1.59734599996 1.7644984483
426657824 2 240142.856 271686.359 272726.896 6.25765672924 6.28162305344 7.10673356862 1.56441418231 1.57040576336 1.77668339216
469323584 2 278197.735 294895.666 309428.371 6.06697546813 6.36596109215 6.74805758573 1.51674386703 1.59149027304 1.68701439643
516255936 2 288854.534 321969.579 329468.683 6.26773909191 6.41372315488 7.14900927953 1.56693477298 1.60343078872 1.78725231988
567881504 1 163921.237 174599.239 185837.558 6.11159025239 6.50497112419 6.92871179346 1.5278975631 1.62624278105 1.73217794836
624669632 1 177630.099 202315.875 203486.262 6.13967376333 6.17519146236 7.03337593704 1.53491844083 1.54379786559 1.75834398426
687136576 1 198216.109 214383.452 219831.141 6.25149442317 6.41035088846 6.93320618053 1.56287360579 1.60258772212 1.73330154513
755850208 1 228479.187 235041.871 247664.554 6.10382225306 6.43162177687 6.61635939732 1.52595556327 1.60790544422 1.65408984933
831435200 1 256727.566 272639.122 277273.272 5.99722572611 6.09916283401 6.47717900305 1.49930643153 1.5247907085 1.61929475076
914578720 1 257042.393 283531.771 297418.453 6.15011416255 6.45133148059 7.11617028869 1.53752854064 1.61283287015 1.77904257217
1006036576 1 281290.224 310871.243 330106.22 6.09522944463 6.47236821452 7.15301485913 1.52380736116 1.61809205363 1.78825371478

META_DATA
ERT_VERSION  1.1.0
TIMESTAMP_DATA  1535254254.51
CONFIG  {'ERT_WORKING_SET_MIN': ['1'], 'ERT_CFLAGS': [], 'ERT_CC': ['gcc'], 'ERT_MPI_CFLAGS': ['-I/usr/include/mpi'], 'ERT_MPI_LDFLAGS': ['-lmpi'], 'ERT_MEMORY_MAX': ['1073741824'], 'ERT_PROCS_THREADS': ['1-4'], 'ERT_LDFLAGS': [], 'ERT_LDLIBS': [], 'ERT_RUN': ['export', 'OMP_NUM_THREADS=ERT_OPENMP_THREADS;', 'mpirun', '-np', 'ERT_MPI_PROCS', 'ERT_CODE'], 'ERT_FLOPS': ['1,2,4'], 'ERT_OPENMP_CFLAGS': ['-fopenmp'], 'ERT_MPI': ['False'], 'ERT_TRIALS_MIN': ['1'], 'ERT_DRIVER': ['driver1'], 'ERT_RESULTS': ['Results/myLaptop'], 'ERT_OPENMP': ['True'], 'ERT_MPI_PROCS': ['1,2,4,8'], 'ERT_KERNEL': ['kernel1'], 'ERT_GPU': [False], 'ERT_OPENMP_THREADS': ['1,2,4'], 'ERT_LD': ['gcc'], 'ERT_NUM_EXPERIMENTS': ['3'], 'ERT_OPENMP_LDFLAGS': ['-fopenmp'], 'ERT_ALIGN': ['64'], 'ERT_GNUPLOT': ['gnuplot']}
UNAME  ('Linux', 'atajo-Inspiron-15-7568', '4.15.0-33-generic', '#36-Ubuntu SMP Wed Aug 15 16:00:05 UTC 2018', 'x86_64', 'x86_64')
HOSTNAME  ('atajo-Inspiron-15-7568', [], ['127.0.1.1'])
OPENMP_THREADS 4
FLOPS          4
TIMESTAMP_DATA  1535254345.71
TIMESTAMP_DATA  1535254422.51
