32 33554432 1261673.247 1263251.612 1264234.671 1.69864321653 1.69996509611 1.7020917683 1.69864321653 1.69996509611 1.7020917683
64 16777216 896852.339 900472.253 1004385.695 2.13810656473 2.38484155491 2.39446735501 2.13810656473 2.38484155491 2.39446735501
96 8388608 661016.851 662192.502 690688.259 2.33189534499 2.43224248407 2.43656834703 2.33189534499 2.43224248407 2.43656834703
128 8388608 877260.654 880335.966 982348.83 2.18607034733 2.43939101768 2.44794251082 2.18607034733 2.43939101768 2.44794251082
160 4194304 545892.371 546198.791 546317.619 2.45677099424 2.4573054758 2.45868480913 2.45677099424 2.4573054758 2.45868480913
192 4194304 654189.897 654320.824 655093.666 2.45859915855 2.46150309898 2.46199573455 2.45859915855 2.46150309898 2.46199573455
224 4194304 760567.206 760610.144 761097.707 2.46886592184 2.47044850351 2.47058797326 2.46886592184 2.47044850351 2.47058797326
256 4194304 870460.469 870975.256 874896.533 2.45455727277 2.46560810219 2.46706625341 2.45455727277 2.46560810219 2.46706625341
288 2097152 487570.202 487721.585 488734.348 2.47160764727 2.47673998681 2.47750897624 2.47160764727 2.47673998681 2.47750897624
320 2097152 541115.621 541757.745 543679.554 2.4686918427 2.47744917795 2.48038908491 2.4686918427 2.47744917795 2.48038908491
352 2097152 594742.358 594805.963 595818.432 2.47792771876 2.48214560687 2.48241106109 2.47792771876 2.48214560687 2.48241106109
384 2097152 649210.708 649236.861 649273.696 2.48063758924 2.4807783303 2.48087826672 2.48063758924 2.4807783303 2.48087826672
416 2097152 703244.799 703388.414 706927.033 2.46819032595 2.48060734193 2.48111392574 2.46819032595 2.48060734193 2.48111392574
448 2097152 765839.932 771058.899 771692.037 2.43497159735 2.43697102055 2.45357823938 2.43497159735 2.43697102055 2.45357823938
480 2097152 813641.497 823689.237 825125.541 2.43995103771 2.44420569016 2.47438943002 2.43995103771 2.44420569016 2.47438943002
512 2097152 866325.815 872282.551 876923.759 2.448882957 2.4619128808 2.47884065189 2.448882957 2.4619128808 2.47884065189
544 1048576 458900.854 461379.14 465424.515 2.45120454817 2.472696724 2.48605047922 2.45120454817 2.472696724 2.48605047922
576 1048576 489287.636 493627.184 495173.515 2.43946720777 2.44710905549 2.46881274556 2.43946720777 2.44710905549 2.46881274556
608 1048576 523850.302 525373.355 525986.398 2.42414712785 2.42697579515 2.43403203383 2.42414712785 2.42697579515 2.43403203383
640 1048576 553956.813 554225.283 565033.306 2.37539498247 2.42171788471 2.42289154768 2.37539498247 2.42171788471 2.42289154768
704 1048576 592906.341 593746.521 600262.877 2.45958073466 2.48657458323 2.49009819242 2.45958073466 2.48657458323 2.49009819242
768 1048576 647419.668 652408.87 655610.349 2.45666154974 2.46871679718 2.48774143822 2.45666154974 2.46871679718 2.48774143822
832 1048576 700513.917 702650.828 702713.648 2.48298929296 2.48321128286 2.49078629511 2.48298929296 2.48321128286 2.49078629511
896 1048576 755060.381 758656.771 760766.544 2.46994062347 2.47680936074 2.48860652642 2.46994062347 2.47680936074 2.48860652642
960 1048576 823825.152 824031.638 826170.84 2.43686392998 2.44319007567 2.44380244414 2.43686392998 2.44319007567 2.44380244414
1056 524288 449449.682 451618.287 488478.198 2.26682840817 2.45184105222 2.4636712414 2.26682840817 2.45184105222 2.4636712414
1152 524288 487328.684 492882.007 517595.246 2.33379182157 2.45080878353 2.47873681903 2.33379182157 2.45080878353 2.47873681903
1248 524288 524594.66 524737.416 531594.216 2.46169504598 2.49386227873 2.49454092423 2.46169504598 2.49386227873 2.49454092423
1344 524288 573415.876 574418.984 578528.885 2.43598233475 2.45341150494 2.45770339292 2.43598233475 2.45341150494 2.45770339292
1472 524288 624332.181 625716.532 646162.04 2.38872570106 2.46677815442 2.4722478177 2.38872570106 2.46677815442 2.4722478177
1600 524288 678929.397 678953.333 702557.767 2.38801943243 2.47104111351 2.47112823132 2.38801943243 2.47104111351 2.47112823132
1760 524288 739223.946 745576.118 746001.656 2.47384673366 2.47525868311 2.49652865006 2.47384673366 2.47525868311 2.49652865006
1920 524288 812181.759 815526.405 816237.391 2.46652008619 2.46867042889 2.47883666149 2.46652008619 2.46867042889 2.47883666149
2112 262144 446738.891 446920.37 448198.225 2.47055029279 2.47761420228 2.47862068494 2.47055029279 2.47761420228 2.47862068494
2304 262144 484224.822 486584.892 487021.936 2.48029803734 2.48252580764 2.49462542422 2.48029803734 2.48252580764 2.49462542422
2528 262144 535823.514 537104.637 538438.742 2.46156147508 2.46767570543 2.47357577518 2.46156147508 2.46767570543 2.47357577518
2752 262144 583193.713 585004.765 585261.009 2.46529420859 2.46637405765 2.47403314514 2.46529420859 2.46637405765 2.47403314514
3008 262144 636093.245 636500.616 638862.256 2.46854198881 2.47770114334 2.47928792893 2.46854198881 2.47770114334 2.47928792893
3296 262144 697115.296 699167.629 699663.764 2.46983385008 2.47158646414 2.47886290534 2.46983385008 2.47158646414 2.47886290534
3616 262144 764457.945 766449.202 766763.948 2.47250201701 2.47351736169 2.47996036983 2.47250201701 2.47351736169 2.47996036983
3968 262144 838761.666 840611.079 868522.635 2.39530289732 2.47483626611 2.48029311344 2.39530289732 2.47483626611 2.48029311344
4352 131072 459444.13 459693.789 460546.773 2.47716574056 2.48176224108 2.4831108148 2.47716574056 2.48176224108 2.4831108148
4768 131072 503910.419 504593.373 505974.257 2.47028890246 2.47704916251 2.48040632794 2.47028890246 2.47704916251 2.48040632794
5216 131072 549858.482 550139.025 550974.096 2.48168310258 2.4854501169 2.48671821707 2.48168310258 2.4854501169 2.48671821707
5728 131072 604354.254 604518.088 613072.488 2.4492386486 2.48389727587 2.48457063396 2.4492386486 2.48389727587 2.48457063396
6272 131072 661358.642 661664.037 671242.097 2.44943988964 2.4848972833 2.48604473214 2.44943988964 2.4848972833 2.48604473214
6880 131072 726218.378 726472.667 735674.279 2.45156147426 2.4826133204 2.48348261988 2.45156147426 2.4826133204 2.48348261988
7552 131072 796706.587 797220.006 805010.54 2.45923672999 2.48326870011 2.48486898477 2.45923672999 2.48326870011 2.48486898477
8288 65536 437082.691 437205.761 441224.696 2.46206693743 2.48469904311 2.48539866338 2.46206693743 2.48469904311 2.48539866338
9088 65536 479342.472 479432.68 483285.953 2.46475679379 2.48456641712 2.48503399048 2.46475679379 2.48456641712 2.48503399048
9984 65536 526388.676 528179.164 530070.838 2.46876974583 2.47761164619 2.48603913356 2.46876974583 2.47761164619 2.48603913356
10976 65536 577815.122 581934.232 629309.979 2.28606937758 2.47218017585 2.48980377499 2.28606937758 2.47218017585 2.48980377499
12064 65536 636560.547 637097.577 638393.982 2.47692279781 2.48196299136 2.48405688265 2.47692279781 2.48196299136 2.48405688265
13248 65536 700338.078 701382.927 721982.256 2.40510323013 2.47574012591 2.47943373429 2.40510323013 2.47574012591 2.47943373429
14560 65536 766339.807 768487.366 770469.307 2.4769426928 2.48333076695 2.49028995045 2.4769426928 2.48333076695 2.49028995045
16000 65536 842229.095 842681.164 846025.428 2.47882856779 2.48866604547 2.49000184445 2.47882856779 2.48866604547 2.49000184445
17600 32768 463458.102 465322.75 465650.394 2.47703774089 2.47878187774 2.48875485189 2.47703774089 2.47878187774 2.48875485189
19360 32768 508784.973 509247.133 511858.246 2.47876627937 2.49147590194 2.49373905939 2.47876627937 2.49147590194 2.49373905939
21280 32768 561035.542 562073.068 564135.232 2.47211306951 2.48118289133 2.485771356 2.47211306951 2.48118289133 2.485771356
23392 32768 615074.032 615244.038 643580.376 2.38201500414 2.49172363699 2.49241234753 2.38201500414 2.49172363699 2.49241234753
25728 32768 677398.185 678455.834 703209.746 2.39773441365 2.48521734725 2.48909761694 2.39773441365 2.48521734725 2.48909761694
28288 32768 745581.723 746215.861 746322.218 2.48402408944 2.48437813358 2.48649116631 2.48402408944 2.48437813358 2.48649116631
31104 32768 817745.37 820264.905 822167.259 2.47933947951 2.48508955043 2.49274629828 2.47933947951 2.48508955043 2.49274629828
34208 16384 449224.671 450306.769 451193.049 2.48436394684 2.48925359592 2.49524974108 2.48436394684 2.48925359592 2.49524974108
37600 16384 494729.138 495149.31 495434.769 2.48685977871 2.48829348061 2.49040678093 2.48685977871 2.48829348061 2.49040678093
41344 16384 544124.945 545485.966 545844.885 2.48195087877 2.48358395347 2.48979614783 2.48195087877 2.48358395347 2.48979614783
45472 16384 597732.683 599264.764 602001.709 2.47512004322 2.48642434114 2.49279742998 2.47512004322 2.48642434114 2.49279742998
50016 16384 658200.78 659851.163 660663.537 2.48072459915 2.48377873663 2.49000660254 2.48072459915 2.48377873663 2.49000660254
55008 16384 724287.66 725202.406 727132.736 2.47891760989 2.48551594574 2.48865505178 2.47891760989 2.48551594574 2.48865505178
60480 16384 796831.671 797101.002 837967.814 2.36501761391 2.48627041621 2.48711078152 2.36501761391 2.48627041621 2.48711078152
66528 8192 438117.349 438586.651 439122.759 2.48220965473 2.48524379279 2.48790593317 2.48220965473 2.48524379279 2.48790593317
73152 8192 482924.011 483532.305 485868.398 2.46676337241 2.47868106351 2.48180322515 2.46676337241 2.47868106351 2.48180322515
80448 8192 531783.817 532280.158 532953.27 2.47312495521 2.47625242495 2.47856363783 2.47312495521 2.47625242495 2.47856363783
88480 8192 585374.222 585730.293 585872.339 2.47435528783 2.47495534604 2.47646081006 2.47435528783 2.47495534604 2.47646081006
97312 8192 643716.113 644301.169 686909.11 2.32106371103 2.47455675189 2.47680580896 2.32106371103 2.47455675189 2.47680580896
107040 8192 708178.251 708469.042 708552.898 2.47510576126 2.47539872039 2.47641516458 2.47510576126 2.47539872039 2.47641516458
117728 8192 778917.745 778927.45 779061.417 2.47587097745 2.47629680017 2.47632765383 2.47587097745 2.47629680017 2.47632765383
129472 8192 856838.939 857525.254 858657.759 2.47044788889 2.47371052701 2.47569193164 2.47044788889 2.47371052701 2.47569193164
142400 4096 471012.592 471095.782 471131.665 2.47603989853 2.47622849657 2.47666584676 2.47603989853 2.47622849657 2.47666584676
156640 4096 517990.65 518104.653 518457.73 2.4750231422 2.47670981639 2.47725490798 2.4750231422 2.47670981639 2.47725490798
172288 4096 569851.865 570602.923 571402.172 2.47003488114 2.47349468275 2.4767547194 2.47003488114 2.47349468275 2.4767547194
189504 4096 626158.274 627036.592 629097.474 2.46768876392 2.47579931986 2.47927214645 2.46768876392 2.47579931986 2.47927214645
208448 4096 689306.912 689879.29 693524.661 2.46221383611 2.47522434831 2.47727969395 2.46221383611 2.47522434831 2.47727969395
229280 4096 758140.788 758157.177 758375.521 2.47669091102 2.4774041808 2.47745773573 2.47669091102 2.4774041808 2.47745773573
252192 4096 834310.725 834845.074 835400.405 2.47301396029 2.47465898565 2.47624392459 2.47301396029 2.47465898565 2.47624392459
277408 2048 459233.345 459303.975 459445.665 2.47311761664 2.47388054501 2.47426102737 2.47311761664 2.47388054501 2.47426102737
305120 2048 504646.862 504718.437 505532.707 2.47218726443 2.47617568209 2.47652688267 2.47218726443 2.47617568209 2.47652688267
335616 2048 554990.561 555445.675 557238.137 2.46695810054 2.47491914668 2.47694867733 2.46695810054 2.47491914668 2.47694867733
369152 2048 610575.331 611125.294 612654.672 2.46802425755 2.47420063749 2.47642922213 2.46802425755 2.47420063749 2.47642922213
406048 2048 672038.78 672407.132 674383.28 2.46621269733 2.47346068899 2.47481642056 2.46621269733 2.47346068899 2.47481642056
446624 2048 741041.604 741684.731 746132.834 2.45180458578 2.46650878404 2.46864939043 2.45180458578 2.46650878404 2.46864939043
491264 2048 812601.79 812732.891 815618.434 2.46710625964 2.47586552271 2.47626496614 2.46710625964 2.47586552271 2.47626496614
540384 1024 447579.119 448287.732 478706.166 2.31187001673 2.46874128601 2.47264982887 2.31187001673 2.46874128601 2.47264982887
594400 1024 491572.987 492137.366 493073.818 2.46886197474 2.47355979062 2.47639970501 2.46886197474 2.47355979062 2.47639970501
653824 1024 541094.346 541149.151 542894.248 2.46646848246 2.47442234646 2.47467296951 2.46646848246 2.47442234646 2.47467296951
719200 1024 595296.145 596169.544 597536.81 2.46498889332 2.47064214337 2.47426698858 2.46498889332 2.47064214337 2.47426698858
791104 1024 654566.962 654777.941 656418.389 2.46821390008 2.4743976401 2.47519518408 2.46821390008 2.4743976401 2.47519518408
870208 1024 720093.296 721112.347 721216.478 2.47108328548 2.47144011805 2.47493761419 2.47108328548 2.47144011805 2.47493761419
957216 1024 791852.182 791993.057 858273.306 2.2840957004 2.47524691116 2.47568727164 2.2840957004 2.47524691116 2.47568727164
1052928 512 435479.671 435520.767 436604.092 2.46951023079 2.4756529509 2.47588657703 2.46951023079 2.4756529509 2.47588657703
1158208 512 479329.244 481491.74 481960.965 2.46079055801 2.46318865615 2.47430134265 2.46079055801 2.46318865615 2.47430134265
1274016 512 526805.768 527449.079 527717.48 2.47214169218 2.47339968149 2.47642008354 2.47214169218 2.47339968149 2.47642008354
1401408 512 579599.125 579811.224 580755.125 2.47099290256 2.47501554402 2.47592125333 2.47099290256 2.47501554402 2.47592125333
1541536 512 637789.271 638293.466 638753.2 2.47127194666 2.4730518924 2.47500692748 2.47127194666 2.4730518924 2.47500692748
1695680 512 701548.091 702064.537 702962.059 2.47008540186 2.47324316853 2.47506385132 2.47008540186 2.47324316853 2.47506385132
1865248 512 772624.882 772898.841 775823.177 2.46191917002 2.47123407447 2.47211032999 2.46191917002 2.47123407447 2.47211032999
2051744 512 850294.359 851503.675 912307.684 2.30293561355 2.46738319244 2.47089238422 2.30293561355 2.46738319244 2.47089238422
2256896 256 466714.331 466754.584 466807.755 2.47538893607 2.47567092346 2.47588444418 2.47538893607 2.47567092346 2.47588444418
2482560 256 513661.964 515438.608 543758.33 2.33756551371 2.4659982785 2.47452762533 2.33756551371 2.4659982785 2.47452762533
2730816 256 564631.989 565275.476 566754.401 2.46699062157 2.47344498632 2.47626386609 2.46699062157 2.47344498632 2.47626386609
3003872 256 621775.852 621942.078 624040.742 2.4645545723 2.47287089651 2.47353199558 2.4645545723 2.47287089651 2.47353199558
3304256 256 684180.498 684459.254 686296.41 2.46508512554 2.47170165662 2.47270870325 2.46508512554 2.47170165662 2.47270870325
3634656 256 753137.9 753449.848 758209.796 2.45439175518 2.46989746821 2.47092049411 2.45439175518 2.46989746821 2.47092049411
3998112 256 828586.741 828728.382 832037.486 2.4602657674 2.47008958359 2.4705118278 2.4602657674 2.47008958359 2.4705118278
4397920 128 456150.294 456500.029 456635.952 2.46556915869 2.46630328253 2.46819422197 2.46556915869 2.46630328253 2.46819422197
4837696 128 501989.304 502308.109 503139.465 2.46144511045 2.46551897891 2.46708478872 2.46144511045 2.46551897891 2.46708478872
5321440 128 551675.768 552733.272 554834.054 2.45530826772 2.46464019629 2.46936465043 2.45530826772 2.46464019629 2.46936465043
5853568 128 607170.958 607830.071 609462.91 2.4587442212 2.46534924726 2.46802550131 2.4587442212 2.46534924726 2.46802550131
6438912 128 668314.632 670333.384 670830.729 2.45719434239 2.45901742528 2.46644528351 2.45719434239 2.45901742528 2.46644528351
7082784 128 734612.477 735075.282 736853.954 2.46072195739 2.46667620093 2.46823020405 2.46072195739 2.46667620093 2.46823020405
7791040 128 807980.573 810043.202 812349.961 2.45523030191 2.46222205813 2.46850766794 2.45523030191 2.46222205813 2.46850766794
8570144 64 444755.557 444767.512 528730.448 2.07474042047 2.46640863463 2.46647493153 2.07474042047 2.46640863463 2.46647493153
9427136 64 488370.555 490934.607 492507.703 2.45005996992 2.45791066833 2.47081523578 2.45005996992 2.45791066833 2.47081523578
10369824 64 537702.364 538076.538 538087.296 2.46676976369 2.4668190829 2.46853568232 2.46676976369 2.4668190829 2.46853568232
11406784 64 590897.054 592437.885 593533.356 2.45996006331 2.46450875099 2.47093523672 2.45996006331 2.46450875099 2.47093523672
12547456 64 650079.626 650316.547 651779.022 2.46413939969 2.46968091987 2.4705809931 2.46413939969 2.46968091987 2.4705809931
13802176 64 714399.071 715752.023 717286.835 2.46300146858 2.46828296844 2.47295748233 2.46300146858 2.46828296844 2.47295748233
15182368 64 786144.788 787160.255 788722.236 2.46391316905 2.46880237113 2.47199133501 2.46391316905 2.46880237113 2.47199133501
16700576 64 865942.506 867036.637 868811.173 2.46045837626 2.46549411729 2.46860930511 2.46045837626 2.46549411729 2.46860930511
18370624 32 476201.202 476317.894 476478.936 2.46751712861 2.46835139055 2.46895625434 2.46751712861 2.46835139055 2.46895625434
20207680 32 523097.265 523740.861 525519.241 2.46097843637 2.46933477279 2.47237293431 2.46097843637 2.46933477279 2.47237293431
22228448 32 575010.303 575745.167 575811.294 2.47063697226 2.47092073636 2.47407857664 2.47063697226 2.47092073636 2.47407857664
24451264 32 632687.03 632742.543 635368.976 2.46294823183 2.4731716135 2.47338861364 2.46294823183 2.4731716135 2.47338861364
26896384 32 696085.02 697904.526 698501.93 2.46437196816 2.46648146254 2.47292863162 2.46437196816 2.46648146254 2.47292863162
29586016 32 765530.526 765537.293 766626.317 2.46991915358 2.47343276587 2.47345463008 2.46991915358 2.47343276587 2.47345463008
32544608 32 842608.185 843308.653 848636.602 2.45435432209 2.46986071421 2.47191393233 2.45435432209 2.46986071421 2.47191393233
35799040 16 463900.609 464260.894 465589.449 2.46047087721 2.4675118986 2.46942827359 2.46047087721 2.4675118986 2.46942827359
39378944 16 509605.359 510193.868 512184.545 2.46029721182 2.46989681185 2.47274912978 2.46029721182 2.46989681185 2.47274912978
43316832 16 560928.988 563255.069 573332.202 2.41768841723 2.4609430084 2.47114813756 2.41768841723 2.4609430084 2.47114813756
47648512 16 616491.915 617132.156 617859.065 2.46779964942 2.47070642678 2.4732723121 2.46779964942 2.47070642678 2.4732723121
52413344 16 677949.964 680212.21 701462.952 2.39104147014 2.46574081344 2.47396872492 2.39104147014 2.46574081344 2.47396872492
57654656 16 746197.415 746725.252 747421.092 2.46841975929 2.47071996971 2.47246768069 2.46841975929 2.47071996971 2.47246768069
63420096 16 820371.244 820761.306 821564.99 2.47021610792 2.47263492707 2.47381059105 2.47021610792 2.47263492707 2.47381059105
69762080 8 450864.879 450947.777 451768.014 2.47072224108 2.47521628208 2.47567138624 2.47072224108 2.47521628208 2.47567138624
76738272 8 496304.41 496390.502 499162.707 2.45974375646 2.47348075165 2.47390981676 2.45974375646 2.47348075165 2.47390981676
84412096 8 545784.768 548015.947 551949.844 2.44694975582 2.46451502624 2.47459001274 2.44694975582 2.46451502624 2.47459001274
92853280 8 601103.404 601289.953 601586.432 2.46955782407 2.4707754929 2.47154228393 2.46955782407 2.4707754929 2.47154228393
102138592 8 660002.236 663340.249 710586.615 2.29981460036 2.46361874538 2.47607869013 2.29981460036 2.46361874538 2.47607869013
112352448 8 726976.419 728897.181 790138.581 2.27509352312 2.46624519186 2.472761318 2.27509352312 2.46624519186 2.472761318
123587680 8 800483.976 801525.332 801638.626 2.46670109931 2.46704976256 2.47025916731 2.46670109931 2.46704976256 2.47025916731
135946432 4 439100.316 439471.816 440689.041 2.46788858995 2.47472401279 2.47681774841 2.46788858995 2.47472401279 2.47681774841
149541056 4 483907.123 483962.048 485121.484 2.46603889429 2.47194682505 2.47222739889 2.46603889429 2.47194682505 2.47222739889
164495136 4 531405.014 533000.508 534685.635 2.46118654001 2.46896779318 2.47638063874 2.46118654001 2.46896779318 2.47638063874
180944640 4 584630.295 585450.311 587056.693 2.46578761006 2.47255333681 2.47602139742 2.46578761006 2.47255333681 2.47602139742
199039104 4 643862.612 644246.239 645203.513 2.46792337598 2.47159041933 2.47306304532 2.46792337598 2.47159041933 2.47306304532
218943008 4 708562.736 709589.498 735066.903 2.38283625185 2.46839062435 2.47196751256 2.38283625185 2.46839062435 2.47196751256
240837280 4 779277.749 779479.56 779897.882 2.47044938122 2.47177519318 2.47241531338 2.47044938122 2.47177519318 2.47241531338
264920992 4 855928.737 858992.791 888700.486 2.38479439292 2.46727092265 2.47610325998 2.38479439292 2.46727092265 2.47610325998
291413088 2 470913.171 471561.225 472723.13 2.46582466147 2.47190033913 2.47530208069 2.46582466147 2.47190033913 2.47530208069
320554368 2 518608.741 518671.293 518937.462 2.47085162643 2.47211960505 2.47241777978 2.47085162643 2.47211960505 2.47241777978
352609792 2 569727.048 570622.755 572826.018 2.4622470413 2.47175415919 2.47564017357 2.4622470413 2.47175415919 2.47564017357
387870752 2 627548.612 629200.422 629354.548 2.46519710222 2.4658009654 2.47229135454 2.46519710222 2.4658009654 2.47229135454
426657824 2 689577.726 690725.566 693781.852 2.45989613461 2.4707805531 2.47489330304 2.45989613461 2.4707805531 2.47489330304
469323584 2 759600.236 759776.853 759974.343 2.47020751857 2.47084960352 2.4714241084 2.47020751857 2.47084960352 2.4714241084
516255936 2 834945.263 835206.648 835845.221 2.47058150495 2.47247043465 2.47324445746 2.47058150495 2.47247043465 2.47324445746
567881504 1 458966.183 459778.575 461865.983 2.45907481781 2.47023908846 2.47461152928 2.45907481781 2.47023908846 2.47461152928
624669632 1 504764.632 505457.201 505549.528 2.47124998602 2.47170138546 2.47509271608 2.47124998602 2.47170138546 2.47509271608
687136576 1 554920.605 555765.714 558153.669 2.46217704609 2.4727562665 2.47652211797 2.46217704609 2.4727562665 2.47652211797
755850208 1 610467.688 611235.699 611901.05 2.47049815652 2.47318737841 2.47629882091 2.47049815652 2.47318737841 2.47629882091
831435200 1 672498.762 675245.707 700066.559 2.37530328884 2.4626152862 2.4726742917 2.37530328884 2.4626152862 2.4726742917
914578720 1 739580.424 740281.193 776269.386 2.35634365207 2.47089546148 2.47323669021 2.35634365207 2.47089546148 2.47323669021
1006036576 1 813307.189 813486.723 814387.725 2.4706575139 2.47339396589 2.47393995678 2.4706575139 2.47339396589 2.47393995678

META_DATA
ERT_VERSION  1.1.0
FLOPS          16
TIMESTAMP_DATA  1535263794.85
UNAME  ('Linux', 'atajo-Inspiron-15-7568', '4.15.0-33-generic', '#36-Ubuntu SMP Wed Aug 15 16:00:05 UTC 2018', 'x86_64', 'x86_64')
HOSTNAME  ('atajo-Inspiron-15-7568', [], ['127.0.1.1'])
TIMESTAMP_DATA  1535263372.13
MPI_PROCS      4
TIMESTAMP_DATA  1535263583.39
CONFIG  {'ERT_WORKING_SET_MIN': ['1'], 'ERT_CFLAGS': [], 'ERT_CC': ['mpicc'], 'ERT_MPI_CFLAGS': ['-I/usr/include/mpi'], 'ERT_MPI_LDFLAGS': ['-lmpi'], 'ERT_MEMORY_MAX': ['1073741824'], 'ERT_PROCS_THREADS': ['1-4'], 'ERT_LDFLAGS': [], 'ERT_LDLIBS': [], 'ERT_RUN': ['export', 'OMP_NUM_THREADS=ERT_OPENMP_THREADS;', 'mpirun', '-np', 'ERT_MPI_PROCS', 'ERT_CODE'], 'ERT_FLOPS': ['1,2,4,8,16,32'], 'ERT_OPENMP_CFLAGS': ['-fopenmp'], 'ERT_MPI': ['True'], 'ERT_TRIALS_MIN': ['1'], 'ERT_DRIVER': ['driver1'], 'ERT_RESULTS': ['Results/myLaptop'], 'ERT_OPENMP': ['False'], 'ERT_MPI_PROCS': ['1,2,4,8'], 'ERT_KERNEL': ['kernel1'], 'ERT_GPU': [False], 'ERT_OPENMP_THREADS': ['1,2,4,8'], 'ERT_LD': ['mpicc'], 'ERT_NUM_EXPERIMENTS': ['3'], 'ERT_OPENMP_LDFLAGS': ['-fopenmp'], 'ERT_ALIGN': ['64'], 'ERT_GNUPLOT': ['gnuplot']}
