32 33554432 304499.62 306666.532 314381.878 6.83081245542 7.00266714465 7.05250025599 0.426925778464 0.437666696541 0.440781266
64 16777216 243999.471 245822.421 250287.947 8.58005219085 8.73591448357 8.80118157305 0.536253261928 0.545994655223 0.550073848316
96 8388608 173819.214 174024.335 174159.12 9.24793795467 9.25510065015 9.26602243179 0.577996122167 0.578443790634 0.579126401987
128 8388608 219841.641 221224.692 222280.603 9.66113830454 9.70725115983 9.76832067952 0.603821144034 0.606703197489 0.61052004247
160 4194304 135471.334 135530.295 135698.147 9.89090352133 9.90315323965 9.90746337524 0.618181470083 0.618947077478 0.619216460953
192 4194304 159452.182 159551.546 159669.206 10.0871844756 10.0946231884 10.1009137398 0.630449029727 0.630913949276 0.631307108736
224 4194304 183385.78 183414.472 183594.776 10.2347584879 10.2448196781 10.2464225525 0.639672405494 0.640301229883 0.640401409531
256 4194304 204949.709 207432.018 207580.63 10.3452988268 10.352710583 10.4781004983 0.646581176673 0.647044411437 0.654881281144
288 2097152 115606.88 116737.694 117361.177 10.2926673273 10.3476393152 10.4488552238 0.643291707956 0.6467274572 0.65305345149
320 2097152 127871.148 127948.196 128387.762 10.4540904763 10.4900055019 10.4963261924 0.65338065477 0.65562534387 0.656020387023
352 2097152 139919.033 139993.384 140033.869 10.54312802 10.5461770108 10.5517811004 0.658945501249 0.659136063173 0.659486318777
384 2097152 151848.198 152149.284 152581.417 10.5557594605 10.5857398317 10.6067293337 0.659734966284 0.66160873948 0.662920583358
416 2097152 163894.302 163903.585 172377.795 10.1221300806 10.6454685784 10.6460715394 0.632633130039 0.665341786148 0.665379471216
448 2097152 176221.091 176394.192 176639.873 10.6377351845 10.652551372 10.6630153141 0.664858449032 0.665784460749 0.666438457131
480 2097152 187899.195 188137.969 188747.735 10.6664375072 10.7010080459 10.7146064144 0.666652344199 0.668813002866 0.669662900897
512 2097152 199766.351 200104.975 200945.249 10.6869092884 10.7317853941 10.7499768467 0.667931830526 0.670736587134 0.671873552919
544 1048576 106403.494 106555.828 106678.21 10.6943178743 10.7066005625 10.7219288118 0.668394867143 0.669162535155 0.670120550741
576 1048576 113068.932 113095.605 113138.376 10.6768330491 10.6808708614 10.6833904825 0.66730206557 0.667554428839 0.667711905159
608 1048576 124571.601 127975.967 127997.804 9.96164290444 9.96334269543 10.2356267862 0.622602681527 0.622708918464 0.63972667414
640 1048576 131459.197 131467.779 131475.88 10.2085438029 10.2091728499 10.2098393314 0.638033987679 0.638073303117 0.63811495821
704 1048576 136125.185 136195.491 136263.627 10.8348430209 10.8402634857 10.8458622701 0.677177688805 0.677516467854 0.67786639188
768 1048576 148663.842 149980.944 152175.304 10.5839298077 10.7387824949 10.8339237997 0.661495612981 0.671173905933 0.677120237482
832 1048576 161398.272 161398.598 163781.029 10.6534344952 10.8106915774 10.8107134133 0.665839655947 0.675668223586 0.675669588334
896 1048576 173293.41 174389.913 183476.352 10.2413644675 10.7749821058 10.8431601179 0.640085279219 0.67343638161 0.677697507366
960 1048576 186283.149 186665.057 186753.621 10.7803313757 10.7854461481 10.8075579075 0.673770710984 0.674090384254 0.675472369216
1056 524288 109174.643 109197.177 116831.29 9.47773713703 10.1403377488 10.1424307474 0.592358571064 0.633771109303 0.633901921713
1152 524288 111746.341 111782.892 113455.422 10.6469971263 10.806300771 10.8098353932 0.665437320395 0.675393798185 0.675614712074
1248 524288 120843.785 120860.206 120888.09 10.8250767135 10.8275741976 10.8290455152 0.676567294595 0.676723387349 0.676815344703
1344 524288 134591.646 134617.07 134763.76 10.4574563963 10.468851714 10.4708292519 0.653591024768 0.654303232124 0.654426828245
1472 524288 141624.943 141640.705 141723.191 10.8909760012 10.8973184792 10.8985312848 0.680686000077 0.681082404948 0.681158205303
1600 524288 153786.83 153819.644 153830.027 10.906333651 10.9070698408 10.9093971181 0.681645853186 0.681691865052 0.68183731988
1760 524288 168896.068 168908.95 169067.941 10.9156931177 10.9259678661 10.9268012089 0.682230819857 0.682872991632 0.682925075556
1920 524288 184101.03 184182.105 185137.7 10.8744243879 10.9308443402 10.9356581003 0.679651524244 0.683177771261 0.683478631271
2112 262144 101396.904 101463.536 101481.67 10.911293202 10.9132433153 10.9204148482 0.681955825126 0.682077707207 0.682525928011
2304 262144 110572.315 110642.898 112146.801 10.7712350351 10.9176420162 10.9246112103 0.673202189691 0.682352626013 0.682788200645
2528 262144 125235.439 125245.815 126483.178 10.4788643435 10.5823900304 10.583266802 0.65492902147 0.661399376897 0.661454175124
2752 262144 135964.053 135964.519 135997.777 10.6092952975 10.6118904153 10.6119267863 0.663080956095 0.663243150958 0.663245424142
3008 262144 146860.374 147188.252 148384.94 10.6281560919 10.7145664316 10.7384875923 0.664259755741 0.669660401973 0.671155474519
3296 262144 160130.274 160187.34 160233.007 10.7846272148 10.7877017497 10.7915461882 0.674039200924 0.674231359357 0.674471636762
3616 262144 175359.289 175391.164 175545.263 10.799638655 10.8091272374 10.8110920089 0.674977415939 0.67557045234 0.675693250558
3968 262144 191931.267 192122.858 192134.55 10.827697486 10.828356426 10.8391655853 0.676731092872 0.676772276623 0.677447849078
4352 131072 105362.931 105408.489 105460.073 10.8178446643 10.8231386184 10.8278184478 0.676115291519 0.676446163648 0.67673865299
4768 131072 115341.366 115349.949 116115.557 10.7642991542 10.8357446435 10.8365509734 0.672768697135 0.677234040216 0.677284435837
5216 131072 125968.315 125994.756 126684.938 10.79325708 10.8523810626 10.854658999 0.674578567501 0.678273816412 0.678416187436
5728 131072 138113.994 138845.687 139870.811 10.7353408568 10.8146019113 10.8718949363 0.670958803549 0.675912619454 0.679493433518
6272 131072 151043.214 151074.21 151777.033 10.8327797395 10.883175679 10.8854090459 0.677048733717 0.680198479939 0.68033806537
6880 131072 165516.461 165568.915 166235.448 10.8493750382 10.8930515127 10.8965036414 0.678085939889 0.680815719545 0.681031477588
7552 131072 181433.475 181576.875 182261.349 10.8619380843 10.9028833545 10.9115006919 0.678871130269 0.681430209656 0.681968793245
8288 65536 99555.712 99563.577 100001.949 10.8630356394 10.9108648839 10.911726853 0.678939727465 0.681929055241 0.681982928313
9088 65536 109104.341 109631.816 110397.949 10.789895526 10.8652978621 10.9178271468 0.674368470378 0.67908111638 0.682364196673
9984 65536 119763.669 119846.068 120294.456 10.8784967447 10.9191971822 10.9267097353 0.679906046543 0.682449823886 0.682919358458
10976 65536 131545.528 131628.774 131957.462 10.9023487584 10.9295728303 10.9364893955 0.681396797401 0.683098301896 0.68353058722
12064 65536 144357.158 144394.263 144931.815 10.9103208843 10.9509379053 10.9537526916 0.681895055271 0.684433619084 0.684609543227
13248 65536 158399.874 158429.827 158932.103 10.925683504 10.9603216066 10.9623941746 0.682855218999 0.685020100413 0.685149635914
14560 65536 174364.843 174372.733 175239.591 10.8902806102 10.9444193892 10.9449146236 0.680642538135 0.684026211828 0.684057163978
16000 65536 191404.661 191516.678 191924.635 10.9269557814 10.9502317078 10.9566401834 0.682934736335 0.684389481735 0.684790011462
17600 32768 105240.767 105259.837 105503.783 10.932627885 10.9579649074 10.9599505294 0.683289242813 0.68487280671 0.68499690809
19360 32768 115797.098 115817.983 115824.03 10.9543499738 10.954921914 10.9568977281 0.684646873365 0.684682619624 0.684806108008
21280 32768 127111.066 127166.373 127166.84 10.966743217 10.9667834908 10.9715552224 0.685421451064 0.685423968174 0.685722201401
23392 32768 139553.574 139614.911 139684.918 10.9748291652 10.9803322655 10.9851583737 0.685926822823 0.686270766595 0.686572398354
25728 32768 153350.506 153380.904 153394.671 10.9919738216 10.9929604275 10.9951395139 0.686998363848 0.687060026716 0.68719621962
28288 32768 168420.797 168518.329 168682.006 10.9903979207 11.0010725777 11.0074432672 0.686899870043 0.687567036106 0.687965204202
31104 32768 185161.8 185184.834 192066.828 10.6131379647 11.0075522923 11.0089216242 0.663321122792 0.68797201827 0.688057601514
34208 16384 101839.252 101869.741 101869.948 11.0035173867 11.0035397459 11.0068340251 0.687719836669 0.68772123412 0.687927126566
37600 16384 111923.11 111928.593 111998.598 11.000823421 11.0077038134 11.0082430697 0.687551463814 0.687981488341 0.688015191858
41344 16384 122960.279 122979.173 123353.929 10.9827080741 11.0161758203 11.017868559 0.686419254631 0.688510988767 0.688616784938
45472 16384 134986.545 135003.447 135042.633 11.0337488458 11.0369514935 11.0383334576 0.689609302864 0.689809468346 0.6898958411
50016 16384 148441.127 148470.544 148658.538 11.0247572057 11.0387167976 11.0409043715 0.689047325354 0.689919799849 0.690056523217
55008 16384 163319.471 163433.806 163634.448 11.0154198338 11.0289430817 11.0366641097 0.688463739616 0.689308942606 0.689791506856
60480 16384 179293.874 179308.052 179315.885 11.0520528619 11.0525356664 11.0534096664 0.690753303869 0.690783479149 0.690838104151
66528 8192 98914.68 98982.869 111566.51 9.76990991293 11.0119535129 11.0195448441 0.610619369558 0.688247094555 0.688721552756
73152 8192 109002.084 109110.589 109249.514 10.9705052601 10.9844734501 10.9954078309 0.685656578756 0.686529590634 0.687212989432
80448 8192 119678.342 120021.777 120028.387 10.9812358971 10.9818406705 11.0133547138 0.686327243571 0.686365041904 0.68833466961
88480 8192 131817.332 131935.754 132147.483 10.9699881306 10.987592643 10.9974636719 0.685624258163 0.686724540188 0.687341479495
97312 8192 144819.889 144879.278 145212.622 10.9794850202 11.0047470557 11.0092599781 0.686217813766 0.68779669098 0.688078748631
107040 8192 159263.275 159709.337 160574.841 10.921657148 10.9808442821 11.0115992529 0.682603571751 0.686302767633 0.688224953305
117728 8192 175178.831 175206.032 175532.701 10.988582418 11.009070464 11.0107799041 0.686786401128 0.688066903998 0.688173744007
129472 8192 192539.955 192790.541 193041.436 10.9886731676 11.002973678 11.0172937768 0.686792072972 0.687685854878 0.688580861048
142400 4096 106049.483 106149.603 106502.404 10.953187498 10.9895917369 10.999966874 0.684574218625 0.686849483554 0.687497929622
156640 4096 116530.293 116975.295 117123.391 10.955923228 10.969793921 11.0116850045 0.684745201751 0.685612120063 0.688230312782
172288 4096 128027.663 128291.079 128846.889 10.9539571111 11.0014141825 11.0240495134 0.684622319441 0.687588386407 0.689003094589
189504 4096 140789.592 141065.434 141744.605 10.9522106185 11.0049409269 11.0265023568 0.684513163658 0.687808807932 0.6891563973
208448 4096 154688.004 154965.693 155484.609 10.9824761884 11.0192519579 11.0390332272 0.686404761773 0.68870324737 0.689939576698
229280 4096 170099.567 170381.467 170826.294 10.9951560502 11.0238618852 11.0421313418 0.687197253135 0.688991367823 0.690133208863
252192 4096 187127.393 187147.599 187942.278 10.9925073059 11.0391844461 11.0403764563 0.687031706618 0.689949027879 0.690023528517
277408 2048 103134.404 103422.173 103625.284 10.9651151161 10.9866495263 11.0173048365 0.685319694757 0.686665595394 0.688581552282
305120 2048 113451.826 113816.459 126360.18 9.89054874724 10.9805869114 11.0158784046 0.618159296702 0.686286681964 0.68849240029
335616 2048 124879.422 124969.061 125275.237 10.973303016 11.0001877665 11.0080837498 0.685831438499 0.687511735405 0.688005234361
369152 2048 137270.598 137377.279 137924.749 10.9628373658 11.0065259918 11.0150798061 0.68517733536 0.687907874489 0.688442487881
406048 2048 151351.142 152029.866 152375.452 10.9149642293 10.9397755307 10.9888342171 0.68218526433 0.683735970668 0.686802138566
446624 2048 166174.104 166367.773 166465.136 10.9895197755 10.9959511449 11.0087664682 0.686844985968 0.687246946559 0.688047904263
491264 2048 182563.793 182665.638 182941.548 10.9992364556 11.0158504141 11.0219957141 0.687452278473 0.68849065088 0.688874732133
540384 1024 100603.619 100681.248 100739.799 10.985791544 10.9921803115 11.0006622326 0.686611971501 0.687011269467 0.68754138954
594400 1024 110717.628 110735.918 110744.534 10.9922463532 10.993101624 10.9949176296 0.687015397076 0.687068851499 0.687182351847
653824 1024 121762.876 121819.274 123048.37 10.8821559522 10.9919515035 10.997042744 0.68013474701 0.686996968969 0.687315171498
719200 1024 133994.228 134040.89 134113.245 10.9826706527 10.988599076 10.9924257334 0.686416915794 0.68678744225 0.68702660834
791104 1024 147260.635 147396.741 148199.428 10.932437553 10.9919729636 11.0021323214 0.683277347062 0.686998310227 0.687633270086
870208 1024 161945.965 161956.457 162077.861 10.9958631796 11.0041057764 11.0048186999 0.687241448726 0.687756611025 0.687801168742
957216 1024 178035.19 178261.183 178299.283 10.9948752178 10.9972251671 11.0111847439 0.68717970111 0.687326572942 0.688199046492
1052928 512 97992.948 98057.916 98226.087 10.9766998252 10.9955250528 11.0028149373 0.686043739073 0.687220315798 0.687675933578
1158208 512 107881.418 107925.236 108050.234 10.9764222445 10.9891350342 10.9935984712 0.686026390281 0.686820939636 0.687099904452
1274016 512 118564.927 118691.595 118819.3 10.9796336454 10.9914470692 11.0031897038 0.686227102836 0.686965441824 0.687699356488
1401408 512 130429.689 130457.445 130597.721 10.9882605991 11.0000758638 11.0024167274 0.686766287445 0.687504741489 0.687651045461
1541536 512 143375.963 143380.46 143539.331 10.9972148609 11.009400193 11.0097455039 0.687325928808 0.688087512064 0.688109093991
1695680 512 157653.801 157785.473 157976.746 10.9913412193 11.0046653027 11.0138563675 0.686958826206 0.687791581421 0.688366022967
1865248 512 173473.791 173487.067 173610.348 11.0017287218 11.0095466194 11.0103891832 0.687608045115 0.688096663713 0.688149323952
2051744 512 190709.602 190809.083 190826.388 11.0099335738 11.0109320949 11.0166757938 0.68812084836 0.68818325593 0.688542237113
2256896 256 104931.622 105097.767 105248.209 10.9791013356 10.9948173494 11.0122261524 0.686193833474 0.687176084341 0.688264134524
2482560 256 115625.36 115666.925 116085.17 10.949466844 10.9890594913 10.993009838 0.684341677753 0.686816218206 0.687063114874
2730816 256 127145.716 127173.209 127175.767 10.9940582627 10.9942794005 10.9966567179 0.687128641418 0.687142462529 0.687291044867
3003872 256 139816.78 139885.64 139997.057 10.9858199662 10.9945700216 10.9999848659 0.686613747888 0.687160626352 0.687499054119
3304256 256 153965.819 154048.368 154252.774 10.9675763238 10.9821291453 10.98801723 0.685473520236 0.686383071582 0.686751076874
3634656 256 169562.058 169688.977 170204.67 10.9335652894 10.9667929226 10.9750016835 0.683347830585 0.68542455766 0.685937605216
3998112 256 186798.47 186899.447 187413.94 10.9225244611 10.9525917645 10.958512369 0.682657778818 0.684536985281 0.684907023061
4397920 128 103347.314 103491.198 103827.491 10.8436360077 10.8788722303 10.8940182035 0.677727250483 0.679929514392 0.680876137719
4837696 128 113513.601 113880.477 114354.679 10.8299038293 10.8749999001 10.9101479038 0.676868989331 0.679687493757 0.681884243986
5321440 128 124998.464 125271.019 125491.758 10.8556024851 10.8747310501 10.8984430401 0.678475155317 0.679670690633 0.681152690004
5853568 128 137455.93 137970.253 138168.945 10.8455153074 10.8611340156 10.9017734484 0.67784470671 0.678820875975 0.681360840525
6438912 128 151457.193 151469.31 151803.531 10.8585186467 10.8824782525 10.8833488813 0.678657415419 0.680154890783 0.680209305081
7082784 128 166456.869 166677.047 166785.608 10.8713978727 10.8784786906 10.8928680138 0.679462367041 0.679904918162 0.68080425086
7791040 128 183212.036 183320.374 183462.291 10.8714778886 10.8798940155 10.8863275773 0.679467368038 0.679993375968 0.680395473581
8570144 64 100627.439 100917.245 101928.495 10.7622351532 10.8700790633 10.9013847803 0.672639697074 0.679379941456 0.681336548772
9427136 64 110888.451 110894.218 111032.538 10.8677458854 10.8813013858 10.881867292 0.67923411784 0.680081336612 0.680116705751
10369824 64 121765.011 121818.273 121889.584 10.8896710321 10.8960457189 10.9008118268 0.680604439506 0.681002857428 0.681300739175
11406784 64 133874.907 133914.598 134222.273 10.8779885735 10.9029812568 10.9062137537 0.679874285842 0.681436328547 0.681638359607
12547456 64 147084.358 147138.358 147240.414 10.90783654 10.9154022774 10.9194097172 0.681739783753 0.682212642335 0.682463107328
13802176 64 161631.86 161689.776 162395.887 10.8788378858 10.9263465613 10.9302616947 0.679927367865 0.682896660083 0.683141355918
15182368 64 177753.07 177814.299 178539.363 10.8846759132 10.9290597828 10.9328244176 0.680292244574 0.683066236422 0.6833015261
16700576 64 195435.852 201358.666 210700.888 10.1455373458 10.6162489575 10.9379814713 0.634096084113 0.663515559842 0.683623841955
18370624 32 107532.276 107582.576 107795.373 10.9069610622 10.9285348958 10.9336468987 0.68168506639 0.68303343099 0.68335293117
20207680 32 118225.373 118300.587 118528.286 10.91124797 10.9322493894 10.9392043957 0.681952998122 0.683265586839 0.683700274729
22228448 32 130004.778 130016.243 130297.27 10.9182692162 10.941868794 10.9428337472 0.682391826014 0.683866799627 0.683927109202
24451264 32 143035.527 143193.956 144625.562 10.8202234402 10.9284004696 10.9405049838 0.676263965011 0.683025029352 0.683781561486
26896384 32 157325.986 157347.109 157377.061 10.9378620052 10.9399440952 10.9414129208 0.683616375324 0.683746505949 0.683838307551
29586016 32 173119.713 173259.193 175000.964 10.819969106 10.9287420264 10.9375471527 0.676248069125 0.68304637665 0.683596697044
32544608 32 190538.802 190552.811 190661.593 10.9243549224 10.9305913729 10.9313950237 0.682772182649 0.683161960807 0.68321218898
35799040 16 104880.597 104968.095 106537.334 10.7527496417 10.9134997639 10.9226044928 0.672046852608 0.682093735244 0.6826627808
39378944 16 115549.463 115614.646 115622.933 10.8985836573 10.8993648434 10.9055133212 0.68116147858 0.681210302715 0.681594582573
43316832 16 127173.288 127275.351 127279.911 10.8904744913 10.8908646734 10.8996051435 0.680654655706 0.680679042087 0.681225321468
47648512 16 140204.115 140250.582 140336.505 10.8649733296 10.8716296379 10.8752327562 0.679060833103 0.679476852367 0.679702047262
52413344 16 154039.385 154288.807 154475.167 10.857583394 10.8706978854 10.8882998202 0.678598962123 0.679418617839 0.680518738763
57654656 16 169650.55 169791.701 170071.521 10.8480772157 10.8659550563 10.8749956425 0.678004825981 0.679122191019 0.679687227657
63420096 16 186864.188 186905.281 187212.544 10.8403156575 10.8581365981 10.8605243933 0.677519728593 0.67863353738 0.678782774579
69762080 8 103045.389 103108.262 103148.705 10.8212049778 10.8254494679 10.8320546007 0.676325311113 0.676590591741 0.677003412545
76738272 8 113428.274 113451.828 113453.205 10.8221918632 10.8223232155 10.8245705299 0.676386991447 0.676395200966 0.67653565812
84412096 8 124982.967 124997.311 125246.089 10.7835186454 10.8049807247 10.8062207869 0.67396991534 0.675311295297 0.675388799179
92853280 8 137611.376 137714.731 138929.33 10.6935841409 10.7878980644 10.7960004702 0.668349008809 0.674243629028 0.674750029387
102138592 8 151459.396 151556.822 151723.111 10.7710516956 10.7828697543 10.789805817 0.673190730976 0.673929359643 0.674362863562
112352448 8 166729.24 166754.637 167395.77 10.7388565912 10.7801450103 10.7817870939 0.671178536949 0.673759063144 0.673861693366
123587680 8 183542.835 183650.498 183738.486 10.762050581 10.7672067407 10.7735225949 0.67262816131 0.672950421294 0.67334516218
135946432 4 101096.621 101243.209 126847.948 8.57381986187 10.7421669734 10.7577428923 0.535863741367 0.671385435837 0.67235893077
149541056 4 111133.951 112094.051 122593.844 9.7584708087 10.6725418283 10.7647432421 0.609904425544 0.667033864268 0.672796452634
164495136 4 122487.351 122605.477 127744.728 10.3014903911 10.7332977302 10.7436488524 0.643843149441 0.67083110814 0.671478053273
180944640 4 134780.524 135010.059 135082.606 10.7160881987 10.7218464366 10.7401060408 0.669755512416 0.67011540229 0.671256627553
199039104 4 148255.086 148563.49 148728.465 10.7061740468 10.7180629103 10.7403588974 0.669135877924 0.669878931896 0.671272431085
218943008 4 163175.489 163417.172 164069.498 10.6756227413 10.7182375179 10.734112548 0.66722642133 0.669889844869 0.67088203425
240837280 4 179645.078 179944.401 180150.818 10.6949180769 10.7071863825 10.7250265994 0.668432379807 0.669199148908 0.670314162462
264920992 4 197543.051 197961.012 198196.763 10.6932520184 10.7059865707 10.7286382653 0.668328251153 0.669124160671 0.67053989158
291413088 2 108826.994 108941.977 109172.15 10.6771951638 10.69975398 10.711058986 0.667324697737 0.668734623753 0.669441186623
320554368 2 119513.703 120242.889 120378.152 10.6515796322 10.6635617512 10.7286230768 0.66572372701 0.666472609453 0.6705389423
352609792 2 131720.247 131876.059 131894.926 10.6936575255 10.6951874259 10.7078387729 0.668353595346 0.668449214122 0.669239923305
387870752 2 144697.994 145257.785 145291.072 10.678446973 10.6808940257 10.7222150433 0.667402935811 0.667555876609 0.670138440205
426657824 2 159231.907 159523.814 159765.573 10.6820966742 10.6982854359 10.7178977389 0.667631042139 0.668642839746 0.669868608683
469323584 2 175382.383 175576.596 175711.12 10.6839813895 10.6921672864 10.7040074601 0.667748836841 0.668260455397 0.669000466255
516255936 2 192821.265 192949.273 193113.671 10.6933068659 10.7024178526 10.7095228527 0.668331679118 0.668901115787 0.669345178292
567881504 1 106184.133 106261.129 106333.703 10.6811196823 10.6884146507 10.6961650099 0.667569980141 0.668025915667 0.668510313118
624669632 1 116567.437 116833.507 117130.623 10.6662052331 10.6933301591 10.7177381278 0.666637827069 0.668333134946 0.66985863299
687136576 1 128334.573 128560.123 128836.955 10.6667621258 10.689731154 10.7085185221 0.666672632864 0.668108197127 0.669282407633
755850208 1 141186.612 141354.574 141676.835 10.6700606066 10.6943862743 10.7071088015 0.666878787912 0.668399142146 0.669194300094
831435200 1 155373.037 155626.411 155724.822 10.6782616839 10.6850141266 10.7024386734 0.667391355246 0.66781338291 0.668902417091
914578720 1 170800.268 171980.961 172566.818 10.5997054428 10.6358135771 10.7093358893 0.662481590175 0.664738348566 0.669333493083
1006036576 1 187835.445 188075.59 189257.086 10.631428363 10.6982152867 10.711892806 0.664464272688 0.668638455421 0.669493300373

META_DATA
ERT_VERSION  1.1.0
HOSTNAME  ('atajo-Inspiron-15-7568', [], ['127.0.1.1'])
MPI_PROCS      1
UNAME  ('Linux', 'atajo-Inspiron-15-7568', '4.15.0-33-generic', '#36-Ubuntu SMP Wed Aug 15 16:00:05 UTC 2018', 'x86_64', 'x86_64')
TIMESTAMP_DATA  1535285380.35
FLOPS          1
OPENMP_THREADS 4
TIMESTAMP_DATA  1535285282.87
CONFIG  {'ERT_WORKING_SET_MIN': ['1'], 'ERT_CFLAGS': [], 'ERT_CC': ['mpicc'], 'ERT_MPI_CFLAGS': ['-I/usr/include/mpi'], 'ERT_MPI_LDFLAGS': ['-lmpi'], 'ERT_MEMORY_MAX': ['1073741824'], 'ERT_PROCS_THREADS': ['1-4'], 'ERT_LDFLAGS': [], 'ERT_LDLIBS': [], 'ERT_RUN': ['export', 'OMP_NUM_THREADS=ERT_OPENMP_THREADS;', 'mpirun', '-np', 'ERT_MPI_PROCS', 'ERT_CODE'], 'ERT_FLOPS': ['1,2,4,8,16'], 'ERT_OPENMP_CFLAGS': ['-fopenmp'], 'ERT_MPI': ['True'], 'ERT_TRIALS_MIN': ['1'], 'ERT_DRIVER': ['driver1'], 'ERT_RESULTS': ['Results/myLaptop'], 'ERT_OPENMP': ['True'], 'ERT_MPI_PROCS': ['1,2,4'], 'ERT_KERNEL': ['kernel1'], 'ERT_GPU': [False], 'ERT_OPENMP_THREADS': ['1,2,4'], 'ERT_LD': ['mpicc'], 'ERT_NUM_EXPERIMENTS': ['3'], 'ERT_OPENMP_LDFLAGS': ['-fopenmp'], 'ERT_ALIGN': ['64'], 'ERT_GNUPLOT': ['gnuplot']}
TIMESTAMP_DATA  1535285331.63
