16 67108864 403927.763 404090.916 404292.626 5.31170619966 5.31435764322 5.3165041988 0.663963274957 0.664294705402 0.66456302485
32 33554432 245775.892 245860.618 247114.511 8.69023692421 8.73455726854 8.73756832098 1.08627961553 1.09181965857 1.09219604012
48 16777216 169419.856 169679.891 169732.15 9.48914354764 9.49206606928 9.50663501922 1.18614294346 1.18650825866 1.1883293774
64 16777216 213354.551 213430.627 213546.784 10.0562678013 10.0617408016 10.0653285244 1.25703347516 1.2577176002 1.25816606556
80 8388608 131170.142 131228.3 131304.935 10.2218342365 10.2278036064 10.232338393 1.27772927956 1.2784754508 1.27904229912
96 8388608 156370.588 156503.995 156706.671 10.2778824011 10.2911924772 10.2999723708 1.28473530013 1.28639905965 1.28749654635
112 8388608 181553.827 181596.052 182186.263 10.3138851473 10.3474066275 10.3498131824 1.28923564341 1.29342582844 1.2937266478
128 8388608 205803.812 206009.344 206146.476 10.4172707177 10.4242050691 10.4346155065 1.30215883972 1.30302563363 1.30432693832
144 4194304 114631.806 114669.747 114861.873 10.5166276716 10.5342479913 10.5377346319 1.31457845895 1.31678099892 1.31721682898
160 4194304 126477.253 126569.53 126594.131 10.6022077753 10.6042684997 10.6120053066 1.32527597192 1.32553356246 1.32650066332
176 4194304 138460.161 138498.105 138534.026 10.6572735279 10.6600376085 10.6629589142 1.33215919098 1.33250470106 1.33286986428
192 4194304 150673.338 150844.312 150930.927 10.6711909084 10.6773183201 10.6894342249 1.33389886355 1.33466479001 1.33617927811
208 4194304 163175.397 163306.745 163327.713 10.6830030982 10.6843747575 10.6929751426 1.33537538727 1.33554684468 1.33662189282
224 4194304 175174.135 175432.252 175468.407 10.7087550638 10.7109620413 10.7267445162 1.33859438298 1.33887025517 1.34084306453
240 4194304 187298.159 187475.579 187555.481 10.7342419921 10.7388169208 10.7489893694 1.34178024901 1.3423521151 1.34362367118
256 4194304 199829.228 200283.586 213836.177 10.0426582542 10.7222148898 10.746594327 1.25533228178 1.34027686123 1.34332429088
272 2097152 105780.007 105786.849 105871.795 10.7757754367 10.7844282988 10.7851258509 1.34697192959 1.34805353735 1.34814073136
288 2097152 112068.003 112149.257 112273.175 10.7591109987 10.7709991516 10.7788085775 1.34488887484 1.34637489395 1.34735107219
304 2097152 132660.351 132922.744 133064.976 9.582299222 9.59255261838 9.61152602408 1.19778740275 1.1990690773 1.20144075301
320 2097152 136828.347 137368.759 138734.979 9.67439711077 9.77061516585 9.80920481339 1.20929963885 1.22132689573 1.22615060167
352 2097152 136487.853 136540.579 136857.042 10.7878629146 10.8128661737 10.8170432427 1.34848286433 1.35160827171 1.35213040533
384 2097152 148440.083 148462.64 148530.594 10.8436430006 10.8486063295 10.850254887 1.35545537507 1.35607579119 1.35628186088
416 2097152 160168.066 160210.376 160706.789 10.8572293358 10.8908705389 10.8937474715 1.35715366698 1.36135881736 1.36171843394
448 2097152 172914.04 172956.469 173244.985 10.8461909705 10.8642839604 10.8669497977 1.35577387132 1.35803549505 1.35836872471
480 2097152 185073.092 185120.781 185823.64 10.8342830869 10.8754182492 10.8782205897 1.35428538586 1.35942728115 1.35977757372
528 1048576 109707.27 109779.866 109951.82 10.0707405844 10.086514917 10.0931894122 1.25884257305 1.26081436463 1.26164867652
576 1048576 110730.856 110839.178 111012.591 10.881284196 10.8983084663 10.9089696913 1.36016052449 1.36228855829 1.36362121142
624 1048576 119852.231 119935.577 119963.812 10.908480034 10.9110480871 10.918635699 1.36356000425 1.36388101089 1.36482946237
672 1048576 136380.214 136386.172 136784.872 10.3029386466 10.3330574012 10.3335088182 1.28786733083 1.29163217514 1.29168860228
736 1048576 141206.631 141399.789 141952.668 10.873369932 10.9158852564 10.9308172079 1.3591712415 1.36448565705 1.36635215098
800 1048576 153547.78 153976.447 168589.929 9.95149360316 10.8959625494 10.9263813518 1.24393670039 1.36199531867 1.36579766897
880 1048576 168559.205 168638.301 169649.85 10.878251646 10.9435030421 10.9486382544 1.35978145575 1.36793788026 1.3685797818
960 1048576 183522.197 183685.569 183773.886 10.9551251477 10.9603924302 10.9701494038 1.36939064346 1.37004905377 1.37126867547
1056 524288 100978.314 101007.583 101032.644 10.9597869774 10.962506211 10.9656837408 1.36997337217 1.37031327638 1.3707104676
1152 524288 109704.329 110008.305 110015.853 10.9798680741 10.9806214358 11.0110472669 1.37248350926 1.37257767948 1.37638090836
1264 524288 124066.195 124158.357 124281.038 10.6645397023 10.675077345 10.6830072769 1.33306746279 1.33438466812 1.33537590961
1376 524288 134381.114 134549.789 134837.412 10.7005952918 10.7234696295 10.7369297147 1.33757441147 1.34043370369 1.34211621434
1504 524288 146587.967 146781.504 146998.984 10.7283619321 10.7442576961 10.7584431129 1.34104524151 1.34303221201 1.34480538911
1648 524288 160353.177 160407.417 161249.247 10.7166593342 10.7729011558 10.7765451258 1.33958241678 1.34661264448 1.34706814072
1808 524288 175023.073 175140.659 175180.22 10.8221430936 10.8245876133 10.8318599114 1.35276788669 1.35307345166 1.35398248893
1984 524288 192198.679 192473.934 207727.217 10.0149360014 10.8086053044 10.824084717 1.25186700017 1.35107566306 1.35301058963
2176 262144 105205.545 105218.52 106299.094 10.7324591873 10.8426794827 10.8440167103 1.34155739841 1.35533493533 1.35550208879
2384 262144 114873.633 114934.295 114953.547 10.873110266 10.8749315598 10.8806743494 1.35913878325 1.35936644498 1.36008429367
2608 262144 125775.586 126022.203 131274.39 10.415916646 10.8500174687 10.8712918579 1.30198958076 1.35625218359 1.35891148223
2864 262144 139075.187 139252.574 143254.766 10.4817513157 10.7830023451 10.7967558009 1.31021891446 1.34787529313 1.34959447511
3136 262144 150710.024 152003.238 155707.165 10.5593545936 10.8166588399 10.9094745284 1.3199193242 1.35208235498 1.36368431605
3440 262144 165031.586 166958.343 170242.011 10.5940402689 10.8023994943 10.9285183747 1.32425503362 1.35029993679 1.36606479683
3776 262144 180968.027 182412.209 185225.033 10.68814218 10.8529549576 10.9395649653 1.3360177725 1.3566193697 1.36744562066
4144 131072 99064.037 99787.263 101278.317 10.7261333736 10.8864067752 10.9658839766 1.34076667171 1.3608008469 1.37073549708
4544 131072 108706.884 109653.285 110911.02 10.739981798 10.8631705471 10.9577451967 1.34249772475 1.35789631838 1.36971814959
4992 131072 119131.316 119849.79 121610.158 10.7608021363 10.9188580806 10.9847090752 1.34510026704 1.36485726008 1.37308863439
5488 131072 131825.686 131888.157 133061.619 10.811880111 10.9080777586 10.913246998 1.35148501387 1.36350971983 1.36415587475
6032 131072 144456.032 146950.203 155304.215 10.1816464415 10.7604656252 10.9462553146 1.27270580518 1.34505820315 1.36828191432
6624 131072 158712.829 160318.68 169908.403 10.2198703851 10.8311885801 10.9407781774 1.27748379814 1.35389857252 1.36759727218
7280 131072 174135.56 175785.808 186579.257 10.2284056153 10.8564413801 10.9593257115 1.27855070191 1.35705517251 1.36991571394
8000 131072 192541.848 192870.41 203598.834 10.3004126242 10.8733734739 10.8919282836 1.28755157802 1.35917168424 1.36149103544
8800 65536 105186.12 106062.564 111321.542 10.3612794009 10.8750303264 10.9656445166 1.29515992511 1.35937879081 1.37070556457
9680 65536 115863.418 116436.761 121742.556 10.4218032025 10.8967043492 10.9506260207 1.30272540031 1.36208804365 1.36882825259
10640 65536 127232.437 127990.359 132981.981 10.4871808159 10.8961807037 10.9610891128 1.31089760198 1.36202258797 1.3701361391
11696 65536 140027.256 140815.532 145468.913 10.538458564 10.8867117869 10.9479979526 1.3173073205 1.36083897336 1.36849974408
12864 65536 154371.18 154666.699 158994.538 10.6048310163 10.9015723417 10.922441663 1.32560387703 1.36269654271 1.36530520788
14144 65536 168738.92 169758.855 174898.952 10.5997339995 10.9206813865 10.9866909661 1.32496674994 1.36508517332 1.37333637077
15552 65536 185929.418 186268.493 191052.807 10.6694676514 10.9435133724 10.9634707941 1.33368345643 1.36793917155 1.37043384926
17104 32768 102228.791 102555.387 104805.63 10.6953008536 10.9299742977 10.964892894 1.3369126067 1.36624678721 1.37061161175
18800 32768 112552.524 112879.836 115041.713 10.7098266174 10.9149414427 10.9466829904 1.33872832718 1.36436768034 1.3683353738
20672 32768 123572.544 123862.58 125799.121 10.7692341666 10.9376067574 10.9632783153 1.34615427082 1.36720084468 1.37040978941
22736 32768 136151.983 136891.769 141172.854 10.5546247298 10.8847048065 10.9438471858 1.31932809122 1.36058810081 1.36798089823
25008 32768 149410.654 152083.528 154594.558 10.601435841 10.7764746752 10.9692598494 1.32517948012 1.34705933439 1.37115748118
27504 32768 164270.336 164729.196 169358.08 10.6431422935 10.942214178 10.9727793093 1.33039278669 1.36777677225 1.37159741367
30240 32768 180644.282 182013.101 185380.805 10.6904738061 10.8882746852 10.9707798003 1.33630922576 1.36103433565 1.37134747503
33264 16384 99186.306 99264.999 101799.439 10.7072766089 10.9806554473 10.9893673427 1.33840957611 1.37258193092 1.37367091784
36576 16384 109119.502 109310.761 111720.254 10.727887962 10.9643584679 10.9835762264 1.34098599525 1.37054480848 1.3729470283
40224 16384 119878.073 120108.445 122527.012 10.7573016797 10.9739163803 10.9950051666 1.34466270997 1.37173954754 1.37437564583
44240 16384 132106.278 132219.738 134104.008 10.8099402965 10.9639932882 10.9734097573 1.35124253706 1.37049916103 1.37167621966
48656 16384 145005.095 145306.01 147209.654 10.830538383 10.9724285183 10.9951985342 1.35381729788 1.37155356478 1.37439981678
53520 16384 159852.825 159872.651 161866.6 10.8344980373 10.969627069 10.9709875944 1.35431225466 1.37120338362 1.3713734493
58864 16384 175631.767 177508.031 177585.006 10.8615901502 10.8663001957 10.9823842517 1.35769876878 1.35828752447 1.37279803146
64736 16384 193015.057 193168.431 194860.789 10.8860754331 10.9814488683 10.9901749686 1.36075942913 1.37268110854 1.37377187107
71200 8192 105570.527 105922.337 107038.305 10.8983489602 11.0131709046 11.0498719022 1.36229362003 1.37664636308 1.38123398778
78320 8192 115915.958 115929.958 117330.974 10.9365399114 11.0687082281 11.0700450752 1.36706748893 1.38358852851 1.38375563441
86144 8192 127442.395 128281.14 128880.375 10.9511110283 11.002266553 11.0746764921 1.36888887854 1.37528331912 1.38433456151
94752 8192 140166.615 140276.127 141651.059 10.9594434306 11.0668636296 11.0755101563 1.36993042883 1.3833579537 1.38443876953
104224 8192 154359.589 155022.822 177544.121 9.617924865 11.0151911439 11.0625198413 1.20224060812 1.37689889299 1.38281498016
114640 8192 170398.474 174233.705 188616.984 9.95807334084 10.7801286783 11.022761624 1.2447591676 1.34751608479 1.377845203
126096 8192 187227.51 187321.11 188525.679 10.9584905089 11.0289591173 11.0344727866 1.36981131361 1.37861988966 1.37930909833
138704 4096 103041.99 103136.487 129035.336 8.80582949774 11.0170823251 11.027185791 1.10072868722 1.37713529064 1.37839822387
152560 4096 113210.286 113295.544 113804.994 10.9816931232 11.0310739141 11.0393813509 1.3727116404 1.37888423926 1.37992266886
167808 4096 124546.341 124557.587 124852.18 11.0104856479 11.0365267111 11.0375232621 1.37631070599 1.37956583889 1.37969040777
184576 4096 136884.426 136918.117 137291.546 11.0133991207 11.0434369471 11.0461550389 1.37667489009 1.38042961838 1.38076937986
203024 4096 150505.584 150958.67 151512.623 10.9771224012 11.0174036907 11.0505707748 1.37214030015 1.37717546134 1.38132134685
223312 4096 165794.007 165990.827 166489.705 10.9878980445 11.0209216802 11.0340050108 1.37348725556 1.37761521003 1.37925062635
245632 4096 182387.477 182560.504 182885.393 11.0026137735 11.0221942858 11.0326507998 1.37532672169 1.37777428572 1.37908134998
270192 2048 100450.141 100552.334 125516.513 8.81721779508 11.0062729325 11.0174701696 1.10215222439 1.37578411656 1.3771837712
297200 2048 110513.88 110523.149 112523.78 10.818435001 11.014264532 11.0151883184 1.35230437513 1.3767830665 1.3768985398
326912 2048 121454.516 121497.687 122097.987 10.9668601826 11.021045627 11.024963057 1.37085752282 1.37763070337 1.37812038212
359600 2048 133630.461 133719.718 133853.706 11.0039657774 11.0149918204 11.0223491633 1.37549572217 1.37687397755 1.37779364542
395552 2048 147254.221 147275.959 147394.016 10.9921761817 11.0009875543 11.0026115448 1.37402202271 1.37512344428 1.3753264431
435104 2048 161837.141 162044.208 163660.411 10.889536285 10.9981467773 11.01221866 1.36119203562 1.37476834717 1.3765273325
478608 2048 178098.058 178222.358 179387.913 10.9281519318 10.9996208669 11.0072978336 1.36601899148 1.37495260836 1.37591222921
526464 1024 98009.519 98145.353 98592.941 10.9358566756 10.9857292174 11.0009546318 1.36698208445 1.37321615217 1.37511932897
579104 1024 107860.936 107948.612 110164.191 10.7657940501 10.9867553647 10.9956860749 1.34572425626 1.37334442058 1.37446075936
637008 1024 118714.34 118895.637 119385.651 10.9275475995 10.9725841664 10.9893411697 1.36594344994 1.3715730208 1.37366764622
700704 1024 130279.749 130462.836 130671.484 10.9820578145 10.9996213174 11.0150794964 1.37275722682 1.37495266468 1.37688493704
770768 1024 143326.079 143439.064 143955.369 10.9654323765 11.0049021513 11.0135773965 1.37067904706 1.37561276892 1.37669717456
847840 1024 157641.187 157871.114 157989.956 10.9904222013 10.9986955562 11.014737665 1.37380277516 1.37483694452 1.37684220812
932624 1024 173596.703 173643.537 174035.61 10.9748456192 10.9996259291 11.0025934767 1.3718557024 1.37495324113 1.37532418458
1025872 1024 191004.591 191195.347 191210.77 10.9878008231 10.9886871672 10.9996615526 1.37347510289 1.3735858959 1.37495769408
1128448 512 104867.94 105061.02 105604.632 10.9420461027 10.9986629865 11.0189134258 1.36775576283 1.37483287331 1.37736417822
1241280 512 115299.984 115555.513 115644.975 10.9911452703 10.9996545124 11.0240320588 1.37389315878 1.37495681405 1.37800400736
1365408 512 126833.174 127084.872 127142.721 10.9969157574 11.0019215505 11.0237546527 1.37461446967 1.37524019381 1.37796933159
1501936 512 139811.838 139815.653 139868.533 10.9959147423 11.0000735325 11.000373688 1.37448934279 1.37500919157 1.37504671099
1652128 512 153609.904 153860.891 153891.472 10.993325686 10.9955106915 11.0134765269 1.37416571075 1.37443883644 1.37668456586
1817328 512 168938.005 169132.406 170183.96 10.9348958151 11.0028818014 11.0155430804 1.36686197689 1.37536022517 1.37694288505
1999056 512 186040.654 186092.58 186413.015 10.9811718028 11.0000804116 11.0031506554 1.37264647535 1.37501005145 1.37539383193
2198960 256 102197.567 102366.355 102504.532 10.9835877305 10.9984136878 11.0165785062 1.37294846632 1.37480171097 1.37707231328
2418848 256 112656.85 113579.334 122740.105 10.0900205031 10.9038337555 10.9931191579 1.26125256288 1.36297921944 1.37413989473
2660720 256 123790.742 123852.766 123985.799 10.9874570393 10.9992589104 11.004769969 1.37343212992 1.3749073638 1.37559624612
2926784 256 136206.446 136422.551 136685.771 10.963199732 10.9843526383 11.0017804003 1.3703999665 1.37304407979 1.37522255004
3219456 256 150046.312 150128.687 150318.136 10.9658190014 10.979656886 10.9856846865 1.37072737517 1.37245711075 1.37321058581
3541392 256 165175.545 165571.441 165876.496 10.9309802638 10.9511199096 10.9773677695 1.36637253297 1.3688899887 1.37217097119
3895520 256 182353.444 182606.75 183431.152 10.8733234146 10.9224124519 10.937584705 1.35916542682 1.36530155649 1.36719808813
4285072 128 100545.324 101011.967 101172.435 10.8426611656 10.8598858589 10.9102879016 1.3553326457 1.35748573236 1.3637859877
4713568 128 110695.478 111358.332 111647.061 10.8079281012 10.8359508115 10.9008374127 1.35099101265 1.35449385143 1.36260467659
5184912 128 121587.009 121799.539 122373.265 10.8466295477 10.8977216408 10.9167704915 1.35582869347 1.3622152051 1.36459631144
5703392 128 133829.971 134051.327 134442.576 10.8601634649 10.8918604886 10.9098757258 1.35752043311 1.36148256108 1.36373446573
6273728 128 147232.738 147587.516 147890.485 10.8598897894 10.8821830703 10.9084052217 1.35748622367 1.36027288379 1.36355065271
6901088 128 162159.04 162311.314 162629.776 10.8631922853 10.8845063506 10.8947273492 1.35789903566 1.36056329382 1.36184091864
7591184 128 178289.082 178346.476 178937.32 10.8604683696 10.8964480128 10.8999557472 1.3575585462 1.3620560016 1.36249446839
8350288 128 195852.921 196366.477 196622.093 10.8719915213 10.8861439114 10.9146890283 1.35899894016 1.36076798893 1.36433612854
9185312 64 107934.513 108145.968 109029.905 10.7834629041 10.8716021294 10.8929007351 1.34793286301 1.35895026618 1.36161259189
10103840 64 118561.324 118775.718 119018.522 10.866304658 10.8885178029 10.9082074691 1.35828808225 1.36106472537 1.36352593363
11114224 64 130612.892 130687.578 131362.462 10.8297351491 10.8856610075 10.8918855575 1.35371689364 1.36070762594 1.36148569469
12225632 64 143501.772 143781.615 144252.615 10.8481977675 10.8837343078 10.9049586928 1.35602472094 1.36046678847 1.3631198366
13448192 64 157994.414 158175.145 158533.393 10.8580819689 10.8826742406 10.8951230137 1.35726024611 1.36033428008 1.36189037671
14793008 64 173947.507 174108.09 174427.444 10.8555453235 10.8754568728 10.8854967608 1.35694316543 1.3594321091 1.3606870951
16272304 64 191165.051 191852.233 200226.821 10.4024770588 10.8565580886 10.8955842143 1.30030963234 1.35706976108 1.36194802679
17899520 32 105145.375 105308.444 106164.603 10.790501237 10.8782281504 10.8950990949 1.34881265463 1.35977851881 1.36188738687
19689472 32 115676.375 115889.803 116461.053 10.8201512483 10.8734864965 10.8935485573 1.35251890604 1.35918581206 1.36169356967
21658416 32 127484.464 127610.157 128128.988 10.81830619 10.8622907188 10.8730003681 1.35228827375 1.35778633984 1.35912504601
23824256 32 140108.298 140616.548 140944.249 10.8181241506 10.8433353377 10.88267009 1.35226551883 1.35541691722 1.36033376125
26206672 32 153979.455 154172.917 154547.868 10.8524758685 10.8788692634 10.8925376311 1.35655948356 1.35985865792 1.36156720388
28827328 32 169495.512 169824.215 170053.874 10.8492029532 10.8638746954 10.8849430302 1.35615036915 1.35798433692 1.36061787878
31710048 32 186584.382 187214.26 190796.215 10.636705094 10.8402162955 10.876811072 1.32958813675 1.35502703694 1.359601384
34881040 16 102601.178 102893.575 105319.417 10.5981718452 10.8480367214 10.8789518966 1.32477148065 1.35600459018 1.35986898708
38369136 16 112817.988 113270.07 116598.78 10.5302332666 10.8396891783 10.8831257654 1.31627915832 1.35496114728 1.36039072067
42206048 16 124108.034 124535.937 125061.864 10.7994035336 10.8450104326 10.8824021497 1.3499254417 1.35562630408 1.36030026872
46426640 16 136936.456 137015.375 141131.695 10.5267103892 10.8429618209 10.8492108194 1.31583879865 1.35537022761 1.35615135242
51069296 16 150225.094 150783.98 155427.356 10.5143490442 10.838137261 10.8784586415 1.31429363052 1.35476715763 1.35980733019
56176224 16 165797.501 166192.702 169145.278 10.6277821601 10.8165951114 10.8423779439 1.32847277002 1.35207438892 1.35529724299
61793840 16 182459.008 184374.813 184707.144 10.7056112567 10.7249078539 10.8375185291 1.33820140709 1.34061348173 1.35468981614
67973216 8 100441.834 103273.117 103468.916 10.5110935539 10.5310218922 10.8278733341 1.31388669424 1.31637773652 1.35348416677
74770528 8 110872.763 112626.613 113096.346 10.5779584426 10.6220760452 10.7901022364 1.32224480533 1.32775950565 1.34876277955
82247568 8 124012.889 124430.578 125006.22 10.5271648723 10.575865749 10.6114864238 1.31589560903 1.32198321863 1.32643580298
90472320 8 137723.8 137895.094 138720.459 10.4350658182 10.4975244442 10.510580742 1.30438322728 1.31219055552 1.31382259275
99519552 8 148029.922 148163.35 149181.134 10.6736876796 10.7470088386 10.7566957443 1.33421095995 1.34337610482 1.34458696803
109471504 8 163370.328 163614.038 164632.904 10.6390886721 10.7053409684 10.7213108123 1.32988608401 1.33816762104 1.34016385154
120418640 8 181508.831 181580.521 182619.545 10.550339724 10.610709945 10.6149008254 1.31879246551 1.32633874313 1.32686260318
132460496 8 199338.718 200379.164 201115.786 10.5380486443 10.5767879938 10.6319934093 1.31725608053 1.32209849922 1.32899917617
145706544 4 109875.994 110489.794 111037.815 10.4977961967 10.5498644698 10.6087991523 1.31222452459 1.31873305873 1.32609989403
160277184 4 118695.831 120308.915 121907.264 10.5179743186 10.6577095471 10.8025485074 1.31474678982 1.33221369339 1.35031856342
176304896 4 133682.816 134041.864 134677.903 10.4726843571 10.5223780535 10.5506392684 1.30908554464 1.31529725668 1.31882990855
193935376 4 143686.703 144248.648 146373.669 10.5994679139 10.7556155951 10.7976797825 1.32493348923 1.34445194939 1.34970997281
213328912 4 158629.045 160334.776 162128.671 10.5264003305 10.644174262 10.75863059 1.31580004131 1.33052178275 1.34482882375
234661792 4 176693.928 178247.14 179025.225 10.4862001207 10.5319745158 10.6245548857 1.31077501509 1.31649681448 1.32806936071
258127968 4 192773.187 196151.532 196456.889 10.5113328146 10.5276962303 10.7121938281 1.31391660183 1.31596202878 1.33902422851
283940752 2 105221.494 106862.625 126324.877 8.99081032155 10.6282529369 10.794020925 1.12385129019 1.32853161711 1.34925261563
312334816 2 118611.896 118731.025 119690.05 10.4381213309 10.5224330709 10.5330013779 1.30476516636 1.31530413386 1.31662517223
343568288 2 127795.212 128159.772 128177.777 10.7216179291 10.7231241953 10.7537139341 1.34020224114 1.34039052442 1.34421424177
377925104 2 143597.793 143792.856 152528.916 9.91091037453 10.5130425673 10.5273234666 1.23886379682 1.31413032091 1.31591543332
415717600 2 154022.148 154326.221 157308.602 10.5707531493 10.7750347882 10.796307035 1.32134414366 1.34687934852 1.34953837938
457289360 2 170345.094 172435.759 173056.737 10.5696979598 10.6077616998 10.7379519835 1.32121224498 1.32597021248 1.34224399794
503018288 2 190127.676 190931.866 192376.999 10.4590110172 10.5381736122 10.5827473113 1.30737637715 1.31727170152 1.32284341392
553320112 1 103252.992 103643.398 104936.494 10.5458090109 10.6773826925 10.7177545422 1.31822612637 1.33467283657 1.33971931777
608652112 1 112856.127 113289.871 116092.694 10.4856230143 10.7450402517 10.7863370502 1.31070287679 1.34313003146 1.34829213127
669517312 1 127206.256 127338.785 127400.004 10.5104755256 10.5155285092 10.5264840434 1.3138094407 1.31444106366 1.31581050542
736469040 1 137191.85 138087.551 141284.656 10.4253223365 10.6666971015 10.7363380551 1.30316529206 1.33333713768 1.34204225688
810115936 1 150003.488 151885.05 154608.794 10.4795583102 10.6674874979 10.8012946472 1.30994478878 1.33343593724 1.3501618309
891127520 1 165729.299 168700.556 170346.258 10.4625429459 10.5646067936 10.7540130246 1.30781786824 1.3205758492 1.34425162807
980240272 1 182282.153 182567.719 186986.221 10.4846257308 10.7383745316 10.7551974329 1.31057821635 1.34229681645 1.34439967911

META_DATA
ERT_VERSION  1.1.0
UNAME  ('Linux', 'atajo-Inspiron-15-7568', '4.15.0-33-generic', '#36-Ubuntu SMP Wed Aug 15 16:00:05 UTC 2018', 'x86_64', 'x86_64')
TIMESTAMP_DATA  1535286500.1
FLOPS          2
HOSTNAME  ('atajo-Inspiron-15-7568', [], ['127.0.1.1'])
TIMESTAMP_DATA  1535286551.08
MPI_PROCS      2
OPENMP_THREADS 1
TIMESTAMP_DATA  1535286449.04
CONFIG  {'ERT_WORKING_SET_MIN': ['1'], 'ERT_CFLAGS': [], 'ERT_CC': ['mpicc'], 'ERT_MPI_CFLAGS': ['-I/usr/include/mpi'], 'ERT_MPI_LDFLAGS': ['-lmpi'], 'ERT_MEMORY_MAX': ['1073741824'], 'ERT_PROCS_THREADS': ['1-4'], 'ERT_LDFLAGS': [], 'ERT_LDLIBS': [], 'ERT_RUN': ['export', 'OMP_NUM_THREADS=ERT_OPENMP_THREADS;', 'mpirun', '-np', 'ERT_MPI_PROCS', 'ERT_CODE'], 'ERT_FLOPS': ['1,2,4,8,16'], 'ERT_OPENMP_CFLAGS': ['-fopenmp'], 'ERT_MPI': ['True'], 'ERT_TRIALS_MIN': ['1'], 'ERT_DRIVER': ['driver1'], 'ERT_RESULTS': ['Results/myLaptop'], 'ERT_OPENMP': ['True'], 'ERT_MPI_PROCS': ['1,2,4'], 'ERT_KERNEL': ['kernel1'], 'ERT_GPU': [False], 'ERT_OPENMP_THREADS': ['1,2,4'], 'ERT_LD': ['mpicc'], 'ERT_NUM_EXPERIMENTS': ['3'], 'ERT_OPENMP_LDFLAGS': ['-fopenmp'], 'ERT_ALIGN': ['64'], 'ERT_GNUPLOT': ['gnuplot']}
