16 67108864 323762.869 342699.534 345755.124 6.21099587233 6.26637457873 6.63289046898 0.38818724202 0.391648411171 0.414555654311
32 33554432 229328.303 232760.086 253013.523 8.48762399154 9.22616796077 9.36423293552 0.530476499472 0.576635497548 0.58526455847
48 16777216 155442.444 155490.092 164880.547 9.76836118818 10.3582981738 10.3614733181 0.610522574261 0.647393635859 0.647592082379
64 16777216 199979.207 204799.046 212347.802 10.1130486295 10.485808845 10.7385346718 0.632065539346 0.655363052814 0.671158416985
80 8388608 130645.704 131749.337 132037.338 10.1651343501 10.1873550984 10.2734130469 0.635320896881 0.636709693651 0.642088315434
96 8388608 148322.998 149075.841 154223.867 10.443342962 10.8039822227 10.8588199923 0.652708935122 0.67524888892 0.678676249519
112 8388608 170773.489 175183.196 178669.494 10.5168943502 10.7261896969 11.0031609883 0.657305896887 0.670386856054 0.687697561769
128 8388608 193624.502 193660.016 204985.302 10.476281114 11.0889366445 11.0909705426 0.654767569628 0.693058540282 0.69318565891
144 4194304 107736.07 108777.815 124794.795 9.67956678001 11.1048337568 11.2122110264 0.604972923751 0.694052109798 0.700763189153
160 4194304 118751.528 119894.331 120783.429 11.1122634215 11.1946684118 11.3024000836 0.694516463844 0.699666775738 0.706400005228
176 4194304 131440.69 145692.711 188162.885 7.84636676888 10.133623006 11.2324045773 0.490397923055 0.633351437877 0.702025286082
192 4194304 142237.062 144590.286 151426.278 10.636282931 11.1391489744 11.3234392876 0.664767683189 0.696196810898 0.707714955473
208 4194304 154571.756 155377.376 165128.165 10.5665224585 11.2296301361 11.2881583877 0.660407653655 0.701851883507 0.705509899234
224 4194304 166791.071 167109.489 179255.758 10.4824983753 11.2444134875 11.2658800063 0.655156148457 0.702775842968 0.704117500391
240 4194304 178147.478 178828.64 182902.359 11.0073261548 11.2580732035 11.3011194018 0.687957884677 0.703629575218 0.70631996261
256 4194304 190059.805 196988.375 198751.751 10.8048539809 10.901575527 11.2989890103 0.675303373805 0.681348470436 0.706186813145
272 2097152 100880.151 104580.259 106068.305 10.7558114368 10.9088531517 11.3089708599 0.672238214799 0.681803321983 0.706810678743
288 2097152 106144.585 112606.19 115770.039 10.4341292655 10.7272926293 11.3803219637 0.652133079095 0.670455789331 0.711270122729
304 2097152 132676.197 136296.869 143019.432 8.91535085946 9.35508222129 9.61037808462 0.557209428716 0.584692638831 0.600648630289
320 2097152 138281.632 140537.409 146994.668 9.13078888004 9.55032037057 9.70611396892 0.570674305003 0.596895023161 0.606632123057
352 2097152 129214.616 130247.623 137787.15 10.7150413373 11.3352932974 11.4259133657 0.669690083582 0.70845583109 0.714119585357
384 2097152 141263.739 148413.639 151036.747 10.6637144138 10.8521881604 11.4014590538 0.666482150864 0.678261760026 0.712591190865
416 2097152 154948.553 161176.103 164535.606 10.6045767626 10.8256151596 11.2607083462 0.662786047659 0.676600947474 0.703794271638
448 2097152 164520.621 165579.158 173824.328 10.8100414575 11.3483376452 11.4213536308 0.675627591093 0.709271102828 0.713834601925
480 2097152 176526.326 177325.059 208804.796 9.64185669375 11.3535330616 11.4049046713 0.602616043359 0.709595816348 0.712806541955
528 1048576 106498.494 108540.259 115432.834 9.59255887281 10.2017100954 10.3972949702 0.59953492955 0.637606880964 0.649830935637
576 1048576 107739.032 109842.356 111203.472 10.8626064481 10.9972108756 11.2119027763 0.678912903007 0.687325679722 0.700743923521
624 1048576 114992.432 116826.8 122788.781 10.6575115197 11.2013925572 11.3800780211 0.666094469983 0.700087034824 0.711254876321
672 1048576 134243.99 138162.919 144872.351 9.72777851862 10.2001763874 10.4979458969 0.607986157414 0.637511024213 0.656121618554
736 1048576 135316.761 135873.327 145703.815 10.5934348528 11.3598739803 11.4065978272 0.662089678297 0.709992123767 0.712912364197
800 1048576 146838.45 147610.931 159498.386 10.5187371614 11.3658357727 11.4256286415 0.657421072587 0.710364735793 0.714101790097
880 1048576 161881.752 174130.074 178963.212 10.3121403521 10.5983631524 11.4002581341 0.644508772004 0.662397697023 0.712516133381
960 1048576 177121.98 198196.352 199317.105 10.1008185926 10.1579363075 11.3665504417 0.631301162035 0.63487101922 0.710409402605
1056 524288 98155.548 104279.118 105404.25 10.5052334797 10.6185809512 11.2810358514 0.65657709248 0.663661309448 0.705064740711
1152 524288 105962.035 111239.865 114208.11 10.5768281429 10.8590526607 11.3999278326 0.661051758934 0.678690791291 0.71249548954
1264 524288 123004.569 123109.104 129837.263 10.2081639229 10.7660605182 10.7752100168 0.638010245179 0.672878782385 0.67345062605
1376 524288 132604.075 138115.654 142970.675 10.0918637756 10.4466114753 10.8808162645 0.630741485973 0.652913217209 0.680051016532
1504 524288 144190.265 147184.941 151515.251 10.4085779721 10.7148074612 10.9373424343 0.650536123258 0.669675466324 0.683583902145
1648 524288 157690.391 164378.242 164649.461 10.4953471302 10.5126641274 10.9585196475 0.655959195639 0.657041507963 0.684907477971
1808 524288 173655.711 179524.496 187577.422 10.1068955303 10.5602603001 10.917149785 0.631680970645 0.660016268755 0.68232186156
1984 524288 189120.364 196950.433 199838.051 10.4103036113 10.5629358225 11.0002685063 0.650643975706 0.660183488909 0.687516781641
2176 262144 103360.725 106157.819 107053.751 10.6568025627 10.7467419616 11.0375646843 0.666050160167 0.6716713726 0.689847792767
2384 262144 113134.122 115399.583 121324.419 10.3021518858 10.8310841297 11.0479718223 0.643884492865 0.676942758103 0.690498238896
2608 262144 123930.872 125092.893 130674.138 10.4637621868 10.930621806 11.0331112977 0.653985136676 0.683163862874 0.689569456108
2864 262144 136010.217 136439.61 138247.927 10.8613623697 11.0053146004 11.0400590861 0.678835148103 0.687832162522 0.690003692884
3136 262144 147919.299 152572.913 153639.388 10.7014691311 10.7762717226 11.1152985386 0.668841820692 0.673516982664 0.69470615866
3440 262144 163520.26 164187.203 182390.263 9.88841558938 10.984721629 11.0295245372 0.618025974336 0.686545101813 0.689345283575
3776 262144 180209.917 180635.706 181817.903 10.8884298814 10.9596908155 10.9855857045 0.680526867588 0.684980675969 0.68659910653
4144 131072 97496.427 100100.204 110913.421 9.79434883719 10.8523728483 11.1422004829 0.612146802324 0.678273303019 0.696387530181
4544 131072 107639.673 108056.608 116307.939 10.241625346 11.0236880284 11.0663875391 0.640101584123 0.688980501776 0.691649221194
4992 131072 117917.296 118186.115 124113.587 10.5437517328 11.0725599873 11.0978023784 0.658984483302 0.692034999204 0.693612648648
5488 131072 129125.652 130805.248 159340.015 9.02878207963 10.9983834288 11.1414443971 0.564298879977 0.687398964298 0.69634027482
6032 131072 140357.494 142685.632 155664.422 10.1580861425 11.082073127 11.2658937043 0.634880383907 0.692629570439 0.704118356516
6624 131072 154945.12 162529.994 174022.46 9.97826289779 10.6838240331 11.2068186207 0.623641431112 0.66773900207 0.700426163793
7280 131072 169919.322 173584.167 182718.519 10.444525987 10.9941381923 11.2312613865 0.652782874187 0.687133637021 0.701953836657
8000 131072 186977.117 199806.071 201661.514 10.3993665346 10.4959373332 11.216089079 0.64996040841 0.655996083322 0.701005567435
8800 65536 101716.569 110980.683 120868.249 9.54289988928 10.3931023744 11.3396825251 0.59643124308 0.6495688984 0.708730157817
9680 65536 111941.393 117426.771 118515.198 10.7056055376 10.8048356367 11.3342966886 0.669100346101 0.675302227292 0.708393543039
10640 65536 123049.543 134099.772 142988.563 9.75327012693 10.3997647364 11.3336957294 0.609579382933 0.649985296023 0.708355983086
11696 65536 140156.662 140384.514 141379.184 10.8433085312 10.9201369034 10.9378897166 0.677706783199 0.682508556464 0.683618107286
12864 65536 149960.487 153624.632 166137.628 10.1488761354 10.9755199153 11.2436965345 0.634304758462 0.685969994708 0.702731033409
14144 65536 163197.261 167838.643 168993.947 10.9701110656 11.0456229559 11.3597639853 0.685631941598 0.690351434741 0.709985249078
15552 65536 181277.289 184822.225 190592.377 10.6952427798 11.029148383 11.2448269458 0.668452673739 0.689321773937 0.702801684109
17104 32768 98903.885 100839.652 110603.14 10.1346828309 11.1159422089 11.333505696 0.63341767693 0.694746388058 0.708344105997
18800 32768 110274.717 110746.636 112016.132 10.9991014509 11.1251848769 11.172794939 0.687443840678 0.695324054809 0.698299683689
20672 32768 120299.546 121610.864 123443.987 10.9746956893 11.1401247178 11.2615569804 0.685918480582 0.696257794863 0.703847311277
22736 32768 132421.0 132571.034 134206.192 11.1025167602 11.2394574519 11.2521918427 0.693907297511 0.702466090745 0.703261990168
25008 32768 145378.991 145585.276 146819.533 11.162849074 11.2574865607 11.273460331 0.697678067127 0.703592910041 0.704591270688
27504 32768 158184.846 162318.756 163606.329 11.0173130527 11.1047064949 11.3949103822 0.688582065795 0.694044155932 0.712181898891
30240 32768 176048.62 178549.264 181091.742 10.9436720753 11.0995060725 11.2571665714 0.683979504709 0.693719129528 0.703572910711
33264 16384 96532.626 98016.323 103072.795 10.5749994652 11.1205431773 11.2914648359 0.660937466574 0.69503394858 0.705716552246
36576 16384 106967.634 107332.723 112972.163 10.6090061142 11.1664209619 11.2045328403 0.663062882137 0.697901310116 0.700283302517
40224 16384 116777.538 117377.018 123948.756 10.6339109365 11.2292853785 11.2869311562 0.664619433534 0.701830336157 0.705433197264
44240 16384 128096.764 128856.119 135468.04 10.7010946641 11.2501938693 11.3168847888 0.668818416506 0.703137116833 0.707305299297
48656 16384 141369.157 142148.198 148323.983 10.7491706719 11.216180229 11.2779890737 0.671823166992 0.701011264314 0.704874317104
53520 16384 154244.181 156347.654 159262.254 11.0116698461 11.2169470736 11.3699158609 0.688229365384 0.7010591921 0.710619741305
58864 16384 170082.055 170555.61 170708.036 11.2991491039 11.3092471834 11.3407352234 0.706196818995 0.70682794896 0.70879595146
64736 16384 187676.399 188289.309 209944.856 10.1039353305 11.2660100526 11.3028023731 0.631495958158 0.70412562829 0.706425148321
71200 8192 102924.749 103545.367 111753.883 10.4384811398 11.2659874005 11.3339193084 0.65240507124 0.70412421253 0.708369956773
78320 8192 113598.802 113636.618 125006.443 10.2650299393 11.2920896678 11.2958487009 0.641564371206 0.705755604237 0.705990543809
86144 8192 124712.761 125422.177 133451.306 10.5760171129 11.2530601028 11.3170720036 0.661001069559 0.703316256422 0.707317000223
94752 8192 136494.114 136660.008 146111.377 10.6248863016 11.3597005497 11.373507051 0.664055393852 0.709981284356 0.710844190688
104224 8192 150786.239 151292.371 151690.874 11.2571440257 11.2867952608 11.3246807356 0.703571501605 0.705424703801 0.707792545976
114640 8192 167215.857 177124.617 200475.327 9.36904200685 10.6041824779 11.2325576874 0.585565125428 0.66276140487 0.702034855462
126096 8192 181715.554 182539.794 189854.087 10.8818140112 11.3178437355 11.3691801198 0.6801133757 0.707365233468 0.710573757489
138704 4096 99968.541 100523.885 111685.773 10.1737503129 11.3034147855 11.3662073752 0.635859394553 0.706463424091 0.710387960949
152560 4096 110005.573 110359.893 128305.592 9.74058496219 11.3245082613 11.360983684 0.608786560137 0.707781766334 0.710061480249
167808 4096 120884.315 122447.818 125724.708 10.9340730066 11.2266854441 11.3718900256 0.68337956291 0.701667840255 0.7107431266
184576 4096 132711.494 132723.044 137179.888 11.0223635115 11.3924948255 11.3934863246 0.688897719467 0.712030926596 0.712092895285
203024 4096 146072.168 146493.056 151926.327 10.9472310747 11.3532521842 11.3859651073 0.684201942169 0.709578261512 0.711622819208
223312 4096 159963.566 161341.924 163749.158 11.1717942635 11.338478299 11.4361785608 0.69823714147 0.70865489369 0.714761160051
245632 4096 176675.332 188718.742 267864.914 7.51206014237 10.6625199102 11.3893508574 0.469503758898 0.666407494387 0.711834428589
270192 2048 97047.76 102908.143 128296.847 8.62613897285 10.7543135046 11.4037297924 0.539133685803 0.672144594039 0.712733112026
297200 2048 107171.854 107536.66 118781.598 10.2484831026 11.3201507281 11.3586837828 0.640530193911 0.707509420508 0.709917736424
326912 2048 116876.016 122605.556 147360.501 9.08677388386 10.9214589916 11.4568548606 0.567923367742 0.682591186977 0.716053428789
359600 2048 131266.699 131704.263 138266.585 10.6527661763 11.1835529576 11.2208321777 0.665797886019 0.698972059849 0.701302011106
395552 2048 141001.859 146697.216 176540.272 9.1774016979 11.0443881362 11.4904938381 0.573587606119 0.690274258511 0.718155864881
435104 2048 155728.257 159727.219 162031.253 10.99902612 11.1576849278 11.4442042718 0.687439132499 0.697355307989 0.715262766988
478608 2048 173831.365 174962.455 265053.573 7.39615899462 11.2045659625 11.2774720949 0.462259937164 0.700285372653 0.704842005929
526464 1024 94751.083 105257.233 109293.646 9.86515055047 10.2434601525 11.3792712216 0.616571909405 0.640216259532 0.711204451352
579104 1024 108142.398 109631.45 176944.417 6.70269801166 10.8181091466 10.967067625 0.418918625729 0.676131821662 0.685441726565
637008 1024 116809.677 117036.235 118649.698 10.9953283151 11.1469100488 11.1685300183 0.687208019695 0.696681878053 0.698033126142
700704 1024 127291.975 128389.537 129142.432 11.1120858557 11.1772487504 11.2736234315 0.694505365982 0.698578046901 0.704601464468
770768 1024 138107.912 138392.104 140839.728 11.2080084676 11.4062350262 11.429706243 0.700500529226 0.71288968914 0.71435664019
847840 1024 152622.24 154764.904 157234.973 11.0431940609 11.219444946 11.376954761 0.690199628806 0.701215309125 0.711059672561
932624 1024 166917.663 166946.726 170079.893 11.2300985044 11.4408589959 11.4428510301 0.701881156522 0.715053687246 0.715178189381
1025872 1024 185762.705 186840.452 190643.911 11.0204718576 11.2448125313 11.310052015 0.688779491101 0.702800783205 0.706878250938
1128448 512 102621.693 104882.089 110584.575 10.4492941443 11.0174269317 11.2601022086 0.65308088402 0.68858918323 0.703756388038
1241280 512 115679.29 118044.98 141976.833 8.95266286155 10.7676812686 10.9878848669 0.559541428847 0.672980079288 0.686742804179
1365408 512 123971.982 124302.999 126416.795 11.0600635936 11.2481420661 11.2781756768 0.6912539746 0.703008879134 0.704885979801
1501936 512 134277.48 179876.623 211980.349 7.25530678318 8.550207572 11.4537632371 0.453456673949 0.53438797325 0.715860202321
1652128 512 152326.362 155501.433 197481.564 8.56676966565 10.8795079207 11.1062789775 0.535423104103 0.679969245042 0.694142436094
1817328 512 167619.184 168047.058 201921.446 9.21617742377 11.0739449661 11.1022129305 0.576011088986 0.692121560379 0.693888308155
1999056 512 180696.253 224295.226 300528.02 6.81145586358 9.12651321433 11.3285876714 0.425715991474 0.570407075896 0.708036729461
2198960 256 103354.231 113909.318 142269.687 7.91361493612 9.88389308063 10.8932891194 0.494600933507 0.61774331754 0.680830569965
2418848 256 114483.923 115256.269 115350.87 10.7363748188 10.74518711 10.8176776577 0.671023426178 0.671574194372 0.676104853605
2660720 256 121898.99 121989.102 168898.464 8.06572545266 11.1672978788 11.1755531362 0.504107840791 0.697956117424 0.698472071016
2926784 256 136760.642 158343.666 167993.301 8.92007835479 9.46367761878 10.9571978172 0.557504897174 0.591479851174 0.684824863574
3219456 256 147584.129 148158.671 162513.463 10.1429225713 11.1256496894 11.1689616165 0.633932660705 0.69535310559 0.698060101029
3541392 256 171494.736 174212.329 180191.223 10.0626027939 10.4079470977 10.5728767325 0.62891267462 0.650496693607 0.660804795781
3895520 256 175650.72 187505.449 224365.762 8.88953030186 10.6370574863 11.354956245 0.555595643867 0.664816092891 0.709684765312
4285072 128 107139.074 114792.051 115172.456 9.52465954186 9.55622294788 10.2388268915 0.595291221366 0.597263934242 0.639926680718
4713568 128 118010.532 118121.594 156192.366 7.72555944251 10.2155191709 10.225133194 0.482847465157 0.638469948179 0.639070824628
5184912 128 135175.141 136064.822 165380.093 8.02598092625 9.7551847163 9.8193903271 0.501623807891 0.609699044769 0.613711895444
5703392 128 129650.388 133064.644 153096.333 9.53692569501 10.9726243434 11.2615810452 0.596057855938 0.685789021462 0.703848815323
6273728 128 146746.656 148915.224 175078.724 9.17344113154 10.7851589976 10.9445381025 0.573340070722 0.674072437349 0.684033631403
6901088 128 164373.307 184069.436 185819.282 9.50750917227 9.59789178688 10.7479648627 0.594219323267 0.59986823668 0.671747803918
7591184 128 204327.945 206157.699 226318.258 8.58677121843 9.42648813712 9.51090221164 0.536673201152 0.58915550857 0.594431388227
8350288 128 193336.241 249846.253 320849.364 6.66254625333 8.55595672271 11.0567667859 0.416409140833 0.53474729517 0.691047924119
9185312 64 125706.977 137139.786 145321.085 8.09049792052 8.57314985164 9.35286142471 0.505656120032 0.535821865728 0.584553839044
10103840 64 120158.364 130950.877 131831.221 9.81020664293 9.87615775952 10.7632251052 0.613137915183 0.61725985997 0.672701569073
11114224 64 126766.526 150361.397 160796.398 8.84734166744 9.46134247476 11.2223685297 0.552958854215 0.591333904672 0.701398033105
12225632 64 144055.39 173457.681 187893.577 8.32854917654 9.02168694392 10.8630499421 0.520534323534 0.563855433995 0.678940621382
13448192 64 180814.27 187545.7 191344.242 8.99618696652 9.17839532445 9.52009250155 0.562261685408 0.573649707778 0.595005781347
14793008 64 168864.319 200158.49 236498.25 8.00642298199 9.4600285204 11.2131741934 0.500401436374 0.591251782525 0.700823387089
16272304 64 196016.451 226010.249 243435.847 8.5560731407 9.21575424661 10.6259189031 0.534754571294 0.575984640413 0.664119931444
17899520 32 122768.216 126483.63 151483.967 7.56231370677 9.05705568381 9.33115522343 0.472644606673 0.566065980238 0.583197201465
19689472 32 138055.014 138954.609 197117.594 6.39276374284 9.06861756561 9.12771055168 0.399547733928 0.566788597851 0.57048190948
21658416 32 123788.503 127393.238 170027.269 8.152448911 10.8807864983 11.1976362134 0.509528056938 0.680049156141 0.69985226334
23824256 32 141366.418 145188.366 146526.717 10.4059683805 10.5018909297 10.7858174917 0.650373023781 0.656368183109 0.67411359323
26206672 32 161898.075 173036.408 189200.179 8.86482780759 9.69291392133 10.3597711585 0.554051737974 0.605807120083 0.647485697406
28827328 32 169503.084 202401.605 247692.69 7.4485403344 9.11528834962 10.8844567807 0.4655337709 0.569705521851 0.680278548796
31710048 32 181725.97 219294.101 346324.255 5.85995073316 9.25443531196 11.1676007122 0.366246920823 0.578402206998 0.697975044513
34881040 16 103797.992 116060.772 122915.589 9.08097409841 9.61731738266 10.7535151547 0.567560881151 0.601082336416 0.672094697169
38369136 16 123716.8 124681.144 129999.219 9.44476714125 9.8476185942 9.92437851609 0.590297946328 0.615476162137 0.620273657256
42206048 16 124623.255 145057.005 150088.278 8.99866101469 9.31077775941 10.8374118137 0.562416313418 0.581923609963 0.677338238357
46426640 16 134599.578 164668.387 183114.751 8.11323212295 9.02208679557 11.0375716037 0.507077007685 0.563880424723 0.68984822523
51069296 16 170447.024 172448.911 174570.646 9.36135317962 9.47653112173 9.58783224047 0.585084573726 0.592283195108 0.59923951503
56176224 16 178356.076 185657.97 186262.348 9.65111407272 9.682531636 10.0789342775 0.603194629545 0.60515822725 0.629933392345
61793840 16 190870.982 218205.439 230107.518 8.59338667935 9.06211544984 10.3598926316 0.53708666746 0.566382215615 0.647493289472
67973216 8 118925.737 120052.221 149178.935 7.29038222454 9.05915314969 9.14496292758 0.455648889034 0.566197071856 0.571560182974
74770528 8 107419.469 123320.215 145196.534 8.23937331727 9.70099223392 11.136979722 0.51496083233 0.60631201462 0.696061232624
82247568 8 118615.386 125560.881 145910.234 9.01897729806 10.4806614729 11.0943540495 0.563686081128 0.655041342056 0.693397128093
90472320 8 134399.184 160492.942 180386.572 8.02474986885 9.01944410739 10.7705796785 0.501546866803 0.563715256712 0.673161229907
99519552 8 147622.052 169444.605 173231.036 9.19184499941 9.39724715343 10.7864157856 0.574490312463 0.587327947089 0.674150986602
109471504 8 159969.978 181699.307 182972.131 9.57273686669 9.6397949608 10.9492048814 0.598296054168 0.60248718505 0.684325305089
120418640 8 198680.737 203911.441 206590.886 9.3261531392 9.44870101722 9.69745869223 0.5828845712 0.590543813576 0.606091168265
132460496 8 200918.037 203306.375 227859.825 9.3011918007 10.4245030978 10.5484204785 0.581324487544 0.651531443616 0.659276279909
145706544 4 107894.685 129478.274 129484.465 9.00225638651 9.00268682914 10.8036123559 0.562641024157 0.562667926821 0.675225772243
160277184 4 117033.996 142059.788 147266.143 8.70680419735 9.02590022167 10.9559402893 0.544175262334 0.564118763855 0.684746268084
176304896 4 141576.334 150784.544 156058.488 9.03788820509 9.35400360398 9.96239363 0.564868012818 0.584625225249 0.622649601875
193935376 4 162108.087 172624.761 174182.676 8.90721766153 8.98760409001 9.57067001846 0.556701103846 0.561725255625 0.598166876153
213328912 4 157054.385 219745.605 234839.495 7.26722434827 7.76639558275 10.8664988628 0.454201521767 0.485399723922 0.679156178925
234661792 4 195908.446 202975.545 225798.949 8.31400829948 9.24886954239 9.58250843356 0.519625518718 0.578054346399 0.598906777097
258127968 4 185302.439 195302.618 222505.004 9.28079686693 10.5734565422 11.1440721188 0.580049804183 0.660841033887 0.696504507423
283940752 2 103698.266 104880.618 124851.179 9.09693458321 10.829102933 10.9525747325 0.568558411451 0.676818933313 0.684535920784
312334816 2 112992.889 134626.344 137995.05 9.05350781785 9.28005044837 11.0567954767 0.565844238616 0.580003153023 0.691049717297
343568288 2 126280.525 145174.786 148088.097 9.28010542265 9.46633495985 10.882700654 0.580006588916 0.59164593499 0.680168790873
377925104 2 159190.347 167418.066 168201.022 8.98746272778 9.02949396154 9.49618142361 0.561716420486 0.564343372596 0.593511338976
415717600 2 155407.544 173930.176 176086.979 9.44346032537 9.56056296982 10.7000622827 0.590216270335 0.597535185614 0.668753892668
457289360 2 164466.568 168343.134 208759.62 8.76202706251 10.8656492043 11.1217584354 0.547626691407 0.67910307527 0.695109902214
503018288 2 188924.171 217001.029 220196.142 9.13764034976 9.27218253882 10.6501626624 0.57110252186 0.579511408676 0.665635166397
553320112 1 104040.244 115262.251 120904.999 9.15297326953 9.60106378627 10.6366554081 0.572060829346 0.600066486642 0.664790963005
608652112 1 125175.471 128188.61 128399.238 9.4806187557 9.49619645614 9.72478245358 0.592538672231 0.593512278509 0.607798903349
669517312 1 140079.11 147233.984 150937.682 8.87144022789 9.09460294167 9.55913143651 0.554465014243 0.568412683854 0.597445714782
736469040 1 151092.684 167089.313 187090.026 7.8728840414 8.81527402055 9.74857313409 0.492055252587 0.550954626284 0.609285820881
810115936 1 145283.601 157835.519 236181.199 6.86012213868 10.2653184927 11.1522006672 0.428757633668 0.641582405795 0.697012541698
891127520 1 160046.155 164212.777 192672.762 9.25016604059 10.8533274484 11.1358816461 0.578135377537 0.678332965528 0.695992602884
980240272 1 201340.113 205942.833 233873.72 8.38264574575 9.51953760877 9.73715825818 0.523915359109 0.594971100548 0.608572391136

META_DATA
ERT_VERSION  1.1.0
HOSTNAME  ('atajo-Inspiron-15-7568', [], ['127.0.1.1'])
TIMESTAMP_DATA  1535255494.15
UNAME  ('Linux', 'atajo-Inspiron-15-7568', '4.15.0-33-generic', '#36-Ubuntu SMP Wed Aug 15 16:00:05 UTC 2018', 'x86_64', 'x86_64')
FLOPS          1
TIMESTAMP_DATA  1535255441.5
MPI_PROCS      2
TIMESTAMP_DATA  1535255388.88
CONFIG  {'ERT_WORKING_SET_MIN': ['1'], 'ERT_CFLAGS': [], 'ERT_CC': ['mpicc'], 'ERT_MPI_CFLAGS': ['-I/usr/include/mpi'], 'ERT_MPI_LDFLAGS': ['-lmpi'], 'ERT_MEMORY_MAX': ['1073741824'], 'ERT_PROCS_THREADS': ['1-4'], 'ERT_LDFLAGS': [], 'ERT_LDLIBS': [], 'ERT_RUN': ['export', 'OMP_NUM_THREADS=ERT_OPENMP_THREADS;', 'mpirun', '-np', 'ERT_MPI_PROCS', 'ERT_CODE'], 'ERT_FLOPS': ['1,2,4,8,16,32'], 'ERT_OPENMP_CFLAGS': ['-fopenmp'], 'ERT_MPI': ['True'], 'ERT_TRIALS_MIN': ['1'], 'ERT_DRIVER': ['driver1'], 'ERT_RESULTS': ['Results/myLaptop'], 'ERT_OPENMP': ['False'], 'ERT_MPI_PROCS': ['1,2,4,8'], 'ERT_KERNEL': ['kernel1'], 'ERT_GPU': [False], 'ERT_OPENMP_THREADS': ['1,2,4,8'], 'ERT_LD': ['mpicc'], 'ERT_NUM_EXPERIMENTS': ['3'], 'ERT_OPENMP_LDFLAGS': ['-fopenmp'], 'ERT_ALIGN': ['64'], 'ERT_GNUPLOT': ['gnuplot']}
