           8            1           0.968           16            1
           8            2           0.385           32            2
           8            4           0.394           64            4
           8            8           0.378          128            8
           8           16           0.423          256           16
           8           32           0.498          512           32
           8           64           0.646         1024           64
           8          128           0.941         2048          128
           8          256           1.569         4096          256
           8          512           3.187         8192          512
           8         1024           5.167        16384         1024
           8         2048          23.210        32768         2048
           8         4096          19.634        65536         4096
           8         8192          38.858       131072         8192
           8        16384         126.946       262144        16384
           8        32768         223.976       524288        32768
           8        65536         390.210      1048576        65536
           8       131072         666.160      2097152       131072
           8       262144        1310.168      4194304       262144
           8       524288        2448.476      8388608       524288
           8      1048576        4813.145     16777216      1048576
           8      2097152        9953.940     33554432      2097152
           8      4194304       22087.419     67108864      4194304
           8      8388608       39365.742    134217728      8388608
           8     16777216       82266.908    268435456     16777216
           8     33554432      157060.096    536870912     33554432
           8     67108864      315315.793   1073741824     67108864
           8    134217728      625661.312   2147483648    134217728
          16            1           0.377           32            2
          16            2           0.405           64            4
          16            4           0.389          128            8
          16            8           0.402          256           16
          16           16           0.454          512           32
          16           32           0.593         1024           64
          16           64           0.769         2048          128
          16          128           1.186         4096          256
          16          256           2.830         8192          512
          16          512           5.254        16384         1024
          16         1024          24.878        32768         2048
          16         2048          52.372        65536         4096
          16         4096          52.568       131072         8192
          16         8192          67.507       262144        16384
          16        16384         148.422       524288        32768
          16        32768         261.469      1048576        65536
          16        65536         466.792      2097152       131072
          16       131072         854.165      4194304       262144
          16       262144        1858.832      8388608       524288
          16       524288        3439.462     16777216      1048576
          16      1048576        6847.439     33554432      2097152
          16      2097152       13669.677     67108864      4194304
          16      4194304       27493.548    134217728      8388608
          16      8388608       58092.824    268435456     16777216
          16     16777216      113651.803    536870912     33554432
          16     33554432      226197.513   1073741824     67108864
          16     67108864      477237.066   2147483648    134217728
          24            1           0.844           48            3
          24            2           0.361           96            6
          24            4          17.711          192           12
          24            8           0.419          384           24
          24           16           0.493          768           48
          24           32           0.636         1536           96
          24           64           0.913         3072          192
          24          128           1.461         6144          384
          24          256           2.995        12288          768
          24          512          22.449        24576         1536
          24         1024          45.248        49152         3072
          24         2048          39.597        98304         6144
          24         4096          65.520       196608        12288
          24         8192         106.981       393216        24576
          24        16384         212.721       786432        49152
          24        32768         363.884      1572864        98304
          24        65536         635.526      3145728       196608
          24       131072        1207.481      6291456       393216
          24       262144        2366.714     12582912       786432
          24       524288        4739.047     25165824      1572864
          24      1048576        9391.217     50331648      3145728
          24      2097152       18916.297    100663296      6291456
          24      4194304       40833.873    201326592     12582912
          24      8388608       78699.316    402653184     25165824
          24     16777216      154022.702    805306368     50331648
          24     33554432      312025.446   1610612736    100663296
          32            1           0.395           64            4
          32            2           0.427          128            8
          32            4           0.454          256           16
          32            8           0.444          512           32
          32           16           0.535         1024           64
          32           32           0.692         2048          128
          32           64           1.051         4096          256
          32          128          19.075         8192          512
          32          256           3.225        16384         1024
          32          512           8.861        32768         2048
          32         1024          49.671        65536         4096
          32         2048          67.497       131072         8192
          32         4096          67.792       262144        16384
          32         8192         104.078       524288        32768
          32        16384         204.742      1048576        65536
          32        32768         434.394      2097152       131072
          32        65536         793.218      4194304       262144
          32       131072        1536.506      8388608       524288
          32       262144        3143.511     16777216      1048576
          32       524288        6038.399     33554432      2097152
          32      1048576       12499.775     67108864      4194304
          32      2097152       27941.250    134217728      8388608
          32      4194304       48073.896    268435456     16777216
          32      8388608       99585.401    536870912     33554432
          32     16777216      200821.790   1073741824     67108864
          32     33554432      398080.400   2147483648    134217728
          40            1           0.393           80            5
          40            2           0.419          160           10
          40            4           0.407          320           20
          40            8           0.462          640           40
          40           16           0.570         1280           80
          40           32           0.780         2560          160
          40           64          18.442         5120          320
          40          128           2.227        10240          640
          40          256           4.041        20480         1280
          40          512          11.781        40960         2560
          40         1024          16.540        81920         5120
          40         2048          30.823       163840        10240
          40         4096          73.553       327680        20480
          40         8192         148.041       655360        40960
          40        16384         270.037      1310720        81920
          40        32768         494.748      2621440       163840
          40        65536         945.083      5242880       327680
          40       131072        1867.691     10485760       655360
          40       262144        3777.608     20971520      1310720
          40       524288        7382.648     41943040      2621440
          40      1048576       14842.010     83886080      5242880
          40      2097152       29968.690    167772160     10485760
          40      4194304       59291.563    335544320     20971520
          40      8388608      120613.438    671088640     41943040
          40     16777216      240105.071   1342177280     83886080
          48            1           0.385           96            6
          48            2           0.412          192           12
          48            4           0.405          384           24
          48            8          17.670          768           48
          48           16           0.617         1536           96
          48           32           0.878         3072          192
          48           64           1.404         6144          384
          48          128           2.449        12288          768
          48          256           4.578        24576         1536
          48          512           8.870        49152         3072
          48         1024          30.666        98304         6144
          48         2048          46.420       196608        12288
          48         4096         137.117       393216        24576
          48         8192         189.642       786432        49152
          48        16384         341.022      1572864        98304
          48        32768         582.164      3145728       196608
          48        65536        1141.649      6291456       393216
          48       131072        2233.676     12582912       786432
          48       262144        4418.769     25165824      1572864
          48       524288        8811.009     50331648      3145728
          48      1048576       17658.311    100663296      6291456
          48      2097152       36821.954    201326592     12582912
          48      4194304       70409.958    402653184     25165824
          48      8388608      141682.606    805306368     50331648
          48     16777216      283574.069   1610612736    100663296
          56            1           0.398          112            7
          56            2           0.398          224           14
          56            4           0.443          448           28
          56            8           0.987          896           56
          56           16          17.613         1792          112
          56           32           0.978         3584          224
          56           64           1.607         7168          448
          56          128           3.555        14336          896
          56          256           7.259        28672         1792
          56          512          14.106        57344         3584
          56         1024          23.016       114688         7168
          56         2048         101.955       229376        14336
          56         4096         100.169       458752        28672
          56         8192         228.871       917504        57344
          56        16384         382.064      1835008       114688
          56        32768         688.314      3670016       229376
          56        65536        1325.548      7340032       458752
          56       131072        2603.565     14680064       917504
          56       262144        5185.513     29360128      1835008
          56       524288       10269.167     58720256      3670016
          56      1048576       20577.732    117440512      7340032
          56      2097152       41066.054    234881024     14680064
          56      4194304       83215.185    469762048     29360128
          56      8388608      165569.180    939524096     58720256
          56     16777216      344431.016   1879048192    117440512
          64            1           0.403          128            8
          64            2           0.394          256           16
          64            4           0.449          512           32
          64            8           0.513         1024           64
          64           16           0.684         2048          128
          64           32           1.009         4096          256
          64           64          18.949         8192          512
          64          128           3.120        16384         1024
          64          256           8.761        32768         2048
          64          512          16.098        65536         4096
          64         1024          24.640       131072         8192
          64         2048         103.229       262144        16384
          64         4096         123.045       524288        32768
          64         8192         252.833      1048576        65536
          64        16384         425.719      2097152       131072
          64        32768         788.093      4194304       262144
          64        65536        1514.873      8388608       524288
          64       131072        2965.588     16777216      1048576
          64       262144        5955.376     33554432      2097152
          64       524288       12109.998     67108864      4194304
          64      1048576       23848.176    134217728      8388608
          64      2097152       46496.408    268435456     16777216
          64      4194304       93597.552    536870912     33554432
          64      8388608      187042.869   1073741824     67108864
          64     16777216      376436.405   2147483648    134217728
          72            1           0.403          144            9
          72            2           0.441          288           18
          72            4           0.452          576           36
          72            8           0.523         1152           72
          72           16           0.736         2304          144
          72           32           1.120         4608          288
          72           64           1.990         9216          576
          72          128           3.497        18432         1152
          72          256           6.738        36864         2304
          72          512          13.450        73728         4608
          72         1024          38.962       147456         9216
          72         2048          55.344       294912        18432
          72         4096         115.212       589824        36864
          72         8192         246.906      1179648        73728
          72        16384         441.971      2359296       147456
          72        32768         838.736      4718592       294912
          72        65536        1651.822      9437184       589824
          72       131072        3316.804     18874368      1179648
          72       262144        6508.996     37748736      2359296
          72       524288       12996.359     75497472      4718592
          72      1048576       26307.818    150994944      9437184
          72      2097152       53498.714    301989888     18874368
          72      4194304      104613.913    603979776     37748736
          72      8388608      209875.999   1207959552     75497472
          80            1           0.407          160           10
          80            2           0.431          320           20
          80            4           0.476          640           40
          80            8           0.614         1280           80
          80           16           0.782         2560          160
          80           32           1.241         5120          320
          80           64           2.207        10240          640
          80          128          17.176        20480         1280
          80          256           7.549        40960         2560
          80          512          14.382        81920         5120
          80         1024          30.822       163840        10240
          80         2048          78.482       327680        20480
          80         4096         193.254       655360        40960
          80         8192         262.562      1310720        81920
          80        16384         488.267      2621440       163840
          80        32768         938.057      5242880       327680
          80        65536        1818.963     10485760       655360
          80       131072        3617.691     20971520      1310720
          80       262144        7276.677     41943040      2621440
          80       524288       14628.409     83886080      5242880
          80      1048576       28928.298    167772160     10485760
          80      2097152       58698.252    335544320     20971520
          80      4194304      117131.710    671088640     41943040
          80      8388608      236213.887   1342177280     83886080
          88            1           0.522          176           11
          88            2           0.558          352           22
          88            4           0.633          704           44
          88            8           0.702         1408           88
          88           16           1.125         2816          176
          88           32           1.712         5632          352
          88           64           3.247        11264          704
          88          128           6.652        22528         1408
          88          256          10.576        45056         2816
          88          512          22.359        90112         5632
          88         1024          35.349       180224        11264
          88         2048          73.475       360448        22528
          88         4096         156.451       720896        45056
          88         8192         340.938      1441792        90112
          88        16384         718.310      2883584       180224
          88        32768        1125.775      5767168       360448
          88        65536        2118.706     11534336       720896
          88       131072        4074.775     23068672      1441792
          88       262144        7968.520     46137344      2883584
          88       524288       15858.201     92274688      5767168
          88      1048576       31885.412    184549376     11534336
          88      2097152       64513.915    369098752     23068672
          88      4194304      128991.877    738197504     46137344
          88      8388608      255398.014   1476395008     92274688
          96            1           0.601          192           12
          96            2           0.413          384           24
          96            4           0.475          768           48
          96            8           0.813         1536           96
          96           16           0.882         3072          192
          96           32           1.405         6144          384
          96           64           2.546        12288          768
          96          128           6.371        24576         1536
          96          256          11.890        49152         3072
          96          512          21.734        98304         6144
          96         1024          41.435       196608        12288
          96         2048          77.914       393216        24576
          96         4096         152.465       786432        49152
          96         8192         334.866      1572864        98304
          96        16384         600.487      3145728       196608
          96        32768        1129.583      6291456       393216
          96        65536        2221.813     12582912       786432
          96       131072        4418.096     25165824      1572864
          96       262144        8640.425     50331648      3145728
          96       524288       17454.268    100663296      6291456
          96      1048576       35269.942    201326592     12582912
          96      2097152       70036.931    402653184     25165824
          96      4194304      139347.764    805306368     50331648
          96      8388608      289099.599   1610612736    100663296
         104            1           0.377          208           13
         104            2           0.437          416           26
         104            4           0.494          832           52
         104            8           0.602         1664          104
         104           16           0.931         3328          208
         104           32           1.528         6656          416
         104           64           3.545        13312          832
         104          128           6.587        26624         1664
         104          256          29.894        53248         3328
         104          512          22.875       106496         6656
         104         1024          44.271       212992        13312
         104         2048          79.487       425984        26624
         104         4096         195.803       851968        53248
         104         8192         336.906      1703936       106496
         104        16384         641.184      3407872       212992
         104        32768        1245.565      6815744       425984
         104        65536        2415.393     13631488       851968
         104       131072        4785.331     27262976      1703936
         104       262144        9563.098     54525952      3407872
         104       524288       20865.427    109051904      6815744
         104      1048576       48087.205    218103808     13631488
         104      2097152       83650.663    436207616     27262976
         104      4194304      150190.875    872415232     54525952
         104      8388608      299873.182   1744830464    109051904
         112            1           0.496          224           14
         112            2           0.563          448           28
         112            4           0.663          896           56
         112            8           0.916         1792          112
         112           16          18.324         3584          224
         112           32           2.296         7168          448
         112           64           2.820        14336          896
         112          128          18.433        28672         1792
         112          256          10.205        57344         3584
         112          512          20.125       114688         7168
         112         1024          42.154       229376        14336
         112         2048          81.567       458752        28672
         112         4096         212.936       917504        57344
         112         8192         371.091      1835008       114688
         112        16384         658.919      3670016       229376
         112        32768        1288.165      7340032       458752
         112        65536        2640.212     14680064       917504
         112       131072        5224.044     29360128      1835008
         112       262144       10180.080     58720256      3670016
         112       524288       20158.075    117440512      7340032
         112      1048576       40775.918    234881024     14680064
         112      2097152       84514.721    469762048     29360128
         112      4194304      168182.150    939524096     58720256
         112      8388608      325570.808   1879048192    117440512
         120            1           0.384          240           15
         120            2           0.431          480           30
         120            4           0.540          960           60
         120            8           0.658         1920          120
         120           16           1.000         3840          240
         120           32           1.723         7680          480
         120           64           4.002        15360          960
         120          128           7.415        30720         1920
         120          256          25.664        61440         3840
         120          512          23.849       122880         7680
         120         1024          44.223       245760        15360
         120         2048          86.758       491520        30720
         120         4096         226.543       983040        61440
         120         8192         364.034      1966080       122880
         120        16384         704.196      3932160       245760
         120        32768        1366.044      7864320       491520
         120        65536        2755.544     15728640       983040
         120       131072        5918.483     31457280      1966080
         120       262144       11027.960     62914560      3932160
         120       524288       21533.432    125829120      7864320
         120      1048576       46207.670    251658240     15728640
         120      2097152       89642.737    503316480     31457280
         120      4194304      176693.147   1006632960     62914560
         120      8388608      356162.788   2013265920    125829120
         128            1           0.442          256           16
         128            2           0.457          512           32
         128            4           0.535         1024           64
         128            8           0.710         2048          128
         128           16           1.079         4096          256
         128           32           1.807         8192          512
         128           64           4.504        16384         1024
         128          128           7.731        32768         2048
         128          256          13.481        65536         4096
         128          512          37.603       131072         8192
         128         1024          47.689       262144        16384
         128         2048         104.068       524288        32768
         128         4096         222.415      1048576        65536
         128         8192         384.084      2097152       131072
         128        16384         736.428      4194304       262144
         128        32768        1460.086      8388608       524288
         128        65536        2879.711     16777216      1048576
         128       131072        5741.860     33554432      2097152
         128       262144       11445.475     67108864      4194304
         128       524288       25540.873    134217728      8388608
         128      1048576       47440.484    268435456     16777216
         128      2097152       95698.198    536870912     33554432
         128      4194304      188990.808   1073741824     67108864
         128      8388608      372411.547   2147483648    134217728
         136            1           0.626          272           17
         136            2           0.678          544           34
         136            4           0.635         1088           68
         136            8           1.030         2176          136
         136           16           1.479         4352          272
         136           32          22.400         8704          544
         136           64           4.704        17408         1088
         136          128           8.627        34816         2176
         136          256          14.301        69632         4352
         136          512          44.092       139264         8704
         136         1024          52.965       278528        17408
         136         2048         100.325       557056        34816
         136         4096         207.810      1114112        69632
         136         8192         430.308      2228224       139264
         136        16384         803.782      4456448       278528
         136        32768        1598.429      8912896       557056
         136        65536        3174.947     17825792      1114112
         136       131072        6246.645     35651584      2228224
         136       262144       12225.355     71303168      4456448
         136       524288       24343.387    142606336      8912896
         136      1048576       50384.490    285212672     17825792
         136      2097152       98998.804    570425344     35651584
         136      4194304      211719.007   1140850688     71303168
         144            1           0.514          288           18
         144            2           0.582          576           36
         144            4           0.738         1152           72
         144            8           0.983         2304          144
         144           16           1.614         4608          288
         144           32           1.919         9216          576
         144           64           3.509        18432         1152
         144          128          19.992        36864         2304
         144          256          13.051        73728         4608
         144          512          29.034       147456         9216
         144         1024          68.760       294912        18432
         144         2048         151.221       589824        36864
         144         4096         235.647      1179648        73728
         144         8192         438.870      2359296       147456
         144        16384         823.952      4718592       294912
         144        32768        1645.982      9437184       589824
         144        65536        3264.826     18874368      1179648
         144       131072        6472.717     37748736      2359296
         144       262144       12983.974     75497472      4718592
         144       524288       25773.765    150994944      9437184
         144      1048576       52810.210    301989888     18874368
         144      2097152      104705.713    603979776     37748736
         144      4194304      209324.408   1207959552     75497472
         152            1           0.408          304           19
         152            2           0.454          608           38
         152            4           0.569         1216           76
         152            8           0.754         2432          152
         152           16           1.182         4864          304
         152           32           2.043         9728          608
         152           64           5.222        19456         1216
         152          128           8.921        38912         2432
         152          256          15.250        77824         4864
         152          512          33.809       155648         9728
         152         1024          80.686       311296        19456
         152         2048         176.912       622592        38912
         152         4096         319.577      1245184        77824
         152         8192         557.323      2490368       155648
         152        16384        1067.659      4980736       311296
         152        32768        2024.957      9961472       622592
         152        65536        3901.639     19922944      1245184
         152       131072        7822.705     39845888      2490368
         152       262144       16581.994     79691776      4980736
         152       524288       32986.615    159383552      9961472
         152      1048576       68451.067    318767104     19922944
         152      2097152      127039.127    637534208     39845888
         152      4194304      267359.422   1275068416     79691776
         160            1           0.433          320           20
         160            2           0.458          640           40
         160            4           0.576         1280           80
         160            8          17.639         2560          160
         160           16           1.229         5120          320
         160           32           2.156        10240          640
         160           64           5.196        20480         1280
         160          128           9.781        40960         2560
         160          256          19.215        81920         5120
         160          512          33.808       163840        10240
         160         1024          98.005       327680        20480
         160         2048         129.762       655360        40960
         160         4096         270.812      1310720        81920
         160         8192         510.836      2621440       163840
         160        16384         953.801      5242880       327680
         160        32768        1823.813     10485760       655360
         160        65536        3627.517     20971520      1310720
         160       131072        7224.696     41943040      2621440
         160       262144       15191.127     83886080      5242880
         160       524288       32614.909    167772160     10485760
         160      1048576       58169.437    335544320     20971520
         160      2097152      117046.905    671088640     41943040
         160      4194304      239181.693   1342177280     83886080
         176            1           0.526          352           22
         176            2           0.675          704           44
         176            4           0.835         1408           88
         176            8           1.045         2816          176
         176           16           1.787         5632          352
         176           32           3.140        11264          704
         176           64           5.191        22528         1408
         176          128           8.741        45056         2816
         176          256          16.305        90112         5632
         176          512          31.410       180224        11264
         176         1024          61.558       360448        22528
         176         2048         120.851       720896        45056
         176         4096         242.246      1441792        90112
         176         8192         480.898      2883584       180224
         176        16384         969.153      5767168       360448
         176        32768        1945.077     11534336       720896
         176        65536        3910.558     23068672      1441792
         176       131072        7849.666     46137344      2883584
         176       262144       15946.786     92274688      5767168
         176       524288       31428.437    184549376     11534336
         176      1048576       63846.587    369098752     23068672
         176      2097152      127404.515    738197504     46137344
         176      4194304      255234.935   1476395008     92274688
         192            1           0.474          384           24
         192            2           0.498          768           48
         192            4           0.645         1536           96
         192            8           0.879         3072          192
         192           16           1.401         6144          384
         192           32           2.433        12288          768
         192           64           4.613        24576         1536
         192          128           8.798        49152         3072
         192          256          30.500        98304         6144
         192          512          34.381       196608        12288
         192         1024          67.906       393216        24576
         192         2048         135.081       786432        49152
         192         4096         272.289      1572864        98304
         192         8192         542.130      3145728       196608
         192        16384        1095.160      6291456       393216
         192        32768        2201.063     12582912       786432
         192        65536        4275.236     25165824      1572864
         192       131072        8495.702     50331648      3145728
         192       262144       17141.336    100663296      6291456
         192       524288       37205.793    201326592     12582912
         192      1048576       68281.317    402653184     25165824
