16 67108864 697090.391 697195.721 697563.274 3.07855033091 3.08017330474 3.08063871734 0.769637582726 0.770043326184 0.770159679335
32 33554432 348844.751 351591.262 356782.137 6.01903353698 6.10789823326 6.15598670137 1.50475838425 1.52697455832 1.53899667534
48 16777216 237183.913 237223.992 237458.113 6.78272355344 6.78941755605 6.79056482216 1.69568088836 1.69735438901 1.69764120554
64 16777216 306511.565 306618.81 307913.143 6.97431628633 7.0037570363 7.00620757328 1.74357907158 1.75093925908 1.75155189332
80 8388608 189146.44 189177.06 189283.311 7.0908379239 7.09482048193 7.09596902802 1.77270948097 1.77370512048 1.773992257
96 8388608 227137.335 227349.688 234517.486 6.86777247817 7.08429710271 7.09092028398 1.71694311954 1.77107427568 1.77273007099
112 8388608 261040.384 261127.512 261225.558 7.19320194542 7.19590278944 7.1983045811 1.79830048636 1.79897569736 1.79957614528
128 8388608 295223.613 295273.261 295609.401 7.26459862486 7.27286866656 7.27409175092 1.81614965621 1.81821716664 1.81852293773
144 4194304 165363.804 165390.282 166564.962 7.252182797 7.30369122897 7.3048606937 1.81304569925 1.82592280724 1.82621517342
160 4194304 182492.479 182733.875 182790.09 7.34272454267 7.34498340825 7.354699149 1.83568113567 1.83624585206 1.83867478725
176 4194304 200618.488 200674.103 201120.221 7.34085812286 7.35717756267 7.35921710266 1.83521453072 1.83929439067 1.83980427567
192 4194304 218113.448 218165.053 218347.192 7.37638401139 7.38254231763 7.38428900542 1.84409600285 1.84563557941 1.84607225135
208 4194304 236154.952 236349.645 237288.982 7.35318786946 7.3824120362 7.38849831106 1.83829696737 1.84560300905 1.84712457776
224 4194304 253851.553 253989.617 254205.686 7.39184170727 7.39812994797 7.40215362007 1.84796042682 1.84953248699 1.85053840502
240 4194304 271125.043 271254.924 271290.037 7.42108314136 7.42204377459 7.42559926491 1.85527078534 1.85551094365 1.85639981623
256 4194304 288492.407 288517.885 289483.368 7.41833170878 7.44315607332 7.44381341031 1.8545829272 1.86078901833 1.86095335258
272 2097152 153229.105 153419.407 153445.308 7.43490109193 7.43615628758 7.44539157884 1.85872527298 1.8590390719 1.86134789471
288 2097152 161872.121 162085.422 163169.212 7.40310955231 7.45261071042 7.46243111252 1.85077738808 1.8631526776 1.86560777813
304 2097152 186962.627 187038.761 187123.307 6.81405452074 6.8171346366 6.81991067659 1.70351363019 1.70428365915 1.70497766915
320 2097152 186491.287 195807.329 195901.24 6.85129547929 6.85458142376 7.19699725167 1.71282386982 1.71364535594 1.79924931292
352 2097152 197306.953 197311.552 197469.976 7.47655434971 7.48255737201 7.48273178189 1.86913858743 1.870639343 1.87068294547
384 2097152 214809.167 214906.907 216944.315 7.42408362256 7.49446706243 7.49787710875 1.85602090564 1.87361676561 1.87446927719
416 2097152 232788.47 232853.552 233240.525 7.48082034201 7.49325251435 7.49534744569 1.8702050855 1.87331312859 1.87383686142
448 2097152 250439.798 250523.648 251312.837 7.47692881283 7.50048231774 7.50299356175 1.86923220321 1.87512057944 1.87574839044
480 2097152 267599.59 267662.378 267895.908 7.51510515793 7.52166193487 7.52342677356 1.87877628948 1.88041548372 1.88085669339
528 1048576 155691.794 155807.496 157002.511 7.05272959615 7.10682274234 7.11210416138 1.76318239904 1.77670568559 1.77802604034
576 1048576 160432.833 160480.527 160626.018 7.52032308987 7.52714098453 7.52937867774 1.88008077247 1.88178524613 1.88234466944
624 1048576 173730.577 173895.141 176408.528 7.41813824329 7.52535603051 7.53248432485 1.85453456082 1.88133900763 1.88312108121
672 1048576 196335.226 196398.059 198454.409 7.10130931886 7.17566228086 7.17795870212 1.77532732971 1.79391557021 1.79448967553
736 1048576 204586.82 204599.218 215629.039 7.1581447432 7.54403602852 7.54449319854 1.7895361858 1.88600900713 1.88612329963
800 1048576 222088.437 222168.064 232894.948 7.20376983016 7.55158761252 7.55429513874 1.80094245754 1.88789690313 1.88857378469
880 1048576 244252.191 244445.214 265546.1 6.94980555165 7.5497234321 7.55568968468 1.73745138791 1.88743085802 1.88892242117
960 1048576 266062.98 268120.954 277206.603 7.26269106945 7.50879739149 7.56687728597 1.81567276736 1.87719934787 1.89171932149
1056 524288 146532.822 151925.977 152341.019 7.26853649312 7.28839318901 7.55664322086 1.81713412328 1.82209829725 1.88916080522
1152 524288 159795.407 164931.533 164947.593 7.32329299282 7.32400608924 7.55941346925 1.83082324821 1.83100152231 1.88985336731
1264 524288 179959.457 185469.438 185719.154 7.13658249811 7.14619119081 7.36499257163 1.78414562453 1.7865477977 1.84124814291
1376 524288 195248.333 200682.049 200779.58 7.18619182289 7.18968429508 7.38977154801 1.79654795572 1.79742107377 1.847442887
1504 524288 213058.965 218157.235 218187.35 7.2280006334 7.22899840567 7.40198049868 1.80700015835 1.80724960142 1.85049512467
1648 524288 232872.933 238127.404 238320.147 7.25097424516 7.2568432653 7.42058437508 1.81274356129 1.81421081632 1.85514609377
1808 524288 255156.364 260102.563 260175.718 7.2867115447 7.28876096465 7.43005339267 1.82167788617 1.82219024116 1.85751334817
1984 524288 280075.708 284375.735 284474.567 7.31304315159 7.31558472807 7.42790154439 1.8282607879 1.82889618202 1.8569753861
2176 262144 152823.175 155366.759 155373.17 7.34264923603 7.34295222056 7.46516808069 1.83566230901 1.83573805514 1.86629202017
2384 262144 167156.639 169842.488 169989.851 7.35280715082 7.35918677781 7.47743313982 1.83820178771 1.83979669445 1.86935828496
2608 262144 182695.165 185335.724 186905.942 7.31567487565 7.3776553947 7.48428730448 1.82891871891 1.84441384868 1.87107182612
2864 262144 200693.663 202959.781 205662.489 7.30109238345 7.39831716708 7.48185473101 1.82527309586 1.84957929177 1.87046368275
3136 262144 221733.524 222007.941 224475.597 7.32448065613 7.4058935036 7.41505902373 1.83112016403 1.8514733759 1.85376475593
3440 262144 242706.522 245313.622 245974.419 7.33226945848 7.35202026408 7.43099404638 1.83306736462 1.83800506602 1.8577485116
3776 262144 265648.919 265976.008 268196.422 7.38157307706 7.44319573365 7.45236041408 1.84539326927 1.86079893341 1.86309010352
4144 131072 145645.423 145657.684 146670.23 7.40657961742 7.45806679173 7.45869464089 1.85164490435 1.86451669793 1.86467366022
4544 131072 159369.736 159461.353 160492.365 7.42204986511 7.4700378091 7.47433211535 1.85551246628 1.86750945227 1.86858302884
4992 131072 174861.654 175663.87 185606.208 7.05053382697 7.44958452754 7.48376112238 1.76263345674 1.86239613189 1.87094028059
5488 131072 191999.965 192461.311 192604.103 7.46944768876 7.47498946425 7.49295069924 1.86736192219 1.86874736606 1.87323767481
6032 131072 210937.679 210941.8 211570.217 7.47389037276 7.49615584962 7.49630229884 1.86847259319 1.87403896241 1.87407557471
6624 131072 230998.791 231017.07 250760.258 6.92470916185 7.51650887097 7.51710365445 1.73117729046 1.87912721774 1.87927591361
7280 131072 253840.035 253942.422 256610.841 7.43697465221 7.51512214844 7.51815339137 1.85924366305 1.87878053711 1.87953834784
8000 131072 278490.67 279624.208 280420.724 7.47859134691 7.49989428669 7.53042103709 1.86964783673 1.87497357167 1.88260525927
8800 65536 153049.774 153253.875 153936.975 7.49289506306 7.52629321771 7.53632997851 1.87322376577 1.88157330443 1.88408249463
9680 65536 168277.172 169170.832 169619.335 7.4801434636 7.49997470013 7.53980438892 1.8700358659 1.87499367503 1.88495109723
10640 65536 184850.972 185444.771 186086.171 7.49441010316 7.5203311071 7.54448875714 1.87360252579 1.88008277677 1.88612218928
11696 65536 203616.228 203920.306 204027.265 7.51379043384 7.51773152008 7.52895840895 1.87844760846 1.87943288002 1.88223960224
12864 65536 224325.028 224469.859 224888.338 7.49754399448 7.51152166046 7.51637132527 1.87438599862 1.87788041512 1.87909283132
14144 65536 246021.706 246784.394 249982.198 7.41605755463 7.51215398167 7.53544229142 1.85401438866 1.87803849542 1.88386057286
15552 65536 270443.588 270745.583 274178.889 7.43467796312 7.52895659982 7.53736392523 1.85866949078 1.88223914996 1.88434098131
17104 32768 148747.338 148796.492 150213.52 7.46222939187 7.53329415857 7.53578355802 1.86555734797 1.88332353964 1.88394588951
18800 32768 163106.976 163639.074 165040.452 7.46530190065 7.52923351302 7.55379585972 1.86632547516 1.88230837825 1.88844896493
20672 32768 179555.209 179891.167 181486.884 7.46478292062 7.53099896228 7.54508988932 1.86619573016 1.88274974057 1.88627247233
22736 32768 197488.182 197604.084 199139.649 7.48231958569 7.54046407259 7.54488942533 1.87057989642 1.88511601815 1.88622235633
25008 32768 217002.667 217639.269 218647.674 7.49573163994 7.53046219798 7.55255366516 1.87393290998 1.88261554949 1.88813841629
27504 32768 238848.013 239078.184 242042.801 7.44703885657 7.53938361854 7.54664910694 1.86175971414 1.88484590464 1.88666227673
30240 32768 262655.847 263944.999 264633.641 7.48887644258 7.5084151907 7.5452675531 1.87221911065 1.87710379767 1.88631688827
33264 16384 144366.415 144583.883 145308.533 7.50124393589 7.5388399411 7.55019615885 1.87531098397 1.88470998528 1.88754903971
36576 16384 158973.133 159058.722 159981.741 7.49161973428 7.53509366182 7.53915045506 1.87290493357 1.88377341546 1.88478761377
40224 16384 174791.062 174922.221 175694.039 7.50201907533 7.53512060655 7.54077477943 1.87550476883 1.88378015164 1.88519369486
44240 16384 192216.56 192495.084 193166.605 7.50469430262 7.53087450275 7.54178682628 1.87617357566 1.88271862569 1.88544670657
48656 16384 211315.376 211774.182 214765.265 7.42373217568 7.52858442395 7.54493041718 1.85593304392 1.88214610599 1.88623260429
53520 16384 232643.218 233913.751 234747.662 7.47075964488 7.49739317378 7.53833864179 1.86768991122 1.87434829344 1.88458466045
58864 16384 255788.252 256535.811 257799.437 7.48200063757 7.51885494848 7.54082932628 1.87050015939 1.87971373712 1.88520733157
64736 16384 281412.722 282203.053 283474.933 7.4830928631 7.51681891974 7.53792946148 1.87077321577 1.87920472994 1.88448236537
71200 8192 155015.743 155590.745 156107.42 7.4726800302 7.49749478994 7.52530534915 1.86817000755 1.87437369748 1.88132633729
78320 8192 170517.442 171433.421 171488.654 7.48268092419 7.48509171966 7.52529984587 1.87067023105 1.87127292991 1.88132496147
86144 8192 187337.532 187868.49 188198.767 7.49942902655 7.51261319022 7.5339056778 1.87485725664 1.87815329755 1.88347641945
94752 8192 206453.799 206582.562 206960.193 7.50104039572 7.51475222773 7.51943909736 1.87526009893 1.87868805693 1.87985977434
104224 8192 227153.371 227197.434 227738.419 7.4981025314 7.51595643461 7.51741437286 1.87452563285 1.87898910865 1.87935359322
114640 8192 249816.235 250219.463 251406.483 7.47101561418 7.50645748129 7.51857364274 1.86775390355 1.87661437032 1.87964341069
126096 8192 274751.417 275229.574 275953.077 7.48662376394 7.50630404275 7.51936745789 1.87165594098 1.87657601069 1.87984186447
138704 4096 151177.678 151249.546 151271.281 7.5114268914 7.51250630531 7.51607765797 1.87785672285 1.87812657633 1.87901941449
152560 4096 166282.958 166382.946 166605.348 7.50138897102 7.5114159837 7.51593269107 1.87534724275 1.87785399593 1.87898317277
167808 4096 182689.147 183018.667 183268.137 7.5009391076 7.51116352519 7.52471155826 1.8752347769 1.8777908813 1.88117788957
184576 4096 201063.3 201556.774 201724.933 7.49558604141 7.50183961567 7.52025154267 1.87389651035 1.87545990392 1.88006288567
203024 4096 221370.17 222711.648 232557.843 7.15165133347 7.46782946889 7.51308366434 1.78791283337 1.86695736722 1.87827091609
223312 4096 243016.632 243446.512 243828.135 7.50271048089 7.5144716142 7.52776420669 1.87567762022 1.87861790355 1.88194105167
245632 4096 267163.055 267765.652 268345.245 7.49861375036 7.51484489878 7.53179493325 1.87465343759 1.87871122469 1.88294873331
270192 2048 146904.48 147140.883 147259.629 7.51534170984 7.52140675953 7.533510428 1.87883542746 1.88035168988 1.883377607
297200 2048 161973.964 162020.087 163173.17 7.46036373504 7.51345850098 7.51559800068 1.86509093376 1.87836462525 1.87889950017
326912 2048 177986.772 178157.855 178358.26 7.50753877056 7.51598379987 7.5232082528 1.87688469264 1.87899594997 1.8808020632
359600 2048 195797.397 195895.439 196236.617 7.50584484444 7.51891727301 7.52268223464 1.87646121111 1.87972931825 1.88067055866
395552 2048 215379.201 215808.553 216168.42 7.49499391262 7.50749203161 7.52245799259 1.87374847815 1.8768730079 1.88061449815
435104 2048 236834.345 237235.915 237439.363 7.50585733335 7.51229418193 7.52503182763 1.87646433334 1.87807354548 1.88125795691
478608 2048 260621.577 261228.759 261230.981 7.50438696243 7.50445079441 7.52193425643 1.87609674061 1.8761126986 1.88048356411
526464 1024 143439.884 143465.528 143642.836 7.50610543501 7.51538217599 7.51672576645 1.87652635875 1.878845544 1.87918144161
579104 1024 157746.623 157794.376 158225.912 7.49564326733 7.51614234971 7.51841763357 1.87391081683 1.87903558743 1.87960440839
637008 1024 173458.149 173731.193 173797.803 7.50638018134 7.50925819061 7.52107866665 1.87659504534 1.87731454765 1.88026966666
700704 1024 190815.358 190949.609 191066.473 7.51069389343 7.51529054977 7.52057804488 1.87767347336 1.87882263744 1.88014451122
770768 1024 209818.828 210375.768 211559.327 7.4614193871 7.50339679806 7.52331370376 1.86535484678 1.87584919951 1.88082842594
847840 1024 230886.173 231143.602 231144.346 7.51208649508 7.51211067482 7.5204863827 1.87802162377 1.8780276687 1.88012159567
932624 1024 253901.157 254382.12 255964.906 7.46201493731 7.50844419411 7.52266738194 1.86550373433 1.87711104853 1.88066684548
1025872 1024 279356.132 279358.885 279490.77 7.51719227079 7.52074112839 7.52081524382 1.8792980677 1.8801852821 1.88020381095
1128448 512 153624.361 153666.372 154109.408 7.49811946588 7.51973731767 7.52179370823 1.87452986647 1.87993432942 1.88044842706
1241280 512 169104.064 169114.583 169277.087 7.50881730379 7.51603260613 7.51650013568 1.87720432595 1.87900815153 1.87912503392
1365408 512 185970.44 185984.81 186112.842 7.5125272226 7.51769884863 7.51827974381 1.87813180565 1.87942471216 1.87956993595
1501936 512 204593.56 204669.309 204877.728 7.50683092308 7.51447528462 7.51725745424 1.87670773077 1.87861882115 1.87931436356
1652128 512 224954.443 225169.224 225253.196 7.51056634064 7.51336724418 7.52054082346 1.87764158516 1.87834181105 1.88013520586
1817328 512 247477.866 247486.347 247962.903 7.5049285578 7.51937993573 7.51963762287 1.87623213945 1.87984498393 1.87990940572
1999056 512 272335.838 272708.901 282622.111 7.24300493248 7.50629457452 7.51657717557 1.81075123312 1.87657364363 1.87914429389
2198960 256 149752.757 149770.073 150047.79 7.50339288569 7.51730634464 7.51817557522 1.87584822142 1.87932658616 1.87954389381
2418848 256 164906.773 164980.094 165013.758 7.5051328508 7.5066642646 7.51000188452 1.8762832127 1.87666606615 1.87750047113
2660720 256 181301.194 181607.778 181753.595 7.49525003893 7.50126814502 7.51395294176 1.87381250973 1.87531703626 1.87848823544
2926784 256 199668.785 199894.676 200068.637 7.48999658552 7.49651485465 7.50499587605 1.87249914638 1.87412871366 1.87624896901
3219456 256 219852.826 219983.271 233499.345 7.05938370834 7.49312192926 7.49756781384 1.76484592708 1.87328048231 1.87439195346
3541392 256 242054.444 242336.116 242507.515 7.47685161014 7.48213982269 7.49084657995 1.86921290254 1.87053495567 1.87271164499
3895520 256 266643.324 266875.993 267773.542 7.44848137386 7.47353187366 7.48005316645 1.86212034347 1.86838296841 1.87001329161
4285072 128 146756.809 146900.777 147555.522 7.43434347377 7.46747875949 7.47480433429 1.85858586844 1.86686968987 1.86870108357
4713568 128 161781.593 161905.609 162040.758 7.44672774241 7.45294381988 7.45865698083 1.8616819356 1.86323595497 1.86466424521
5184912 128 178182.336 178190.875 189610.497 7.00033749714 7.44896433109 7.44932130646 1.75008437428 1.86224108277 1.86233032662
5703392 128 195537.554 195634.673 196687.061 7.42330656921 7.463239157 7.46694597601 1.8558266423 1.86580978925 1.866736494
6273728 128 214577.838 214670.816 215090.409 7.46697342511 7.48156828174 7.48481009488 1.86674335628 1.87039207043 1.87120252372
6901088 128 236106.227 236301.903 236381.736 7.47383684499 7.47636183023 7.48255795896 1.86845921125 1.86909045756 1.87063948974
7591184 128 259605.223 259723.431 259961.741 7.47549657317 7.48235573709 7.48576273444 1.86887414329 1.87058893427 1.87144068361
8350288 128 285502.506 285701.134 285892.681 7.4771894143 7.48220246126 7.48740793189 1.86929735358 1.87055061532 1.87185198297
9185312 64 157146.142 157167.097 157437.834 7.467836073 7.48070021297 7.48169774349 1.86695901825 1.87017505324 1.87042443587
10103840 64 172830.601 172843.7 173170.45 7.46831529282 7.48243366695 7.4830007679 1.86707882321 1.87060841674 1.87075019198
11114224 64 190105.763 190502.967 212302.387 6.70091698969 7.46770874178 7.48331165531 1.67522924742 1.86692718544 1.87082791383
12225632 64 209277.919 209306.121 210323.797 7.44034159863 7.4765175931 7.47752511817 1.86008539966 1.86912939827 1.86938127954
13448192 64 230000.923 230159.202 231034.767 7.45069063999 7.4790343425 7.48418116566 1.86267266 1.86975858562 1.87104529141
14793008 64 252950.103 253511.553 253659.717 7.46474468392 7.46910742959 7.48568591806 1.86618617098 1.8672768574 1.87142147952
16272304 64 277827.463 278162.005 278620.852 7.47558876893 7.48792025712 7.49693673012 1.86889719223 1.87198006428 1.87423418253
17899520 32 152850.105 153171.955 153291.79 7.47312873051 7.47897537771 7.49472353977 1.86828218263 1.86974384443 1.87368088494
19689472 32 168148.35 168351.811 168519.166 7.47764327293 7.48507664108 7.49413365043 1.86941081823 1.87126916027 1.87353341261
21658416 32 184997.657 185044.933 185206.777 7.48427593446 7.49082183191 7.4927361053 1.87106898362 1.87270545798 1.87318402633
23824256 32 203406.478 203637.478 203725.993 7.48432913025 7.48758233983 7.49608566547 1.87108228256 1.87189558496 1.87402141637
26206672 32 223663.589 223868.528 223879.448 7.49165241822 7.49201785076 7.49888265452 1.87291310456 1.87300446269 1.87472066363
28827328 32 246028.79 246818.617 259820.327 7.1008647141 7.47491827977 7.49891503348 1.77521617852 1.86872956994 1.87472875837
31710048 32 270797.174 270930.346 271017.733 7.48822982738 7.49064511216 7.49432884407 1.87205745685 1.87266127804 1.87358221102
34881040 16 148965.406 149023.046 149050.356 7.48869918835 7.4900715692 7.49296974359 1.87217479709 1.8725178923 1.8732424359
38369136 16 163825.18 163856.374 163925.652 7.49005623598 7.49322301005 7.49464979681 1.872514059 1.87330575251 1.8736624492
42206048 16 180025.959 180077.017 180142.728 7.4973525215 7.50008834276 7.50221547771 1.87433813037 1.87502208569 1.87555386943
46426640 16 198082.193 198109.254 198120.982 7.4987134881 7.49915740938 7.50018190681 1.87467837203 1.87478935234 1.8750454767
51069296 16 217900.904 219825.145 230508.103 7.08963134368 7.43416988079 7.49981960607 1.77240783592 1.8585424702 1.87495490152
56176224 16 239555.02 239699.609 239704.756 7.49938882314 7.49954985534 7.50407638295 1.87484720579 1.87488746383 1.87601909574
61793840 16 263642.651 263676.727 263988.157 7.49049844687 7.49934551486 7.5003148106 1.87262461172 1.87483637871 1.87507870265
67973216 8 145062.378 145138.779 145822.303 7.45819695359 7.49332096834 7.49726752722 1.8645492384 1.87333024209 1.8743168818
74770528 8 159427.889 159529.917 159581.09 7.49668051522 7.49908525308 7.50388439252 1.8741701288 1.87477131327 1.87597109813
82247568 8 175495.534 175586.482 176142.001 7.47102383605 7.49466059694 7.49854459544 1.86775595901 1.87366514923 1.87463614886
90472320 8 192952.699 193060.427 193387.396 7.48527127383 7.49794840141 7.50213460347 1.87131781846 1.87448710035 1.87553365087
99519552 8 212223.965 212462.773 212596.923 7.48982068757 7.49454979579 7.5029831433 1.87245517189 1.87363744895 1.87574578583
109471504 8 233405.375 233557.26 234112.023 7.48164934699 7.49942033059 7.50430046437 1.87041233675 1.87485508265 1.87607511609
120418640 8 256680.028 256824.245 257318.569 7.48759892256 7.50201072333 7.50622576681 1.87189973064 1.87550268083 1.8765564417
132460496 8 282451.072 282723.243 282740.387 7.49580899456 7.49626353147 7.50348696145 1.87395224864 1.87406588287 1.87587174036
145706544 4 155351.776 155411.056 155636.277 7.48959287943 7.50044676358 7.50330882603 1.87239821986 1.8751116909 1.87582720651
160277184 4 170895.621 171046.963 171492.393 7.4768183566 7.49628902794 7.50292760281 1.86920458915 1.87407225699 1.8757319007
176304896 4 187948.185 188306.279 188451.043 7.48437973888 7.49013349682 7.50440430164 1.87109493472 1.87253337421 1.87610107541
193935376 4 206720.632 206869.033 207020.092 7.49435957163 7.49983207008 7.50521606377 1.87358989291 1.87495801752 1.87630401594
213328912 4 227423.451 227718.38 229232.145 7.44499117259 7.49448198253 7.50420103334 1.86124779315 1.87362049563 1.87605025834
234661792 4 250167.152 250206.867 250335.016 7.49912803249 7.50296887735 7.50416000259 1.87478200812 1.87574221934 1.87604000065
258127968 4 275168.372 275348.292 275539.794 7.49446645808 7.49967878501 7.50458248159 1.87361661452 1.87491969625 1.8761456204
283940752 2 151349.929 151483.922 151632.526 7.49023338172 7.49758121525 7.50421896795 1.87255834543 1.87439530381 1.87605474199
312334816 2 166538.829 166572.049 166573.422 7.50023172364 7.50029354565 7.50178965171 1.87505793091 1.87507338641 1.87544741293
343568288 2 183174.811 183198.107 204641.667 6.71550995526 7.50156851785 7.50252256027 1.67887748882 1.87539212946 1.87563064007
377925104 2 201468.024 201517.31 201647.891 7.4967330851 7.50159088567 7.50342603251 1.87418327127 1.87539772142 1.87585650813
415717600 2 221536.316 222101.239 230727.042 7.20708931899 7.48699290237 7.50608491657 1.80177232975 1.87174822559 1.87652122914
457289360 2 243746.843 243779.35 244018.596 7.4959755936 7.50333217313 7.50433284586 1.8739938984 1.87583304328 1.87608321147
503018288 2 268068.574 268440.328 269298.232 7.47154237537 7.49542055395 7.50581510535 1.86788559384 1.87385513849 1.87645377634
553320112 1 147507.808 147537.574 147664.79 7.49427283241 7.50073485687 7.50224845047 1.8735682081 1.87518371422 1.87556211262
608652112 1 162185.883 162249.052 162262.163 7.50208305802 7.50268928536 7.50561147175 1.87552076451 1.87567232134 1.87640286794
669517312 1 178393.599 178452.289 178658.254 7.49494968198 7.50360015836 7.50606877997 1.87373742049 1.87590003959 1.87651719499
736469040 1 196243.461 196277.058 196526.926 7.49484108859 7.50438230025 7.50566705507 1.87371027215 1.87609557506 1.87641676377
810115936 1 216287.106 216334.892 217314.78 7.45569110394 7.48946162601 7.49111633127 1.86392277598 1.8723654065 1.87277908282
891127520 1 237409.74 237819.567 237920.87 7.4909571405 7.49414803198 7.50708475566 1.87273928512 1.873537008 1.87677118892
980240272 1 261277.988 261297.856 263734.348 7.43354272535 7.50285736749 7.50342789688 1.85838568134 1.87571434187 1.87585697422

META_DATA
ERT_VERSION  1.1.0
OPENMP_THREADS 1
HOSTNAME  ('atajo-Inspiron-15-7568', [], ['127.0.1.1'])
TIMESTAMP_DATA  1535287923.05
FLOPS          4
CONFIG  {'ERT_WORKING_SET_MIN': ['1'], 'ERT_CFLAGS': [], 'ERT_CC': ['mpicc'], 'ERT_MPI_CFLAGS': ['-I/usr/include/mpi'], 'ERT_MPI_LDFLAGS': ['-lmpi'], 'ERT_MEMORY_MAX': ['1073741824'], 'ERT_PROCS_THREADS': ['1-4'], 'ERT_LDFLAGS': [], 'ERT_LDLIBS': [], 'ERT_RUN': ['export', 'OMP_NUM_THREADS=ERT_OPENMP_THREADS;', 'mpirun', '-np', 'ERT_MPI_PROCS', 'ERT_CODE'], 'ERT_FLOPS': ['1,2,4,8,16'], 'ERT_OPENMP_CFLAGS': ['-fopenmp'], 'ERT_MPI': ['True'], 'ERT_TRIALS_MIN': ['1'], 'ERT_DRIVER': ['driver1'], 'ERT_RESULTS': ['Results/myLaptop'], 'ERT_OPENMP': ['True'], 'ERT_MPI_PROCS': ['1,2,4'], 'ERT_KERNEL': ['kernel1'], 'ERT_GPU': [False], 'ERT_OPENMP_THREADS': ['1,2,4'], 'ERT_LD': ['mpicc'], 'ERT_NUM_EXPERIMENTS': ['3'], 'ERT_OPENMP_LDFLAGS': ['-fopenmp'], 'ERT_ALIGN': ['64'], 'ERT_GNUPLOT': ['gnuplot']}
MPI_PROCS      2
UNAME  ('Linux', 'atajo-Inspiron-15-7568', '4.15.0-33-generic', '#36-Ubuntu SMP Wed Aug 15 16:00:05 UTC 2018', 'x86_64', 'x86_64')
TIMESTAMP_DATA  1535287849.26
TIMESTAMP_DATA  1535287775.34
