16 67108864 696897.678 696966.444 697321.718 3.07961675733 3.08118657144 3.08149060586 0.769904189331 0.770296642861 0.770372651464
32 33554432 348382.999 348435.936 348875.019 6.15545261497 6.16320943429 6.16414593756 1.53886315374 1.54080235857 1.54103648439
48 16777216 237535.13 237812.586 238020.511 6.76669724484 6.77261352349 6.78052436286 1.69167431121 1.69315338087 1.69513109071
64 16777216 306367.659 306675.195 307137.793 6.99192250821 7.00246933242 7.00949850585 1.74798062705 1.7506173331 1.75237462646
80 8388608 188777.878 188888.107 189006.633 7.10121787102 7.10567383684 7.10982289991 1.77530446775 1.77641845921 1.77745572498
96 8388608 226294.693 226530.897 227348.57 7.08433194016 7.1099031405 7.11732438197 1.77108298504 1.77747578512 1.77933109549
112 8388608 260787.983 261456.009 261518.785 7.18513659353 7.18686175616 7.20527138706 1.79628414838 1.79671543904 1.80131784677
128 8388608 295269.101 295409.052 295410.656 7.26948606756 7.26952553912 7.27297113286 1.81737151689 1.81738138478 1.81824278322
144 4194304 165534.289 165658.776 166433.32 7.2579189792 7.29185365948 7.29733736314 1.8144797448 1.82296341487 1.82433434078
160 4194304 183034.452 183087.31 184764.385 7.26426405175 7.33080452162 7.33292156386 1.81606601294 1.83270113041 1.83323039096
176 4194304 200474.081 200532.968 200914.378 7.34837905926 7.36235554046 7.36451814936 1.83709476482 1.84058888512 1.84112953734
192 4194304 218592.935 218746.998 220534.213 7.30323297275 7.36290212312 7.36809145273 1.82580824319 1.84072553078 1.84202286318
208 4194304 236201.571 236242.503 237274.413 7.35363936608 7.38576014833 7.3870400464 1.83840984152 1.84644003708 1.8467600116
224 4194304 253832.389 254052.375 254666.819 7.37845707336 7.39630240418 7.4027124726 1.84461426834 1.84907560104 1.85067811815
240 4194304 271301.423 271437.657 271653.542 7.41115284262 7.41704722274 7.42077169275 1.85278821065 1.85426180569 1.85519292319
256 4194304 289045.225 289288.951 290317.76 7.39701094415 7.42331720785 7.42957662767 1.84925273604 1.85582930196 1.85739415692
272 2097152 153063.414 153161.077 153176.129 7.44796656926 7.4486985228 7.45345120814 1.86199164231 1.8621746307 1.86336280203
288 2097152 162116.995 162125.682 162185.953 7.44799120797 7.45076003443 7.4511592816 1.86199780199 1.86269000861 1.8627898204
304 2097152 187505.607 187721.46 187797.897 6.7895777129 6.79234231398 6.8001615333 1.69739442822 1.69808557849 1.70004038333
320 2097152 196465.948 196480.56 207022.156 6.48325428511 6.83109453678 6.83160259405 1.62081357128 1.7077736342 1.70790064851
352 2097152 197507.391 197571.561 197712.265 7.46739211146 7.47271014374 7.47513802154 1.86684802787 1.86817753594 1.86878450539
384 2097152 214774.359 214957.154 215980.309 7.45722025983 7.49271520407 7.49909227293 1.86430506496 1.87317880102 1.87477306823
416 2097152 232569.106 232794.889 233224.528 7.48133345563 7.49514077175 7.50241721271 1.87033336391 1.87378519294 1.87560430318
448 2097152 250169.571 250252.941 250480.368 7.50177831103 7.50859584104 7.51109811033 1.87544457776 1.87714896026 1.87777452758
480 2097152 268023.724 268204.906 278272.164 7.23488074071 7.50644702972 7.51152133085 1.80872018518 1.87661175743 1.87788033271
528 1048576 156217.07 156661.231 157506.64 7.0301560366 7.06809367533 7.0881898886 1.75753900915 1.76702341883 1.77204747215
576 1048576 160517.288 160539.032 160766.843 7.51373560281 7.52439787976 7.52541715008 1.8784339007 1.88109946994 1.88135428752
624 1048576 173777.002 173911.603 174032.909 7.5193988052 7.52464370074 7.53047200112 1.8798497013 1.88116092519 1.88261800028
672 1048576 195737.614 195753.189 195791.04 7.19790928124 7.19930107499 7.19987392919 1.79947732031 1.79982526875 1.7999684823
736 1048576 204487.827 204613.222 205021.524 7.52849672506 7.5435197047 7.54814550404 1.88212418126 1.88587992618 1.88703637601
800 1048576 222386.265 222393.459 222475.864 7.54113983349 7.54393410464 7.54417814428 1.88528495837 1.88598352616 1.88604453607
880 1048576 244299.195 244391.465 244456.605 7.54937163592 7.55138384231 7.55423594417 1.88734290898 1.88784596058 1.88855898604
960 1048576 266324.279 266344.437 266378.137 7.55792477068 7.55888105897 7.55945318827 1.88948119267 1.88972026474 1.88986329707
1056 524288 146607.322 146617.807 152655.335 7.25357064003 7.55226311631 7.55280323584 1.81339266001 1.88806577908 1.88820080896
1152 524288 159834.89 159854.477 169424.372 7.12978621517 7.55662008766 7.55754611524 1.78244655379 1.88915502191 1.88938652881
1264 524288 179928.826 180029.412 185256.381 7.15440977982 7.36213071673 7.36624638456 1.78860244495 1.84053267918 1.84156159614
1376 524288 195282.477 195304.99 201034.021 7.17709653731 7.38762781227 7.38847948964 1.79427413433 1.84690695307 1.84711987241
1504 524288 212875.829 212903.837 219385.023 7.18854132536 7.40737379947 7.4083483851 1.79713533134 1.85184344987 1.85208709628
1648 524288 232685.87 232918.847 242220.208 7.13422411065 7.41912159646 7.42655000065 1.78355602766 1.85478039911 1.85663750016
1808 524288 255962.973 259934.618 270939.958 6.99721599573 7.29347026797 7.406639272 1.74930399893 1.82336756699 1.851659818
1984 524288 279029.444 283945.977 284188.111 7.32041455457 7.32665701406 7.45575360857 1.83010363864 1.83166425351 1.86393840214
2176 262144 152772.912 155356.411 155377.073 7.34246479209 7.34344132087 7.46762415578 1.83561619802 1.83586033022 1.86690603894
2384 262144 167131.47 169757.929 170497.562 7.33091181679 7.3628525004 7.47855919654 1.8327279542 1.8407131251 1.86963979914
2608 262144 182503.205 185433.737 187664.81 7.28609217679 7.37375585544 7.49215940619 1.8215230442 1.84343896386 1.87303985155
2864 262144 200496.13 202889.887 204685.481 7.33594207398 7.40086583024 7.48922601149 1.83398551849 1.85021645756 1.87230650287
3136 262144 218817.131 221534.022 223720.67 7.34919651367 7.42173663962 7.51388687205 1.83729912842 1.85543415991 1.87847171801
3440 262144 239807.613 242528.755 245472.894 7.3472499982 7.43644076349 7.52082345276 1.83681249955 1.85911019087 1.88020586319
3776 262144 262774.574 265500.453 267883.462 7.3901967416 7.45652772201 7.53387764221 1.8475491854 1.8641319305 1.88346941055
4144 131072 145564.321 146527.381 155175.754 7.00060871623 7.4138002644 7.46285029557 1.75015217906 1.8534500661 1.86571257389
4544 131072 157943.548 160109.47 161137.567 7.39233164666 7.43979938226 7.54182333551 1.84808291167 1.85994984557 1.88545583388
4992 131072 174476.63 174728.712 175681.384 7.44884186477 7.48945512744 7.50027581344 1.86221046619 1.87236378186 1.87506895336
5488 131072 191765.408 192562.013 194166.724 7.40933483536 7.4710803527 7.50211566833 1.85233370884 1.86777008817 1.87552891708
6032 131072 210458.146 210483.659 210879.365 7.49837523458 7.51247206321 7.51338277018 1.87459380865 1.8781180158 1.87834569254
6624 131072 230840.48 230958.532 232362.31 7.47299274138 7.51841398091 7.52225890364 1.86824818534 1.87960349523 1.88056472591
7280 131072 253303.567 253421.412 255169.941 7.47896994654 7.53057251532 7.53407598086 1.86974248664 1.88264312883 1.88351899521
8000 131072 278225.734 278284.124 279620.379 7.49999698699 7.53601021092 7.53759175993 1.87499924675 1.88400255273 1.88439793998
8800 65536 153086.797 153182.434 153333.856 7.52236740202 7.52980331935 7.53450736839 1.8805918505 1.88245082984 1.8836268421
9680 65536 167939.627 168580.972 168741.779 7.51904458706 7.52621689712 7.5549587829 1.87976114676 1.88155422428 1.88873969572
10640 65536 185018.807 185384.636 196088.911 7.11211089341 7.52277054934 7.53764497033 1.77802772335 1.88069263733 1.88441124258
11696 65536 203244.053 203364.124 203837.978 7.5207678522 7.53829181788 7.54274523349 1.88019196305 1.88457295447 1.88568630837
12864 65536 223407.544 224126.901 224760.906 7.50179485395 7.52301575793 7.54723935374 1.87544871349 1.88075393948 1.88680983844
14144 65536 245740.906 246102.13 250141.024 7.41134875981 7.53297977551 7.54405279193 1.85283718995 1.88324494388 1.88601319798
15552 65536 269990.625 270134.116 279089.878 7.30385407958 7.54599890671 7.5500093531 1.8259635199 1.88649972668 1.88750233828
17104 32768 148145.254 148389.975 150526.751 7.44670124449 7.55393175314 7.5664100856 1.86167531112 1.88848293828 1.8916025214
18800 32768 163154.959 163398.338 165117.446 7.46182084236 7.54032638937 7.55157432879 1.86545521059 1.88508159734 1.8878935822
20672 32768 179453.954 179483.722 181208.797 7.47623854045 7.54809504118 7.54934712667 1.86905963511 1.88702376029 1.88733678167
22736 32768 197187.523 199313.373 199531.412 7.46762868595 7.47579790344 7.55639339311 1.86690717149 1.86894947586 1.88909834828
25008 32768 218549.207 218810.405 236843.584 6.91985934481 7.49015700602 7.49910882999 1.7299648362 1.8725392515 1.8747772075
27504 32768 240368.141 241584.76 251730.211 7.16045220333 7.46115832803 7.49892284602 1.79011305083 1.86528958201 1.8747307115
30240 32768 263017.771 263890.367 264228.192 7.50036786385 7.5099696231 7.53488493369 1.87509196596 1.87749240578 1.88372123342
33264 16384 143971.424 145055.094 145141.663 7.50986814861 7.51435004413 7.57091040511 1.87746703715 1.87858751103 1.89272760128
36576 16384 159481.203 159609.297 166277.872 7.20794868003 7.50910122736 7.51513247615 1.80198717001 1.87727530684 1.87878311904
40224 16384 174452.884 175350.205 175366.66 7.51602403786 7.51672934742 7.55539261822 1.87900600947 1.87918233686 1.88884815455
44240 16384 191954.267 192772.724 192867.033 7.51635101889 7.52002819652 7.55209218662 1.87908775472 1.88000704913 1.88802304666
48656 16384 210868.044 211833.86 212976.653 7.48607786601 7.52646346528 7.56093610846 1.8715194665 1.88161586632 1.89023402712
53520 16384 232856.111 232956.763 233903.461 7.49772300291 7.528192517 7.53144657647 1.87443075073 1.88204812925 1.88286164412
58864 16384 255265.409 256001.993 256321.312 7.52514699987 7.53453334248 7.55627470074 1.88128674997 1.88363333562 1.88906867518
64736 16384 280928.502 281324.176 281690.611 7.53049326163 7.54030200376 7.55092214887 1.88262331541 1.88507550094 1.88773053722
71200 8192 155026.655 155412.378 155415.213 7.50596275282 7.50609967502 7.52477565874 1.87649068821 1.87652491876 1.88119391469
78320 8192 170536.323 170609.157 170641.855 7.51981323691 7.5212544424 7.52446667916 1.87995330923 1.8803136106 1.88111666979
86144 8192 187601.341 188037.254 188145.798 7.5015403533 7.50587059732 7.52331133923 1.87538508832 1.87646764933 1.88082783481
94752 8192 206268.464 206794.679 206826.155 7.50590160127 7.50704406664 7.52619541492 1.87647540032 1.87676101666 1.88154885373
104224 8192 226859.259 227354.182 227354.733 7.51075640022 7.51077460277 7.52716033512 1.87768910005 1.87769365069 1.88179008378
114640 8192 249721.086 249798.018 250733.927 7.49105548847 7.51912194916 7.52143837785 1.87276387212 1.87978048729 1.88035959446
126096 8192 274327.212 274822.908 274983.566 7.51301939258 7.5174114088 7.53099500752 1.87825484815 1.8793528522 1.88274875188
138704 4096 151018.0 151187.322 151336.915 7.50816922626 7.51559821927 7.52402473877 1.87704230656 1.87889955482 1.88100618469
152560 4096 166161.175 166295.998 166617.677 7.50083390011 7.51534333376 7.52144127532 1.87520847503 1.87883583344 1.88036031883
167808 4096 182679.817 183316.006 184375.394 7.45589260137 7.4989804 7.5250958676 1.86397315034 1.8747451 1.8812739669
184576 4096 201076.645 201086.314 201659.786 7.49800752045 7.51939086217 7.51975244067 1.87450188011 1.87984771554 1.87993811017
203024 4096 221192.136 221646.206 222634.702 7.47041046638 7.50372694401 7.5191308248 1.86760261659 1.875931736 1.8797827062
223312 4096 243397.179 243406.471 243945.544 7.49909948755 7.5157077644 7.5159946862 1.87477487189 1.8789269411 1.87899867155
245632 4096 267308.686 267352.166 268093.34 7.50565957364 7.52646733373 7.52769157677 1.87641489341 1.88161683343 1.88192289419
270192 2048 146972.525 147191.381 147399.688 7.50820064151 7.51882633671 7.53002258075 1.87705016038 1.87970658418 1.88250564519
297200 2048 161765.117 161876.497 162639.028 7.48486519484 7.52012319614 7.52530102024 1.87121629871 1.88003079904 1.88132525506
326912 2048 178019.702 178043.477 178226.456 7.51309082867 7.52081218904 7.52181661331 1.87827270717 1.88020304726 1.88045415333
359600 2048 195692.265 195729.757 196248.121 7.5054048543 7.52528191204 7.52672365461 1.87635121357 1.88132047801 1.88168091365
395552 2048 215286.115 215290.104 215553.855 7.51636286904 7.52557113354 7.52571057358 1.87909071726 1.88139278339 1.88142764339
435104 2048 236671.679 236828.17 237981.797 7.48874916681 7.52522803347 7.53020383144 1.8721872917 1.88130700837 1.88255095786
478608 2048 260497.094 260586.123 260613.91 7.52215554419 7.52295765189 7.5255287416 1.88053888605 1.88073941297 1.8813821854
526464 1024 143255.578 143352.434 143415.614 7.5179978102 7.52131123215 7.52639643812 1.87949945255 1.88032780804 1.88159910953
579104 1024 157535.018 157851.357 158308.395 7.49173783235 7.51342918135 7.52851656131 1.87293445809 1.87835729534 1.88212914033
637008 1024 173334.711 173363.945 173605.383 7.51470007125 7.52516553543 7.52643470239 1.87867501781 1.88129138386 1.8816086756
700704 1024 190586.031 190957.405 192618.95 7.45015893815 7.51498373158 7.52962735238 1.86253973454 1.8787459329 1.8824068381
770768 1024 209851.9 210130.885 210915.321 7.48420198455 7.51214113051 7.52212805317 1.87105049614 1.87803528263 1.88053201329
847840 1024 230610.568 231010.189 231360.994 7.50505212646 7.51644906883 7.52947419131 1.87626303162 1.87911226721 1.88236854783
932624 1024 253959.083 253972.079 254907.206 7.49297747197 7.52056666828 7.52095152273 1.87324436799 1.88014166707 1.88023788068
1025872 1024 278965.585 279446.234 290543.931 7.23121577095 7.5183903033 7.53134425524 1.80780394274 1.87959757583 1.88283606381
1128448 512 153597.197 153725.513 154737.184 7.46769924416 7.516844338 7.52312395388 1.86692481104 1.8792110845 1.88078098847
1241280 512 168875.427 168941.996 169029.647 7.51980935037 7.52371080072 7.52667657207 1.87995233759 1.88092770018 1.88166914302
1365408 512 185714.815 185953.135 186208.765 7.50865724285 7.51897940306 7.52862819264 1.87716431071 1.87974485077 1.88215704816
1501936 512 204237.429 204644.042 204833.99 7.50843384928 7.5154030822 7.53036537686 1.87710846232 1.87885077055 1.88259134421
1652128 512 224651.588 224774.286 224774.64 7.52655669697 7.52656855064 7.530679338 1.88163917424 1.88164213766 1.8826698345
1817328 512 247193.628 247549.354 258824.42 7.18998567446 7.51746608072 7.5282841514 1.79749641861 1.87936652018 1.88207103785
1999056 512 271860.963 272020.269 272273.23 7.51830557855 7.52529710939 7.52970680826 1.87957639464 1.88132427735 1.88242670206
2198960 256 149603.854 149619.296 149810.514 7.51527706527 7.52488181738 7.52565853016 1.87881926632 1.88122045435 1.88141463254
2418848 256 164589.444 164685.114 164725.155 7.51828204988 7.52011002039 7.52448119334 1.87957051247 1.8800275051 1.88112029833
2660720 256 181157.268 181525.318 183064.435 7.44158000979 7.50467568386 7.51992263429 1.86039500245 1.87616892097 1.87998065857
2926784 256 199630.015 200221.137 200947.841 7.45722571859 7.48429177085 7.50645341584 1.86430642965 1.87107294271 1.87661335396
3219456 256 219596.727 219639.561 220257.831 7.48378145974 7.50484778104 7.50631165828 1.87094536493 1.87621194526 1.87657791457
3541392 256 241757.824 241946.901 242675.606 7.47167271522 7.49417618703 7.50003732661 1.86791817881 1.87354404676 1.87500933165
3895520 256 266227.183 266457.545 268906.64 7.41709553918 7.48526839426 7.49174527381 1.8542738848 1.87131709856 1.87293631845
4285072 128 146942.909 147004.886 159230.689 6.88924000071 7.46219028393 7.46533765709 1.72231000018 1.86554757098 1.86633441427
4713568 128 161872.198 161919.078 163304.42 7.38910439779 7.45232385772 7.45448213411 1.84727609945 1.86308096443 1.86362053353
5184912 128 177600.225 177766.414 177844.48 7.46347298494 7.46675056403 7.47373755861 1.86586824623 1.86668764101 1.86843438965
5703392 128 195379.326 195759.834 195921.753 7.45230343054 7.45846746069 7.47299308423 1.86307585764 1.86461686517 1.86824827106
6273728 128 214522.59 214555.101 214735.574 7.47931205847 7.485603281 7.48673772771 1.86982801462 1.87140082025 1.87168443193
6901088 128 235967.867 236170.371 236290.238 7.47673091768 7.48052569219 7.48694536447 1.86918272942 1.87013142305 1.87173634112
7591184 128 259598.85 259661.632 259848.793 7.4787459336 7.48413652426 7.48594650554 1.8696864834 1.87103413106 1.87148662639
8350288 128 285623.148 285849.749 296430.156 7.21139089506 7.4783124193 7.48424538756 1.80284772377 1.86957810482 1.87106134689
9185312 64 157059.417 157065.596 157291.093 7.4748030138 7.48553448968 7.48582898407 1.86870075345 1.87138362242 1.87145724602
10103840 64 172631.834 172641.864 172679.108 7.48956567462 7.49118139735 7.49161663891 1.87239141865 1.87279534934 1.87290415973
11114224 64 189872.177 189959.14 202526.794 7.02435783386 7.48908776909 7.49251783214 1.75608945846 1.87227194227 1.87312945804
12225632 64 208871.025 208900.717 210079.092 7.44900828113 7.49102692644 7.4920918112 1.86225207028 1.87275673161 1.8730229528
13448192 64 229726.441 229931.278 229932.615 7.48640455379 7.48644808559 7.49312342326 1.87160113845 1.8716120214 1.87328085582
14793008 64 252647.581 252864.992 274864.208 6.88887446561 7.48820550059 7.49464933131 1.7222186164 1.87205137515 1.87366233283
16272304 64 277815.826 278333.552 286359.003 7.27357928397 7.48330518198 7.49725075777 1.81839482099 1.87082629549 1.87431268944
17899520 32 152766.366 152835.986 152980.852 7.48831808049 7.4954159029 7.49883177819 1.87207952012 1.87385397573 1.87470794455
19689472 32 167947.814 168015.242 168129.257 7.49498469502 7.50007078524 7.50308192758 1.87374617375 1.87501769631 1.8757704819
21658416 32 184740.94 185059.482 185072.416 7.48970945514 7.49023291873 7.50314805154 1.87242736378 1.87255822968 1.87578701288
23824256 32 203135.969 203284.462 203824.254 7.48072103333 7.50058498814 7.50606793817 1.87018025833 1.87514624704 1.87651698454
26206672 32 223382.34 223395.002 223478.768 7.50508436667 7.50789853392 7.50832410476 1.87627109167 1.87697463348 1.87708102619
28827328 32 245821.776 246183.921 257834.632 7.15555151645 7.49418964693 7.50523009809 1.78888787911 1.87354741173 1.87630752452
31710048 32 270236.513 270532.826 270735.31 7.49604132538 7.50165184021 7.50987736435 1.87401033135 1.87541296005 1.87746934109
34881040 16 148721.505 148781.481 148836.03 7.49948302169 7.50223261993 7.50525809969 1.87487075542 1.87555815498 1.87631452492
38369136 16 163523.374 163629.743 163717.078 7.49959849638 7.50360129821 7.50848225526 1.87489962409 1.87590032455 1.87712056382
42206048 16 179939.056 179946.055 180006.961 7.50300726426 7.5055467929 7.50583873242 1.87575181606 1.87638669822 1.87645968311
46426640 16 197968.346 198350.09 199017.219 7.46494442775 7.49005195813 7.50449508731 1.86623610694 1.87251298953 1.87612377183
51069296 16 217584.401 217966.667 217991.787 7.49669285476 7.49755682597 7.51072900672 1.87417321369 1.87438920649 1.87768225168
56176224 16 239314.857 239807.23 239897.915 7.49335052787 7.49618419762 7.51160705413 1.87333763197 1.8740460494 1.87790176353
61793840 16 263378.698 263475.785 263609.261 7.50126483606 7.50506495312 7.50783147998 1.87531620902 1.87626623828 1.87695786999
67973216 8 144908.299 145191.543 157167.629 6.91981843157 7.49059782359 7.50523926859 1.72995460789 1.8726494559 1.87630981715
74770528 8 159359.471 159388.563 159454.907 7.50261293621 7.50573582874 7.50710604455 1.87565323405 1.87643395718 1.87677651114
82247568 8 175367.87 175376.668 176493.383 7.45614971866 7.50362692488 7.50400337302 1.86403742966 1.87590673122 1.87600084326
90472320 8 192703.986 193046.297 193080.681 7.49716187297 7.49849721282 7.51181721794 1.87429046824 1.87462430321 1.87795430448
99519552 8 211969.953 212432.584 212527.158 7.49227932554 7.49561485351 7.51197426552 1.87306983139 1.87390371338 1.87799356638
109471504 8 233304.244 233474.941 235180.154 7.44766951722 7.50206448922 7.5075533731 1.8619173793 1.87551612231 1.87688834327
120418640 8 256890.028 259726.712 268925.091 7.16444208622 7.41817514711 7.50008964926 1.79111052155 1.85454378678 1.87502241231
132460496 8 282180.136 282256.804 282324.861 7.5068413334 7.50865136275 7.5106914542 1.87671033335 1.87716284069 1.87767286355
145706544 4 155297.157 155452.457 155741.371 7.48453891548 7.4984492011 7.50594778757 1.87113472887 1.87461230027 1.87648694689
160277184 4 170721.376 171196.837 173218.696 7.40230414851 7.48972641358 7.51058538797 1.85057603713 1.87243160339 1.87764634699
176304896 4 187928.772 187967.535 188027.083 7.50125538032 7.50363177343 7.50517950492 1.87531384508 1.87590794336 1.87629487623
193935376 4 206812.917 206938.157 218932.263 7.08658918855 7.49732688496 7.50186705214 1.77164729714 1.87433172124 1.87546676304
213328912 4 227263.433 227686.15 228338.764 7.47411988268 7.4955428602 7.50948480128 1.86852997067 1.87388571505 1.87737120032
234661792 4 249822.311 250122.573 250841.388 7.48398958787 7.50549745864 7.51451833299 1.87099739697 1.87637436466 1.87862958325
258127968 4 274845.928 275293.915 275369.747 7.49909445935 7.50116014733 7.51338671461 1.87477361484 1.87529003683 1.87834667865
283940752 2 151289.17 151313.541 151380.704 7.50269339479 7.50602358846 7.50723272525 1.8756733487 1.87650589712 1.87680818131
312334816 2 166266.103 166365.279 166399.499 7.50807106697 7.50961541681 7.51409482425 1.87701776674 1.8774038542 1.87852370606
343568288 2 183163.571 183195.548 183331.758 7.49609978649 7.50167330486 7.50298295942 1.87402494662 1.87541832621 1.87574573986
377925104 2 201185.955 201475.08 201717.487 7.49414658334 7.50316324977 7.51394607044 1.87353664583 1.87579081244 1.87848651761
415717600 2 221348.194 221634.867 252811.146 6.57752012247 7.50274730013 7.51246427608 1.64438003062 1.87568682503 1.87811606902
457289360 2 243542.829 243791.345 243806.734 7.50248941032 7.50296299485 7.51061916916 1.87562235258 1.87574074871 1.87765479229
503018288 2 267927.656 268057.6 268113.82 7.50454844886 7.50612238564 7.50976282941 1.87613711222 1.87653059641 1.87744070735
553320112 1 147302.475 147368.218 147598.718 7.4976276149 7.50935472396 7.51270624611 1.87440690372 1.87733868099 1.87817656153
608652112 1 162023.018 162038.477 162099.721 7.50960098198 7.51243930786 7.51315608749 1.87740024549 1.87810982696 1.87828902187
669517312 1 178353.276 178516.502 178763.801 7.49052446026 7.50090108756 7.50776578951 1.87263111507 1.87522527189 1.87694144738
736469040 1 196159.99 208278.568 208639.595 7.0597245935 7.07196181606 7.50886090482 1.76493114838 1.76799045402 1.8772152262
810115936 1 215647.011 215878.249 216251.626 7.49234538472 7.50530393639 7.51335186371 1.87308634618 1.8763259841 1.87833796593
891127520 1 237173.597 237813.235 238726.416 7.46568004439 7.49434757069 7.51455921968 1.8664200111 1.87358689267 1.87863980492
980240272 1 260930.107 261034.885 261946.979 7.48426476031 7.51041587411 7.51343172522 1.87106619008 1.87760396853 1.87835793131

META_DATA
ERT_VERSION  1.1.0
TIMESTAMP_DATA  1535278575.72
UNAME  ('Linux', 'atajo-Inspiron-15-7568', '4.15.0-33-generic', '#36-Ubuntu SMP Wed Aug 15 16:00:05 UTC 2018', 'x86_64', 'x86_64')
HOSTNAME  ('atajo-Inspiron-15-7568', [], ['127.0.1.1'])
FLOPS          4
MPI_PROCS      2
TIMESTAMP_DATA  1535278649.62
TIMESTAMP_DATA  1535278502.01
CONFIG  {'ERT_WORKING_SET_MIN': ['1'], 'ERT_CFLAGS': [], 'ERT_CC': ['mpicc'], 'ERT_MPI_CFLAGS': ['-I/usr/include/mpi'], 'ERT_MPI_LDFLAGS': ['-lmpi'], 'ERT_MEMORY_MAX': ['1073741824'], 'ERT_PROCS_THREADS': ['1-4'], 'ERT_LDFLAGS': [], 'ERT_LDLIBS': [], 'ERT_RUN': ['export', 'OMP_NUM_THREADS=ERT_OPENMP_THREADS;', 'mpirun', '-np', 'ERT_MPI_PROCS', 'ERT_CODE'], 'ERT_FLOPS': ['1,2,4,8,16'], 'ERT_OPENMP_CFLAGS': ['-fopenmp'], 'ERT_MPI': ['True'], 'ERT_TRIALS_MIN': ['1'], 'ERT_DRIVER': ['driver1'], 'ERT_RESULTS': ['Results/myLaptop'], 'ERT_OPENMP': ['False'], 'ERT_MPI_PROCS': ['1,2,4,8'], 'ERT_KERNEL': ['kernel1'], 'ERT_GPU': [False], 'ERT_OPENMP_THREADS': ['1,2,4,8'], 'ERT_LD': ['mpicc'], 'ERT_NUM_EXPERIMENTS': ['3'], 'ERT_OPENMP_LDFLAGS': ['-fopenmp'], 'ERT_ALIGN': ['64'], 'ERT_GNUPLOT': ['gnuplot']}
