32 33554432 277191.02 279045.34 281894.655 7.61803606386 7.69582336691 7.74730598415 0.952254507983 0.961977920864 0.968413248019
64 16777216 227771.737 230824.299 245660.613 8.74166852299 9.30354237965 9.4282270324 1.09270856537 1.16294279746 1.17852837905
96 8388608 157826.186 157924.379 160761.138 10.0186696613 10.1986327013 10.2049778736 1.25233370767 1.27482908766 1.2756222342
128 8388608 202431.324 211535.902 232013.086 9.25587295537 10.1518637153 10.6084552804 1.15698411942 1.26898296441 1.32605691005
160 4194304 123353.685 123437.076 130312.623 10.2996720433 10.8733722759 10.8807230202 1.28745900541 1.35917153449 1.36009037752
192 4194304 144733.478 144795.801 154992.85 10.3915292609 11.1233386941 11.1281284624 1.29894115761 1.39041733676 1.39101605781
224 4194304 166523.81 166743.441 178623.527 10.5196007691 11.269098087 11.2839610864 1.31495009613 1.40863726088 1.4104951358
256 4194304 188198.201 188479.781 203515.306 10.5519515471 11.3937083151 11.4107554514 1.31899394338 1.42421353938 1.42634443142
288 2097152 104809.884 104890.892 113829.391 10.6120180508 11.5163435925 11.5252446229 1.32650225635 1.43954294907 1.44065557787
320 2097152 115659.564 115677.472 127690.91 10.5111419442 11.6027542511 11.6045507486 1.31389274303 1.45034428138 1.45056884358
352 2097152 126560.611 126974.669 138675.955 10.6463662572 11.6274767214 11.665517386 1.33079578215 1.45343459017 1.45818967325
384 2097152 137334.177 137755.169 150153.393 10.7264491586 11.6918497338 11.7276905952 1.34080614482 1.46148121672 1.4659613244
416 2097152 148344.772 148526.377 164257.114 10.6225564392 11.7476134492 11.7619949829 1.3278195549 1.46845168114 1.47024937286
448 2097152 159397.288 161511.779 183327.92 10.2496564189 11.6341247904 11.7884577308 1.28120705237 1.4542655988 1.47355721636
480 2097152 170153.139 170557.346 193881.939 10.3839786748 11.8040410877 11.8320821575 1.29799733435 1.47550513597 1.47901026968
512 2097152 181056.474 182439.898 203830.328 10.5356433906 11.7709101548 11.8608498252 1.31695542383 1.47136376934 1.48260622815
544 1048576 95966.409 96329.523 107670.627 10.5957466747 11.8432091478 11.8880210262 1.32446833434 1.48040114348 1.48600262827
576 1048576 106023.898 108022.865 108751.441 11.1075268603 11.1824431985 11.3932761838 1.38844085753 1.39780539981 1.42415952298
608 1048576 114229.954 114487.838 121422.149 10.5011188362 11.1371516685 11.1622947515 1.31263985453 1.39214395856 1.39528684394
640 1048576 115651.694 120511.353 126674.363 10.5954926333 11.1373513498 11.6053404285 1.32443657917 1.39216891872 1.45066755356
704 1048576 123112.101 123132.446 130778.114 11.2893125833 11.9903003308 11.9922817985 1.41116407291 1.49878754134 1.49903522482
768 1048576 134474.373 138153.802 142031.455 11.3398312789 11.6581137304 11.9770979412 1.41747890987 1.4572642163 1.49713724265
832 1048576 144879.135 146507.998 153067.591 11.3990848919 11.9094553732 12.0433523019 1.42488561148 1.48868192165 1.50541903774
896 1048576 160724.975 161416.333 164288.109 11.4375179277 11.641004086 11.6910778303 1.42968974097 1.45512551075 1.46138472879
960 1048576 171243.615 175541.455 194397.564 10.3564359479 11.4688916074 11.7567356891 1.29455449349 1.43361145092 1.46959196114
1056 524288 96745.338 96874.063 100860.209 10.9785243059 11.4302654571 11.4454740548 1.37231553823 1.42878318214 1.43068425685
1152 524288 100276.242 103047.852 130254.693 9.27382748505 11.7223166573 12.0463185288 1.15922843563 1.46528958216 1.5057898161
1248 524288 108123.236 111388.21 113048.82 11.5757320421 11.7483066475 12.1030677254 1.44696650527 1.46853833094 1.51288346568
1344 524288 121590.144 123762.127 126028.525 11.1822791229 11.3870549752 11.5904636481 1.39778489037 1.4233818719 1.44880795601
1472 524288 127192.89 128441.004 132059.758 11.6879198885 12.0172205443 12.1351427112 1.46098998606 1.50215256804 1.5168928389
1600 524288 138034.117 141111.386 142904.011 11.7401995106 11.8893425085 12.1543980319 1.46752493882 1.48616781356 1.51929975399
1760 524288 151658.39 155123.289 156602.062 11.7846070252 11.8969483686 12.1687547916 1.47307587815 1.48711854607 1.52109434895
1920 524288 165355.794 170525.395 171509.719 11.7384946564 11.8062527872 12.1753575808 1.46731183205 1.47578159839 1.52191969759
2112 262144 93002.09 93554.963 94345.41 11.7366203189 11.8357831642 11.9061437867 1.46707753986 1.47947289552 1.48826797333
2304 262144 101186.942 101800.499 102512.325 11.7835543385 11.8659492229 11.937899576 1.47294429231 1.48324365286 1.492237447
2528 262144 111149.54 112611.286 113981.947 11.6281577819 11.769691219 11.9244763766 1.45351972273 1.47121140238 1.49055954708
2752 262144 120755.411 122056.307 125067.376 11.5365063388 11.8211062702 11.9484548481 1.44206329235 1.47763828378 1.49355685602
3008 262144 131158.198 132741.183 134456.937 11.7290958666 11.8807009879 12.0240924933 1.46613698332 1.48508762348 1.50301156166
3296 262144 143927.019 144995.757 147998.994 11.6761148255 11.917957351 12.0064547992 1.45951435319 1.48974466887 1.50080684989
3616 262144 157049.283 158712.807 160491.99 11.8125858368 11.9450058495 12.0715317624 1.4765732296 1.49312573118 1.5089414703
3968 262144 172131.564 173579.886 175767.255 11.8359633255 11.9851143582 12.0859575993 1.47949541568 1.49813929478 1.51074469991
4352 131072 94569.948 94988.069 96107.714 11.8705423375 12.0104629983 12.0635647172 1.48381779219 1.50130787478 1.50794558965
4768 131072 103145.849 103868.857 105843.826 11.8089324549 12.0334682416 12.1178176739 1.47611655686 1.5041835302 1.51472720924
5216 131072 113076.14 113689.621 115649.605 11.8231541215 12.0269826918 12.0922336401 1.47789426518 1.50337283647 1.51152920501
5728 131072 124034.843 124510.036 126635.85 11.8573123803 12.0597574319 12.1059598713 1.48216404754 1.50746967899 1.51324498391
6272 131072 135420.977 136184.368 138950.561 11.832749405 12.0730976113 12.1411557088 1.47909367563 1.50913720142 1.5176444636
6880 131072 148282.864 149007.264 151801.754 11.8809610066 12.1037771689 12.1629072392 1.48512012582 1.51297214611 1.5203634049
7552 131072 162776.431 163516.236 165806.335 11.9399025857 12.1071248729 12.1621507232 1.49248782322 1.51339060911 1.52026884039
8288 65536 89610.495 89764.36 90923.578 11.9476681395 12.1019604663 12.1227400429 1.49345851744 1.51274505828 1.51534250536
9088 65536 98010.732 99250.9 99451.332 11.9775402908 12.0017283067 12.1535908537 1.49719253635 1.50021603834 1.51919885671
9984 65536 107700.863 107847.2 109520.855 11.9486178957 12.1340456498 12.1505326099 1.49357723696 1.51675570622 1.51881657624
10976 65536 118206.277 118283.445 119787.38 12.0099986493 12.1627018219 12.1706419364 1.50124983116 1.52033772774 1.52133024205
12064 65536 130076.341 130535.41 131893.14 11.9888919772 12.1135913083 12.1563429279 1.49861149716 1.51419891354 1.51954286599
13248 65536 142435.892 142631.713 144748.353 11.9962805794 12.1743041535 12.1910413985 1.49953507243 1.52178801919 1.52388017481
14560 65536 156330.627 156385.994 158316.703 12.054371294 12.2031920582 12.2075140145 1.50679641175 1.52539900728 1.52593925181
16000 65536 171961.426 174149.934 174595.698 12.0114757925 12.0422210439 12.195479235 1.50143447406 1.50527763048 1.52443490437
17600 32768 94368.259 94785.298 95862.034 12.0322253959 12.1689083047 12.2226860199 1.50402817449 1.52111353809 1.52783575249
19360 32768 104084.453 104301.515 105178.47 12.0630862951 12.1645113209 12.1898796932 1.50788578689 1.52056391511 1.52373496165
21280 32768 114136.543 114200.506 115667.64 12.057011624 12.2119080628 12.2187517104 1.507126453 1.52648850785 1.5273439638
23392 32768 125289.529 127278.36 127681.145 12.0066131299 12.0446092486 12.2358039354 1.50082664124 1.50557615607 1.52947549192
25728 32768 137841.851 137902.628 139750.313 12.0651623013 12.2268170843 12.2322081122 1.50814528766 1.52835213554 1.52902601402
28288 32768 151763.885 151791.425 153761.084 12.0569023044 12.2133537385 12.2155700482 1.50711278804 1.52666921732 1.52694625602
31104 32768 166324.651 166349.031 168513.62 12.0965399948 12.2539442024 12.2557403953 1.51206749935 1.5317430253 1.53196754942
34208 16384 91488.743 91650.394 93761.348 11.9551154917 12.2304738155 12.2520837782 1.49438943647 1.52880922694 1.53151047228
37600 16384 100586.944 100631.747 102499.18 12.0203576263 12.2434205579 12.2488739692 1.50254470328 1.53042756974 1.53110924615
41344 16384 110538.593 111735.377 111977.817 12.098469396 12.1247202844 12.2559927283 1.51230867449 1.51559003555 1.53199909103
45472 16384 121601.58 122369.989 123091.606 12.1050211661 12.1764045921 12.2533481555 1.51312764576 1.52205057402 1.53166851944
50016 16384 134464.338 135505.317 152798.412 10.7260557656 12.0949075969 12.1885424223 1.34075697069 1.51186344961 1.52356780279
55008 16384 147822.354 147946.971 149271.258 12.0753463738 12.1834339143 12.1937047762 1.50941829672 1.52292923929 1.52421309703
60480 16384 162571.695 164335.308 165076.518 12.0053940076 12.0595425543 12.190367087 1.50067425096 1.50744281929 1.52379588587
66528 8192 89549.954 89556.709 90593.066 12.0317679943 12.1710005221 12.1719186143 1.50397099928 1.52137506527 1.52148982678
73152 8192 98426.926 99800.519 101529.111 11.8047164621 12.0091797118 12.1767733354 1.47558955776 1.50114746397 1.52209666692
80448 8192 108561.778 110038.384 110593.505 11.9180600344 11.9781841943 12.1411057951 1.48975750429 1.49727302429 1.51763822439
88480 8192 120289.171 120856.32 121702.963 11.9114299625 11.9948739131 12.0514283036 1.48892874531 1.49935923914 1.50642853794
97312 8192 131225.058 132967.635 133644.118 11.9298913552 11.9905855887 12.1498121799 1.4912364194 1.49882319859 1.51872652249
107040 8192 144208.712 146684.591 148160.281 11.8367982847 11.9558799465 12.1611471018 1.47959978559 1.49448499331 1.52014338773
117728 8192 158744.338 160952.928 162915.813 11.839584608 11.9839730533 12.1507045625 1.479948076 1.49799663166 1.51883807031
129472 8192 174792.316 176380.546 178555.834 11.8801452771 12.0266622148 12.1359410788 1.48501815964 1.50333277685 1.51699263485
142400 4096 96004.84 97106.372 99174.871 11.7624634974 12.0130201137 12.1508540611 1.47030793718 1.50162751421 1.51885675764
156640 4096 105368.831 106771.643 108816.67 11.792263814 12.0181243254 12.1781258065 1.47403297675 1.50226554067 1.52226572581
172288 4096 117140.77 117298.211 117789.506 11.9822498958 12.0324366754 12.0486086612 1.49778123698 1.50405458443 1.50607608265
189504 4096 127511.764 129046.586 129260.649 12.0099719444 12.0298941345 12.1746944698 1.50124649305 1.50373676681 1.52183680872
208448 4096 140323.663 141952.697 142466.959 11.9859792613 12.0294017098 12.169052457 1.49824740767 1.50367521372 1.52113155712
229280 4096 154619.269 156125.266 182350.348 10.3002916123 12.0304791666 12.1476564477 1.28753645153 1.50380989583 1.51845705596
252192 4096 170065.686 172190.432 172410.008 11.9828128771 11.9980932738 12.1479935935 1.49785160964 1.49976165923 1.51849919919
277408 2048 93797.791 94063.563 94388.567 12.0381440689 12.0797376982 12.1139651146 1.50476800861 1.50996721228 1.51424563932
305120 2048 102582.954 103633.488 103842.084 12.0353085364 12.0595334975 12.1830330602 1.50441356705 1.50744168719 1.52287913253
335616 2048 112807.855 114577.553 115531.814 11.8987410342 11.997839891 12.1860586393 1.48734262928 1.49972998638 1.52325732991
369152 2048 124243.143 125825.377 127829.146 11.8286528489 12.0170241334 12.1700607011 1.47858160611 1.50212801667 1.52125758763
406048 2048 136747.824 140414.516 140792.6 11.8129263044 11.8447341157 12.1623332595 1.47661578805 1.48059176446 1.52029165744
446624 2048 152320.268 155894.212 156257.715 11.7074021209 11.7347006058 12.0100360118 1.46342526511 1.46683757573 1.50125450147
491264 2048 167332.992 168421.163 171783.198 11.7137028966 11.9475326506 12.0252277805 1.46421286208 1.49344158133 1.50315347257
540384 1024 91052.77 94189.747 94523.008 11.7083285373 11.7497548008 12.1545608332 1.46354106717 1.4687193501 1.51932010415
594400 1024 100255.126 101375.432 103283.596 11.7862976033 12.0081480886 12.1423337496 1.47328720042 1.50101851107 1.5177917187
653824 1024 111644.415 112481.882 115696.533 11.5736532226 11.904419878 11.9937173033 1.44670665283 1.48805248475 1.49921466291
719200 1024 121252.034 125335.285 125840.589 11.7046623169 11.751851045 12.1476032311 1.46308278961 1.46898138062 1.51845040389
791104 1024 134342.949 136963.435 137794.692 11.7579347106 11.8292958409 12.0600374196 1.46974183882 1.47866198011 1.50750467745
870208 1024 148750.702 149642.277 150394.359 11.8500853081 11.9096422464 11.981025703 1.48126066351 1.48870528079 1.49762821287
957216 1024 164091.765 164939.666 165466.756 11.8475663353 11.8854270506 11.9468418662 1.48094579191 1.48567838133 1.49335523327
1052928 512 88811.387 90834.354 91971.396 11.7231913279 11.8699393404 12.1403156557 1.46539891598 1.48374241754 1.51753945696
1158208 512 98615.287 101308.566 102783.946 11.5388155267 11.7068579571 12.0265835864 1.44235194084 1.46335724464 1.5033229483
1274016 512 108973.591 109329.347 110273.799 11.8304837217 11.9326824846 11.9716380091 1.47881046521 1.49158531058 1.49645475113
1401408 512 118437.078 120702.862 122361.746 11.7278629875 11.8890452821 12.1164910198 1.46598287344 1.48613066027 1.51456137748
1541536 512 134175.6 134688.142 135521.288 11.6478590729 11.7199097156 11.7646790027 1.45598238411 1.46498871445 1.47058487534
1695680 512 146145.567 146189.046 149809.365 11.590572592 11.8776089421 11.8811425871 1.44882157401 1.48470111776 1.48514282339
1865248 512 159948.094 159999.554 164247.926 11.6288466985 11.9376204761 11.9414611593 1.45360583731 1.49220255951 1.49268264491
2051744 512 174885.792 178743.472 179923.234 11.6771236782 11.7541962931 12.0134736617 1.45964045978 1.46927453664 1.50168420771
2256896 256 95386.932 98660.063 102283.795 11.2973003397 11.7122442138 12.1141410859 1.41216254246 1.46403052672 1.51426763574
2482560 256 106038.858 107310.762 108130.156 11.7550068086 11.8447646472 11.9868390133 1.46937585108 1.4805955809 1.49835487666
2730816 256 115392.697 119190.517 119574.233 11.6929689359 11.7306126963 12.1166922028 1.46162111698 1.46632658704 1.51458652535
3003872 256 129387.265 133083.158 134725.644 11.4156623664 11.5565522123 11.886660283 1.4269577958 1.44456902653 1.48583253537
3304256 256 140788.616 145752.625 145895.619 11.5958181856 11.6071945325 12.0164479208 1.4494772732 1.45089931656 1.5020559901
3634656 256 157133.414 159247.814 160579.547 11.5889221683 11.685836215 11.8430817776 1.44861527103 1.46072952687 1.4803852222
3998112 256 174644.58 176587.071 177784.537 11.5141247858 11.5922039615 11.7211386921 1.43926559822 1.44902549519 1.46514233651
4397920 128 93846.521 96085.662 96979.522 11.6093325352 11.7173311456 11.9969020482 1.4511665669 1.4646663932 1.49961275602
4837696 128 107322.21 107808.841 108933.669 11.3688466327 11.4874639641 11.5395515616 1.42110582909 1.43593299551 1.4424439452
5321440 128 116787.938 117621.994 119147.797 11.4336032583 11.5819209798 11.6646347502 1.42920040729 1.44774012248 1.45807934378
5853568 128 129429.672 130667.511 130811.751 11.4554953706 11.4681407531 11.5778197136 1.43193692132 1.43351759413 1.44722746419
6438912 128 142274.125 142667.246 144118.935 11.4375079999 11.553888634 11.5858134569 1.42968849999 1.44423607925 1.44822668212
7082784 128 156704.434 156838.038 158335.123 11.4516139543 11.5609244232 11.570781105 1.43145174429 1.4451155529 1.44634763813
7791040 128 172103.938 172321.166 174106.234 11.4556853834 11.5743543657 11.5889634088 1.43196067293 1.44679429572 1.44862042611
8570144 64 94552.08 95257.123 95910.341 11.437540734 11.5159727425 11.6018434708 1.42969259175 1.43949659282 1.45023043385
9427136 64 104055.827 104240.102 105236.129 11.4663416401 11.5759039453 11.5964039957 1.43329270502 1.44698799316 1.44955049946
10369824 64 114309.709 114828.936 115677.091 11.4745059763 11.5592595232 11.6117649464 1.43431324704 1.4449074404 1.4514706183
11406784 64 125880.588 125967.734 127148.515 11.4831726662 11.5908122313 11.5988364465 1.43539658328 1.44885152892 1.44985455581
12547456 64 138380.386 138562.186 141025.676 11.3885245124 11.5910005057 11.6062284145 1.42356556405 1.44887506322 1.45077855181
13802176 64 152168.895 152181.754 154533.992 11.4322972256 11.6090035866 11.609984603 1.4290371532 1.45112544832 1.45124807537
15182368 64 167095.063 167251.731 169044.842 11.4960212983 11.6192704995 11.6301647045 1.43700266229 1.45240881244 1.45377058806
16700576 64 184003.179 184195.88 186565.222 11.4580504613 11.6054372552 11.6175912809 1.43225630766 1.4506796569 1.45219891011
18370624 32 101018.019 101375.159 102167.434 11.5077759122 11.5977123745 11.6387150296 1.43847198903 1.44971404681 1.45483937871
20207680 32 111900.515 112090.428 112331.235 11.5131959512 11.537930072 11.5575117773 1.43914949391 1.44224125899 1.44468897216
22228448 32 122425.668 122493.386 123520.116 11.5173197538 11.613857029 11.6202810672 1.43966496923 1.45173212862 1.4525351334
24451264 32 134854.248 136434.996 137187.047 11.4069143569 11.4697910498 11.6042387927 1.42586429461 1.43372388122 1.45052984909
26896384 32 148137.976 149444.316 151405.391 11.3692687204 11.5184613378 11.6200357429 1.42115859005 1.43980766723 1.45250446786
29586016 32 163177.544 164390.699 166553.294 11.3687635863 11.5183221163 11.6039558973 1.42109544828 1.43979026453 1.45049448716
32544608 32 179622.903 181439.126 181657.598 11.4658287621 11.4796348391 11.5957089949 1.43322859526 1.43495435488 1.44946362436
35799040 16 98745.146 99654.424 100694.703 11.3766588099 11.4954182064 11.6012718235 1.42208235124 1.4369272758 1.45015897794
39378944 16 108730.845 109238.087 110366.395 11.4176621244 11.5355938813 11.5894087644 1.42720776555 1.44194923516 1.44867609555
43316832 16 119779.731 120500.52 121454.161 11.4128541384 11.5031754552 11.572397203 1.42660676731 1.4378969319 1.44654965037
47648512 16 132108.327 132182.869 134330.382 11.3507634036 11.5351739264 11.5416826375 1.41884542545 1.44189674079 1.44271032968
52413344 16 145322.921 146386.603 146395.647 11.4568092861 11.4575171063 11.5413796837 1.43210116077 1.43218963828 1.44267246046
57654656 16 160258.635 160372.018 162134.773 11.37910738 11.504182681 11.5123218914 1.4223884225 1.43802283513 1.43904023643
63420096 16 175933.2 176150.579 179732.297 11.2914768568 11.5210695504 11.5353047179 1.4114346071 1.4401336938 1.44191308974
69762080 8 97136.377 97661.805 98865.422 11.2900269621 11.4291690595 11.4909914748 1.41125337026 1.42864613244 1.43637393435
76738272 8 106874.585 107437.96 112957.483 10.8696858268 11.4281055969 11.4883473185 1.35871072835 1.42851319962 1.43604341481
84412096 8 117795.487 118010.469 119164.483 11.3338597374 11.4446925552 11.4655796279 1.41673246717 1.4305865694 1.43319745348
92853280 8 129730.886 129769.257 131887.851 11.2645135146 11.4484163225 11.4518024644 1.40806418932 1.43105204031 1.43147530805
102138592 8 142921.441 143309.291 143707.291 11.3718480157 11.403430026 11.4343758401 1.42148100196 1.42542875326 1.42929698001
112352448 8 157587.365 158078.193 158517.783 11.3402997063 11.3718352537 11.4072544331 1.41753746329 1.42147940671 1.42590680414
123587680 8 174715.971 174737.087 176910.206 11.177438118 11.316446405 11.3178140995 1.39717976474 1.41455580062 1.41472676244
135946432 4 95675.885 95806.563 98277.219 11.0663637725 11.3517427402 11.3672474104 1.38329547156 1.41896784253 1.42090592629
149541056 4 105304.965 105504.814 106994.453 11.1812193479 11.3390887358 11.3606081916 1.39765241849 1.41738609197 1.42007602396
164495136 4 115940.615 118575.538 160744.711 8.1866524865 11.0980823718 11.350302808 1.02333156081 1.38726029647 1.418787851
180944640 4 127630.992 128560.323 128596.197 11.2566090893 11.2597501797 11.3417368095 1.40707613616 1.40746877246 1.41771710119
199039104 4 140659.917 140747.978 140752.193 11.312881157 11.3132199455 11.3203026559 1.41411014463 1.41415249319 1.41503783199
218943008 4 154922.892 155642.915 157928.06 11.0907717349 11.2536061407 11.3059086452 1.38634646687 1.40670076759 1.41323858065
240837280 4 170296.583 170782.851 170909.095 11.2732341131 11.2815673747 11.31378097 1.40915426414 1.41019592184 1.41422262125
264920992 4 187951.808 188704.326 190155.481 11.1454475299 11.2311571278 11.2761242286 1.39318094123 1.40389464097 1.40951552858
291413088 2 103184.024 103237.385 103806.448 11.2290938998 11.2909906813 11.2968297495 1.40363673748 1.41137383517 1.41210371869
320554368 2 113477.085 113757.511 113811.703 11.2661302678 11.2714972465 11.2993515122 1.40826628348 1.40893715581 1.41241893903
352609792 2 125016.207 125448.403 125576.479 11.2317145634 11.2431815334 11.2820505585 1.40396432042 1.40539769167 1.41025631981
387870752 2 137850.261 138071.649 138302.428 11.2180460635 11.2367963969 11.2548427311 1.40225575794 1.40459954961 1.40685534139
426657824 2 151812.888 151955.068 152110.885 11.2196526633 11.2311574629 11.2416759768 1.40245658291 1.40389468287 1.4052094971
469323584 2 166437.915 166516.448 167065.139 11.2369004523 11.273927342 11.2792468952 1.40461255654 1.40924091775 1.40990586189
516255936 2 183354.369 184533.32 185772.839 11.1158539382 11.1905196525 11.2624736201 1.38948174227 1.39881495656 1.40780920252
567881504 1 100742.162 100950.008 134322.126 8.45551691164 11.2507470827 11.2739590401 1.05693961395 1.40634338533 1.40924488001
624669632 1 110893.377 110929.033 111317.773 11.2231787461 11.2625092838 11.2661305643 1.40289734327 1.40781366047 1.40826632054
687136576 1 122150.776 122217.257 122769.998 11.1938842909 11.2445098649 11.2506297299 1.39923553636 1.40556373312 1.40632871624
755850208 1 134146.749 134618.987 135011.504 11.1968267237 11.2294740117 11.2690052295 1.39960334047 1.40368425146 1.40862565369
831435200 1 147452.686 147787.537 148007.995 11.2350038929 11.2517634014 11.277315084 1.40437548661 1.40647042518 1.4096643855
914578720 1 162239.355 162475.206 162540.189 11.2535702785 11.2580712161 11.2744373275 1.40669628482 1.40725890201 1.40930466594
1006036576 1 178678.005 178814.577 178984.093 11.241631132 11.2522881845 11.2608888374 1.4052038915 1.40653602307 1.40761110468

META_DATA
TIMESTAMP_DATA  1535286747.7
ERT_VERSION  1.1.0
UNAME  ('Linux', 'atajo-Inspiron-15-7568', '4.15.0-33-generic', '#36-Ubuntu SMP Wed Aug 15 16:00:05 UTC 2018', 'x86_64', 'x86_64')
FLOPS          2
HOSTNAME  ('atajo-Inspiron-15-7568', [], ['127.0.1.1'])
TIMESTAMP_DATA  1535286793.61
OPENMP_THREADS 1
MPI_PROCS      4
CONFIG  {'ERT_WORKING_SET_MIN': ['1'], 'ERT_CFLAGS': [], 'ERT_CC': ['mpicc'], 'ERT_MPI_CFLAGS': ['-I/usr/include/mpi'], 'ERT_MPI_LDFLAGS': ['-lmpi'], 'ERT_MEMORY_MAX': ['1073741824'], 'ERT_PROCS_THREADS': ['1-4'], 'ERT_LDFLAGS': [], 'ERT_LDLIBS': [], 'ERT_RUN': ['export', 'OMP_NUM_THREADS=ERT_OPENMP_THREADS;', 'mpirun', '-np', 'ERT_MPI_PROCS', 'ERT_CODE'], 'ERT_FLOPS': ['1,2,4,8,16'], 'ERT_OPENMP_CFLAGS': ['-fopenmp'], 'ERT_MPI': ['True'], 'ERT_TRIALS_MIN': ['1'], 'ERT_DRIVER': ['driver1'], 'ERT_RESULTS': ['Results/myLaptop'], 'ERT_OPENMP': ['True'], 'ERT_MPI_PROCS': ['1,2,4'], 'ERT_KERNEL': ['kernel1'], 'ERT_GPU': [False], 'ERT_OPENMP_THREADS': ['1,2,4'], 'ERT_LD': ['mpicc'], 'ERT_NUM_EXPERIMENTS': ['3'], 'ERT_OPENMP_LDFLAGS': ['-fopenmp'], 'ERT_ALIGN': ['64'], 'ERT_GNUPLOT': ['gnuplot']}
TIMESTAMP_DATA  1535286838.57
