32 33554432 328201.613 335448.369 364362.43 5.8938119608 6.40183064357 6.54318432006 0.7367264951 0.800228830446 0.817898040007
64 16777216 269258.216 274153.899 278191.466 7.71944473667 7.83313188626 7.97555476636 0.964930592084 0.979141485783 0.996944345795
96 8388608 186780.972 192641.579 193465.567 8.32506146171 8.36067034106 8.62300221888 1.04063268271 1.04508379263 1.07787527736
128 8388608 238453.313 238751.758 242700.947 8.84827057556 8.99462967724 9.0058872363 1.10603382194 1.12432870965 1.12573590454
160 4194304 144931.966 145107.342 145837.137 9.20326130648 9.24954769001 9.26074017377 1.15040766331 1.15619346125 1.15759252172
192 4194304 170665.763 170797.197 171044.905 9.41631518343 9.42997171084 9.43723396942 1.17703939793 1.17874646385 1.17965424618
224 4194304 196462.303 197587.005 199635.689 9.41238613903 9.50997861423 9.56442107879 1.17654826738 1.18874732678 1.19555263485
256 4194304 221650.451 221861.658 229449.747 9.35927660012 9.67938159013 9.68860491062 1.16990957501 1.20992269877 1.21107561383
288 2097152 124042.292 124282.343 127465.868 9.47672950378 9.71947842985 9.73828790587 1.18459118797 1.21493480373 1.21728598823
320 2097152 136447.863 136479.735 136939.5 9.80124273858 9.83426059554 9.83655771875 1.22515534232 1.22928257444 1.22956971484
352 2097152 153973.334 157583.122 180196.766 8.19323809618 9.36899199141 9.58864090064 1.02415476202 1.17112399893 1.19858011258
384 2097152 162562.552 179803.304 197718.996 8.14596861497 8.95763704097 9.90764918602 1.01824607687 1.11970463012 1.23845614825
416 2097152 175538.647 179428.508 208329.158 8.3753540827 9.72437704269 9.93986506003 1.04691926034 1.21554713034 1.2424831325
448 2097152 187834.556 191215.11 279265.766 6.72853038492 9.82688131707 10.0037406961 0.841066298115 1.22836016463 1.25046758702
480 2097152 200581.785 201645.264 202644.934 9.934943254 9.98419640543 10.0371323348 1.24186790675 1.24802455068 1.25464154185
512 2097152 213270.722 217383.103 242233.109 8.86535972256 9.87879747029 10.0692848407 1.10816996532 1.23484968379 1.25866060509
544 1048576 113244.191 115059.888 116237.063 9.81486161604 9.91527723371 10.0742535041 1.22685770201 1.23940965421 1.25928168801
576 1048576 119584.844 120270.623 152785.114 7.90626469016 10.0436791784 10.1012763122 0.98828308627 1.2554598973 1.26265953903
608 1048576 130930.905 131902.824 135466.091 9.41245448649 9.66672567981 9.73848317935 1.17655681081 1.20834070998 1.21731039742
640 1048576 137218.421 137323.81 143325.237 9.36455650166 9.77381329574 9.78131995849 1.17056956271 1.22172666197 1.22266499481
704 1048576 145672.581 145810.032 147535.356 10.0070589724 10.1254693367 10.135023337 1.25088237154 1.26568366709 1.26687791713
768 1048576 158079.553 158404.205 171398.856 9.39686981341 10.1677397769 10.1886215227 1.17460872668 1.27096747211 1.27357769034
832 1048576 170972.203 171335.485 199711.342 8.73676200123 10.1837075023 10.2053458596 1.09209525015 1.27296343778 1.27566823246
896 1048576 183628.673 183646.561 283211.87 6.63477908606 10.2318724716 10.232869199 0.829347385758 1.27898405895 1.27910864988
960 1048576 197017.481 197623.184 205583.491 9.79293575669 10.1873974462 10.2187171909 1.22411696959 1.27342468078 1.27733964886
1056 524288 114618.519 115030.024 124140.38 8.9197105406 9.62614991717 9.6607098544 1.11496381757 1.20326873965 1.2075887318
1152 524288 117758.3 118556.843 180245.554 6.70174395536 10.1888640203 10.257956781 0.83771799442 1.27360800253 1.28224459762
1248 524288 127720.239 127800.286 188544.433 6.94066023153 10.2395924842 10.2460100157 0.867582528942 1.27994906052 1.28075125196
1344 524288 146642.739 147960.729 170544.95 8.26342934223 9.52473101156 9.6103370246 1.03292866778 1.19059137645 1.20129212807
1472 524288 155159.161 155525.046 157902.012 9.77507412635 9.92447140636 9.94787456991 1.22188426579 1.2405589258 1.24348432124
1600 524288 163667.548 165300.633 172830.927 9.70729966634 10.1495170923 10.2507896067 1.21341245829 1.26868963654 1.28134870084
1760 524288 180440.17 180975.64 229660.479 8.03574810971 10.1974705546 10.2277323281 1.00446851371 1.27468381933 1.27846654101
1920 524288 196656.42 196948.569 204006.61 9.86863082525 10.2222927042 10.2374787459 1.23357885316 1.27778658803 1.27968484324
2112 262144 107707.13 108201.489 111771.559 9.906780096 10.2336508142 10.2806216821 1.238347512 1.27920635177 1.28507771027
2304 262144 117217.833 117979.727 127860.301 9.44749498126 10.2387044174 10.3052540819 1.18093687266 1.27983805218 1.28815676024
2528 262144 131727.942 132246.879 137319.234 9.65196225898 10.0221651658 10.0616470878 1.20649528237 1.25277064573 1.25770588597
2752 262144 153792.175 159127.208 168316.816 8.57217127967 9.06721480339 9.38175545017 1.07152140996 1.13340185042 1.17271943127
3008 262144 154881.02 171498.976 172759.122 9.1286543121 9.19573014827 10.182385834 1.14108178901 1.14946626853 1.27279822925
3296 262144 169066.679 169243.752 170008.164 10.1645309692 10.2104404303 10.2211343963 1.27056637115 1.27630505379 1.27764179954
3616 262144 191932.902 193778.412 236362.901 8.0208247571 9.78347065823 9.87754255912 1.00260309464 1.22293383228 1.23469281989
3968 262144 202754.893 231684.222 253683.862 8.20065875534 8.97935459757 10.2605404645 1.02508234442 1.1224193247 1.28256755806
4352 131072 111054.863 120216.24 123067.509 9.27012090575 9.4899881081 10.272856651 1.15876511322 1.18624851351 1.28410708138
4768 131072 122477.196 123769.406 184464.939 6.7758274216 10.0986393358 10.2051862128 0.8469784277 1.26232991697 1.2756482766
5216 131072 133442.222 134113.374 147655.796 9.26034155815 10.1954269229 10.2467051545 1.15754269477 1.27442836536 1.28083814432
5728 131072 145160.538 151458.757 218785.013 6.86317957254 9.91399151652 10.3441393418 0.857897446568 1.23924893956 1.29301741772
6272 131072 164830.497 166261.448 285133.066 5.76631532451 9.8890463651 9.97489662365 0.720789415564 1.23613079564 1.24686207796
6880 131072 174713.2 188046.397 307464.992 5.86587340649 9.59098790922 10.3229219086 0.733234175811 1.19887348865 1.29036523857
7552 131072 194692.132 198831.16 324763.124 6.09586292808 9.95674665882 10.1684206119 0.76198286601 1.24459333235 1.27105257649
8288 65536 109409.098 123371.979 215926.9 5.03098380054 8.80527932522 9.92901646991 0.628872975067 1.10065991565 1.24112705874
9088 65536 116101.281 134830.318 195062.212 6.10667911425 8.83467719775 10.2598552379 0.763334889281 1.10433464972 1.28248190474
9984 65536 127324.651 167891.307 209472.52 6.24722922128 7.79446459369 10.277843589 0.780903652661 0.974308074211 1.28473044862
10976 65536 139419.434 182334.525 298471.381 4.82004762795 7.89014736512 10.3188359809 0.602505953494 0.986268420641 1.28985449762
12064 65536 153090.61 167875.115 302385.84 5.22925480902 9.41921980515 10.3288673812 0.653656851128 1.17740247564 1.29110842265
13248 65536 168168.448 177947.535 206332.761 8.41573508533 9.75816751831 10.3256102833 1.05196688567 1.21977093979 1.29070128542
14560 65536 183568.193 184637.712 191642.641 9.95816124241 10.3359617021 10.3961818701 1.2447701553 1.29199521277 1.29952273377
16000 65536 201861.891 202230.199 204310.438 10.2645367536 10.3701228124 10.3890436655 1.2830670942 1.29626535155 1.29863045819
17600 32768 110714.702 111192.108 115023.21 10.0278335129 10.3733405252 10.4180707635 1.25347918911 1.29666756565 1.30225884544
19360 32768 122021.337 122174.849 129954.413 9.76324643935 10.3849275885 10.3979926068 1.22040580492 1.29811594856 1.29974907585
21280 32768 138950.429 145267.584 176263.552 7.91205024621 9.60025658581 10.0367166193 0.989006280777 1.20003207323 1.25458957741
23392 32768 147045.344 147113.626 148012.985 10.3573217715 10.4206398393 10.4254787693 1.29466522143 1.30257997991 1.30318484617
25728 32768 161438.093 171617.856 194912.542 8.65059883114 9.82479473465 10.4443144531 1.08132485389 1.22809934183 1.30553930664
28288 32768 177456.945 178417.127 267820.482 6.92210825011 10.3907197654 10.4469417525 0.865263531263 1.29883997067 1.30586771907
31104 32768 195263.168 197658.276 202802.119 10.0513335563 10.3129086485 10.4394073131 1.25641669454 1.28911358106 1.30492591414
34208 16384 107316.324 107450.443 108190.087 10.360725045 10.4320439516 10.4450814398 1.29509063062 1.30400549396 1.30563517998
37600 16384 117937.984 118056.498 118625.857 10.3862415089 10.4363319332 10.4468192368 1.29828018861 1.30454149165 1.3058524046
41344 16384 129635.94 129917.02 130364.98 10.3920561488 10.4278884476 10.4504984652 1.2990070186 1.30348605595 1.30631230815
45472 16384 142496.399 142500.727 142667.357 10.4440604167 10.4562729424 10.4565905276 1.30550755209 1.3070341178 1.30707381595
50016 16384 156698.133 156941.767 157044.75 10.4360336019 10.4428815817 10.4591181568 1.30450420024 1.30536019771 1.3073897696
55008 16384 172329.083 173116.285 179202.138 10.0584857085 10.4120888685 10.4596514565 1.25731071356 1.30151110856 1.30745643206
60480 16384 189500.122 189786.115 189789.576 10.4421364006 10.4423268267 10.4580863542 1.30526705007 1.30529085334 1.30726079427
66528 8192 104486.925 104489.359 104517.205 10.4288547708 10.4316340193 10.4318770219 1.30360684636 1.30395425241 1.30398462774
73152 8192 115017.201 115069.628 115151.907 10.4081851463 10.41562738 10.4203750185 1.30102314328 1.3019534225 1.30254687731
80448 8192 126971.944 127080.585 128302.855 10.2730374316 10.3718442278 10.3807186885 1.28412967895 1.29648052848 1.29758983607
88480 8192 139597.261 142196.066 148870.284 9.737714479 10.1947709299 10.3845613418 1.21721430988 1.27434636623 1.29807016772
97312 8192 153207.366 153541.593 154708.983 10.3055412626 10.3838951834 10.4065479985 1.28819265782 1.29798689792 1.30081849981
107040 8192 168537.491 169313.29 171022.363 10.2544680663 10.3579781599 10.4056572196 1.28180850828 1.29474726999 1.30070715245
117728 8192 185534.19 185650.246 191840.902 10.0544541435 10.3897279619 10.3962269811 1.25680676793 1.29871599524 1.29952837264
129472 8192 241406.568 249914.861 314747.996 6.73957983834 8.4879676203 8.78712317388 0.842447479793 1.06099595254 1.09839039674
142400 4096 112674.513 121262.602 157064.125 7.42716263182 9.61995521092 10.353191409 0.928395328978 1.20249440137 1.29414892612
156640 4096 125657.436 126827.173 126927.625 10.1096580039 10.117665242 10.2118499378 1.26370725049 1.26470815525 1.27648124222
172288 4096 136144.791 138313.705 160142.749 8.81328255455 10.204218707 10.3667814658 1.10166031932 1.27552733838 1.29584768322
189504 4096 155237.389 155854.592 183904.953 8.44140814413 9.96067390815 10.0002762092 1.05517601802 1.24508423852 1.25003452615
208448 4096 165742.8 170180.573 187870.867 9.08925392887 10.0340831265 10.3027462792 1.13615674111 1.25426039081 1.2878432849
229280 4096 183500.198 186853.399 187234.196 10.0316170877 10.0520609743 10.2357478655 1.25395213597 1.25650762179 1.27946848319
252192 4096 199977.333 205619.436 244401.935 8.45311173171 10.0474785078 10.3309551788 1.05663896646 1.25593481348 1.29136939735
277408 2048 109399.15 112989.362 186498.778 6.09260382392 10.0563729885 10.3863985049 0.761575477991 1.25704662356 1.29829981312
305120 2048 120577.826 124676.614 132228.136 9.45163077849 10.0241054028 10.3648536506 1.18145384731 1.25301317535 1.29560670633
335616 2048 135105.586 136752.749 152476.801 9.01568715361 10.0523254271 10.1748800823 1.1269608942 1.25654067839 1.27186001029
369152 2048 145389.192 152113.102 154160.875 9.8082382576 9.94027846464 10.3999930889 1.2260297822 1.24253480808 1.29999913611
406048 2048 159965.973 169400.81 280423.077 5.93094058375 9.81797317262 10.3970399255 0.741367572969 1.22724664658 1.29962999069
446624 2048 175927.81 184680.876 269950.16 6.77670242537 9.90558385699 10.3984236716 0.847087803171 1.23819798212 1.29980295895
491264 2048 193488.924 199890.668 205002.029 9.8155972105 10.0665897219 10.3996513206 1.22694965131 1.25832371524 1.29995641508
540384 1024 106715.544 107049.918 113301.577 9.76779371747 10.3382277416 10.3706207223 1.22097421468 1.2922784677 1.29632759029
594400 1024 118235.143 121637.212 142971.366 8.51451052094 10.0078847582 10.2958491791 1.06431381512 1.25098559477 1.28698114739
653824 1024 128878.311 134853.114 145118.565 9.2271554091 9.92955603532 10.3898906 1.15339442614 1.24119450441 1.298736325
719200 1024 141725.736 151961.975 163416.947 9.01327326841 9.69269845302 10.3927602817 1.12665915855 1.21158730663 1.29909503522
791104 1024 155870.653 161149.391 174030.084 9.30977538343 10.053907011 10.3943940749 1.16372192293 1.25673837638 1.29929925937
870208 1024 171581.757 179152.052 216376.859 8.23649068683 9.94789601405 10.3868034409 1.02956133585 1.24348700176 1.29835043011
957216 1024 188680.737 192709.392 212175.122 9.23943556399 10.1727183489 10.3899232066 1.1549294455 1.27158979361 1.29874040083
1052928 512 103947.02 106944.142 109864.513 9.81389024134 10.081882484 10.372575106 1.22673628017 1.2602353105 1.29657188826
1158208 512 115118.939 117233.4 153049.301 7.74916960908 10.1166134566 10.3024315747 0.968646201135 1.26457668207 1.28780394684
1274016 512 127579.146 130502.412 243082.184 5.36687782927 9.99669173931 10.2257494654 0.670859728659 1.24958646741 1.27821868317
1401408 512 140708.498 141630.831 253028.44 5.6714644093 10.1322698022 10.1986860239 0.708933051162 1.26653372527 1.27483575299
1541536 512 153088.727 161499.635 173580.928 9.09393031935 9.77421939065 10.311228625 1.13674128992 1.22177742383 1.28890357812
1695680 512 167854.991 171772.727 208919.518 8.31122116604 10.1085681664 10.3445021781 1.03890264575 1.26357102079 1.29306277226
1865248 512 190486.975 191196.026 388647.51 4.91451483119 9.98982035327 10.0270055315 0.614314353899 1.24872754416 1.25337569144
2051744 512 211714.24 224256.304 376918.965 5.57410491669 9.3686813638 9.92368702266 0.696763114586 1.17108517048 1.24046087783
2256896 256 112458.621 113420.266 130939.631 8.82491223761 10.1880448067 10.2751638045 1.1031140297 1.27350560084 1.28439547556
2482560 256 126076.165 128027.175 172863.07 7.35304955535 9.92813221099 10.0817685881 0.919131194419 1.24101652637 1.26022107351
2730816 256 147914.253 151417.875 185874.011 7.52218012878 9.23390182302 9.45262382524 0.940272516097 1.15423772788 1.18157797815
3003872 256 149801.952 207090.263 353082.313 4.35587512422 7.42662857114 10.2667718509 0.544484390528 0.928328571392 1.28334648136
3304256 256 165502.815 172141.456 182199.429 9.28531489525 9.82784223691 10.2220561747 1.16066436191 1.22848027961 1.27775702184
3634656 256 182476.632 206323.462 340765.368 5.46107100884 9.01954559099 10.1982585474 0.682633876104 1.12744319887 1.27478231843
3998112 256 205099.897 218962.06 465584.138 4.39669906452 9.34880382474 9.98066490497 0.549587383065 1.16860047809 1.24758311312
4397920 128 112992.856 178408.843 224411.821 5.01697065236 6.31060378549 9.96405932071 0.627121331545 0.788825473186 1.24550741509
4837696 128 122486.546 270625.259 318508.434 3.88828063498 4.57625493118 10.1109078217 0.486035079372 0.572031866397 1.26386347771
5321440 128 138872.509 146584.702 351678.696 3.87367405389 9.29352532299 9.80963510928 0.484209256736 1.16169066537 1.22620438866
5853568 128 153049.161 185993.195 196536.566 7.62460359667 8.05681846586 9.79105927931 0.953075449583 1.00710230823 1.22388240991
6438912 128 165234.304 168196.042 190261.246 8.66367432493 9.80023936592 9.97590350246 1.08295929062 1.22502992074 1.24698793781
7082784 128 183739.491 199879.993 328592.32 5.51806172463 9.07140668151 9.86827978096 0.689757715579 1.13392583519 1.23353497262
7791040 128 211177.084 211639.981 248577.256 8.02368757341 9.4240522541 9.44470963526 1.00296094668 1.17800653176 1.18058870441
8570144 64 111789.251 112957.348 280452.428 3.91145992147 9.71143933018 9.81291512544 0.488932490183 1.21392991627 1.22661439068
9427136 64 120793.971 120944.302 132317.675 9.11951791777 9.97710010348 9.98951684435 1.13993973972 1.24713751294 1.24868960554
10369824 64 133737.702 133902.698 136893.054 9.69616378052 9.91270147522 9.92493105646 1.21202047257 1.2390876844 1.24061638206
11406784 64 147285.752 150236.48 189851.002 7.69060124318 9.71846752533 9.91316764978 0.961325155397 1.21480844067 1.23914595622
12547456 64 161964.681 163864.173 169394.84 9.48124729183 9.80125392022 9.91620122414 1.18515591148 1.22515674003 1.23952515302
13802176 64 191498.905 216263.037 248670.719 7.10448956397 8.16911920089 9.22552809375 0.888061195496 1.02113990011 1.15319101172
15182368 64 200566.573 236169.81 496786.338 3.91182879912 8.22858393289 9.68926713426 0.488978599891 1.02857299161 1.21115839178
16700576 64 217580.149 220057.079 520380.752 4.1079031455 9.71417842005 9.8247645193 0.513487893188 1.21427230251 1.22809556491
18370624 32 120201.807 126984.553 280439.953 4.19241239853 9.25876343401 9.78121681648 0.524051549816 1.15734542925 1.22265210206
20207680 32 146145.83 150614.176 192405.386 6.72170123138 8.58678481898 8.84932207782 0.840212653922 1.07334810237 1.10616525973
22228448 32 145337.73 148526.303 152810.43 9.30970923909 9.57824064334 9.78837822773 1.16371365489 1.19728008042 1.22354727847
24451264 32 159128.56 159183.541 160510.913 9.74937383853 9.83067021986 9.83406684507 1.21867172982 1.22883377748 1.22925835563
26896384 32 175381.112 201328.086 273875.898 6.28521380877 8.55006676018 9.81501688734 0.785651726097 1.06875834502 1.22687711092
29586016 32 195517.423 201335.79 276452.304 6.84930093402 9.40471152198 9.68458460093 0.856162616753 1.17558894025 1.21057307512
32544608 32 213174.536 255855.044 338990.545 6.14428615406 8.14076157904 9.77065530941 0.768035769257 1.01759519738 1.22133191368
35799040 16 113998.722 116887.517 172422.131 6.64398052243 9.80061266936 10.0489659875 0.830497565304 1.22507658367 1.25612074844
39378944 16 126776.431 132966.029 164031.369 7.68222697696 9.47705378191 9.93975140379 0.96027837212 1.18463172274 1.24246892547
43316832 16 141555.566 172172.456 227571.84 6.09099361327 8.05087327093 9.79218735913 0.761374201659 1.00635915887 1.22402341989
47648512 16 156836.294 199231.357 234605.073 6.49923023617 7.65317471587 9.72193581672 0.812403779521 0.956646839483 1.21524197709
52413344 16 172639.223 233250.571 266843.317 6.2854375626 7.19066624707 9.71521406813 0.785679695325 0.898833280884 1.21440175852
57654656 16 189469.177 259206.343 332925.401 5.54162880471 7.11768458537 9.73746242641 0.692703600588 0.889710573171 1.2171828033
63420096 16 229355.237 294301.357 310094.978 6.54458542054 6.89579923344 8.84847060196 0.818073177567 0.86197490418 1.10605882524
69762080 8 112783.338 131044.027 183877.863 6.0702972168 8.51769672799 9.89679237903 0.7587871521 1.064712091 1.23709904738
76738272 8 125219.315 198019.208 267997.153 4.58143804237 6.20047097653 9.80529522941 0.572679755296 0.775058872067 1.22566190368
84412096 8 136940.093 252212.695 295791.501 4.56603226068 5.3549784082 9.86265969602 0.570754032585 0.669372301026 1.232832462
92853280 8 149828.932 200526.385 204529.548 7.26375477053 7.4087630912 9.91565821213 0.907969346317 0.9260953864 1.23945727652
102138592 8 164628.918 165897.612 385980.049 4.23394285853 9.85075946723 9.92667322274 0.529242857317 1.2313449334 1.24083415284
112352448 8 184310.857 192268.825 197570.711 9.09871285527 9.34961332395 9.75330046889 1.13733910691 1.16870166549 1.21916255861
123587680 8 201372.488 216260.793 223117.869 8.86259307183 9.14360320504 9.81962779345 1.10782413398 1.14295040063 1.22745347418
135946432 4 109108.842 114560.781 189604.699 5.73599421183 9.49340120159 9.96776646204 0.716999276479 1.1866751502 1.24597080776
149541056 4 120427.052 121238.591 124900.599 9.57824428048 9.86755486131 9.93405076461 1.19728053506 1.23344435766 1.24175634558
164495136 4 134679.663 136643.28 148872.98 8.83948912691 9.6306315832 9.7710452988 1.10493614086 1.2038289479 1.22138066235
180944640 4 145750.498 146199.751 159935.384 9.0508872008 9.90122835435 9.93174733441 1.1313609001 1.23765354429 1.2414684168
199039104 4 168296.623 174117.209 200655.008 7.93557483499 9.14506292138 9.4613474924 0.991946854374 1.14313286517 1.18266843655
218943008 4 177972.512 186568.361 200504.275 8.73569435864 9.38821595801 9.84165500794 1.09196179483 1.17352699475 1.23020687599
240837280 4 203244.866 214479.621 311484.028 6.18554425526 8.98312963729 9.47968958783 0.773193031907 1.12289120466 1.18496119848
264920992 4 220530.126 223829.56 359055.929 5.90261228077 9.46866864234 9.61033294834 0.737826535097 1.18358358029 1.20129161854
291413088 2 115646.359 120494.918 155343.981 7.50368533429 9.67387149058 10.0794556965 0.937960666786 1.20923393632 1.25993196206
320554368 2 134262.63 134822.948 138634.237 9.2489236407 9.51038002818 9.5500696806 1.15611545509 1.18879750352 1.19375871007
352609792 2 145549.905 176915.425 182266.114 7.73835101351 7.97239227727 9.69041627337 0.967293876688 0.996549034659 1.21130203417
387870752 2 159702.745 161422.762 341554.285 4.54241997872 9.61130257454 9.71481741281 0.567802497339 1.20141282182 1.2143521766
426657824 2 171637.18 229631.49 353129.195 4.83288077045 7.43204381943 9.94324945213 0.604110096306 0.929005477428 1.24290618152
469323584 2 189390.47 238106.952 262896.503 7.14081136332 7.8842483188 9.91229567148 0.892601420415 0.98553103985 1.23903695893
516255936 2 210331.168 218879.322 292984.464 7.04823633242 9.43453097867 9.81796356496 0.881029541553 1.17931637233 1.22724544562
567881504 1 116074.667 148015.167 158327.283 7.17351416938 7.6732880219 9.78476214797 0.896689271173 0.959161002737 1.2230952685
624669632 1 124126.843 131274.833 269328.604 4.63871733431 9.51697469689 10.0650208593 0.579839666789 1.18962183711 1.25812760742
687136576 1 139186.848 139483.975 184078.814 7.46567800029 9.85255225197 9.87358483756 0.933209750037 1.2315690315 1.23419810469
755850208 1 156376.872 158893.518 176750.495 8.55273653406 9.51392124127 9.66703321703 1.06909206676 1.18924015516 1.20837915213
831435200 1 167298.34 170482.212 296614.749 5.60616222088 9.75392318349 9.93955110373 0.70077027761 1.21924039794 1.24244388797
914578720 1 186896.143 187039.153 411569.591 4.44434545214 9.77954300296 9.78702615602 0.555543181518 1.22244287537 1.2233782695
1006036576 1 201851.82 209410.601 253595.521 7.93418252841 9.60826788325 9.96807039937 0.991772816051 1.20103348541 1.24600879992

META_DATA
ERT_VERSION  1.1.0
CONFIG  {'ERT_WORKING_SET_MIN': ['1'], 'ERT_CFLAGS': [], 'ERT_CC': ['gcc'], 'ERT_MPI_CFLAGS': ['-I/usr/include/mpi'], 'ERT_MPI_LDFLAGS': ['-lmpi'], 'ERT_MEMORY_MAX': ['1073741824'], 'ERT_PROCS_THREADS': ['1-4'], 'ERT_LDFLAGS': [], 'ERT_LDLIBS': [], 'ERT_RUN': ['export', 'OMP_NUM_THREADS=ERT_OPENMP_THREADS;', 'mpirun', '-np', 'ERT_MPI_PROCS', 'ERT_CODE'], 'ERT_FLOPS': ['1,2,4'], 'ERT_OPENMP_CFLAGS': ['-fopenmp'], 'ERT_MPI': ['False'], 'ERT_TRIALS_MIN': ['1'], 'ERT_DRIVER': ['driver1'], 'ERT_RESULTS': ['Results/myLaptop'], 'ERT_OPENMP': ['True'], 'ERT_MPI_PROCS': ['1,2,4,8'], 'ERT_KERNEL': ['kernel1'], 'ERT_GPU': [False], 'ERT_OPENMP_THREADS': ['1,2,4'], 'ERT_LD': ['gcc'], 'ERT_NUM_EXPERIMENTS': ['3'], 'ERT_OPENMP_LDFLAGS': ['-fopenmp'], 'ERT_ALIGN': ['64'], 'ERT_GNUPLOT': ['gnuplot']}
FLOPS          2
HOSTNAME  ('atajo-Inspiron-15-7568', [], ['127.0.1.1'])
TIMESTAMP_DATA  1535253448.55
OPENMP_THREADS 4
TIMESTAMP_DATA  1535253388.89
UNAME  ('Linux', 'atajo-Inspiron-15-7568', '4.15.0-33-generic', '#36-Ubuntu SMP Wed Aug 15 16:00:05 UTC 2018', 'x86_64', 'x86_64')
TIMESTAMP_DATA  1535253330.73
