64 16777216 293582.626 305371.704 306376.728 7.009291019 7.03235964521 7.31475045802 0.438080688687 0.439522477826 0.457171903626
128 8388608 225308.45 244543.124 248306.316 8.64852607293 8.78161533587 9.53130540821 0.540532879558 0.548850958492 0.595706588013
192 4194304 167297.482 169207.582 172485.5 9.33767033171 9.51856126636 9.62723835855 0.583604395732 0.594910079148 0.60170239741
256 4194304 215794.757 217081.425 221152.772 9.710408007 9.89252603257 9.95150984136 0.606900500438 0.618282877036 0.621969365085
320 2097152 130398.228 131989.701 132948.781 10.0954463057 10.1688030947 10.2929104221 0.630965394109 0.63555019342 0.643306901379
384 2097152 159024.361 159325.925 162141.277 9.93339121167 10.1089181563 10.1280880858 0.620836950729 0.631807384768 0.633005505364
448 2097152 176365.472 179946.859 180165.617 10.4295604416 10.4422394614 10.6542860725 0.6518475276 0.652639966336 0.665892879531
512 2097152 184176.592 201616.18 205521.834 10.4489319028 10.6513457799 11.6599163047 0.653058243924 0.665709111243 0.728744769042
576 1048576 112331.547 112997.515 116760.839 10.3455881471 10.6901426284 10.7535201309 0.646599259192 0.668133914272 0.672095008181
640 1048576 123391.765 125382.352 125901.382 10.6605444569 10.70467461 10.8773651143 0.666284028558 0.669042163127 0.679835319642
704 1048576 134717.736 135201.396 136429.434 10.821675094 10.9199686666 10.959173245 0.676354693372 0.682498041662 0.684948327813
768 1048576 145815.101 147983.865 150184.598 10.7242204424 10.883705031 11.045582556 0.670263777648 0.680231564434 0.690348909747
832 1048576 153897.438 158610.679 160499.141 10.8712760276 11.0007124047 11.3376186548 0.679454751724 0.687544525296 0.708601165927
896 1048576 169143.362 172103.77 173074.844 10.8568533045 10.9181117415 11.1092044629 0.678553331529 0.682381983846 0.694325278931
960 1048576 177509.874 183508.664 187563.921 10.7337589728 10.9709584066 11.3417122926 0.670859935798 0.685684900414 0.708857018286
1024 1048576 195428.637 197075.305 197935.569 10.8494075059 10.8967668374 10.9885822312 0.678087969121 0.681047927339 0.686786389448
1088 524288 102148.29 102855.136 104340.213 10.933950154 11.0918203248 11.1685735317 0.683371884625 0.693238770303 0.69803584573
1152 524288 104822.384 108195.616 112978.838 10.6919098601 11.164588702 11.5238702451 0.668244366259 0.697786793875 0.72024189032
1216 524288 124892.472 125052.358 126099.934 10.1115708435 10.1962764749 10.2093296384 0.631973177718 0.637267279678 0.638083102399
1280 524288 115016.119 127011.584 129027.519 10.4022559715 10.5673611629 11.6694711287 0.650140998216 0.660460072681 0.729341945541
1408 524288 115592.869 131801.075 135518.226 10.8944387156 11.2016917009 12.7723710015 0.680902419723 0.700105731308 0.798273187596
1536 524288 143366.948 144356.093 144470.483 11.1483861793 11.1572203329 11.2341983872 0.696774136209 0.697326270807 0.7021373992
1664 524288 146851.683 160655.911 160773.917 10.8526961124 10.8606677037 11.8815830255 0.678293507025 0.678791731479 0.742598939094
1792 524288 166399.359 167902.684 171282.152 10.9704844904 11.1912933566 11.2924004232 0.685655280651 0.699455834786 0.705775026453
1920 524288 178823.1 181163.771 185788.087 10.8363563698 11.1129609904 11.2584219824 0.677272273114 0.694560061901 0.7036513739
2112 262144 98579.749 106819.29 108387.855 10.2160547047 10.3660701733 11.232492142 0.638503419041 0.64787938583 0.702030758873
2304 262144 107551.599 109165.664 110335.526 10.9480563132 11.0653799715 11.2314420542 0.684253519578 0.691586248218 0.701965128385
2496 262144 117017.093 120462.643 122379.876 10.6931212122 10.8633084532 11.1831768714 0.668320075761 0.678956778327 0.698948554465
2688 262144 125749.692 134865.465 136423.488 10.3302309937 10.4495701995 11.2070743203 0.645639437103 0.653098137466 0.700442145019
2944 262144 130515.422 137657.052 137682.725 11.2105848573 11.2126756281 11.8262182993 0.700661553583 0.700792226758 0.739138643708
3200 262144 149643.209 153094.148 154665.694 10.8474061481 10.9587572217 11.2114783638 0.677962884258 0.684922326358 0.70071739774
3520 262144 164445.299 166771.026 168240.438 10.9693827592 11.0660334967 11.2225388699 0.685586422451 0.691627093546 0.701408679369
3840 262144 178412.717 178739.436 179867.136 11.1930726467 11.2636918022 11.2843184827 0.699567040418 0.703980737636 0.705269905172
4224 131072 98752.586 99492.389 101987.654 10.8571597892 11.1294569075 11.2128330087 0.678572486823 0.695591056719 0.700802063047
4608 131072 87873.745 106771.268 114425.356 10.5567471601 11.3135263318 13.746535464 0.659796697508 0.707095395739 0.859158466502
5056 131072 116910.844 118650.7 124652.966 10.6327198344 11.1706046741 11.3368445445 0.664544989647 0.698162792128 0.708552784034
5504 131072 118245.627 135359.899 135394.651 10.6565552283 10.6592911686 12.2020628805 0.66603470177 0.666205698041 0.762628930032
6016 131072 135574.567 142178.905 144712.643 10.8978612463 11.0920695584 11.6324052431 0.681116327894 0.693254347401 0.727025327693
6592 131072 144658.522 146293.82 159420.891 10.8395658634 11.8122094836 11.9457410743 0.677472866464 0.738263092727 0.746608817142
7232 131072 170333.327 170403.996 175251.538 10.8177390603 11.1254750622 11.1300908718 0.676108691269 0.695342191389 0.695630679485
7936 131072 173527.2 187087.88 188393.14 11.0427310888 11.1197731462 11.988753256 0.690170693052 0.694985821636 0.749297078498
8704 65536 101741.279 102444.001 105676.587 10.7956806743 11.1363347474 11.2132528627 0.674730042143 0.696020921713 0.700828303918
9536 65536 110634.586 112514.231 114231.515 10.9418367777 11.1088400186 11.2975755339 0.683864798607 0.694302501165 0.706098470871
10432 65536 108900.612 121775.32 122826.36 11.132326188 11.2284090405 12.5558808063 0.695770386748 0.701775565032 0.784742550391
11456 65536 124414.85 132284.104 136704.357 10.984001278 11.3510299922 12.0689839838 0.686500079877 0.709439374515 0.754311498989
12544 65536 129732.563 139017.108 149111.645 11.0264169375 11.8270851096 12.6735117998 0.689151058591 0.739192819347 0.792094487488
13760 65536 160138.38 164071.992 167101.203 10.7931641881 10.9924350769 11.2624513874 0.674572761753 0.687027192307 0.70390321171
15104 65536 163218.653 176705.298 177253.766 11.1687978917 11.2034642447 12.1291987871 0.698049868232 0.700216515297 0.758074924194
16576 32768 88809.834 96641.324 98729.07 11.003088918 11.2407890438 12.2320320518 0.687693057374 0.702549315239 0.764502003235
18176 32768 93687.128 106132.194 107256.992 11.1058711771 11.2235721425 12.7144716828 0.694116948572 0.701473258906 0.794654480176
19968 32768 106176.764 108017.638 117719.308 11.1164673853 12.1148996796 12.3249456727 0.69477921158 0.757181229977 0.770309104542
21952 32768 114418.964 127522.763 128974.605 11.1544925608 11.2814860512 12.5734950021 0.697155785048 0.705092878202 0.785843437632
24128 32768 140319.226 144188.769 147667.072 10.7082275458 10.9665448909 11.2689661501 0.669264221613 0.68540905568 0.70431038438
26496 32768 140935.503 152269.364 160327.459 10.8305955002 11.4037506323 12.3208263286 0.676912218761 0.712734414521 0.770051645539
29120 32768 167078.174 172684.592 172997.39 11.0314283932 11.0514105393 11.4222478874 0.689464274577 0.690713158705 0.713890492962
32000 32768 174360.692 184779.375 191185.345 10.9692089632 11.3494917926 12.0276650428 0.685575560198 0.709343237036 0.751729065173
35200 16384 101789.137 102163.54 102242.587 11.2813420889 11.2900708022 11.3315981842 0.705083880556 0.705629425135 0.708224886512
38720 16384 112801.675 113873.459 114578.222 11.0734565247 11.141990163 11.2478556724 0.692091032797 0.696374385185 0.702990979522
42560 16384 109413.464 123695.691 126046.218 11.0642437522 11.2744920112 12.7462016923 0.691515234515 0.7046557507 0.79663760577
46784 16384 124927.802 132731.405 135462.443 11.316923555 11.5497768746 12.2712325636 0.707307722185 0.721861054661 0.766952035224
51456 16384 149055.789 149573.677 151708.38 11.1141534041 11.2727736713 11.311940444 0.694634587753 0.704548354454 0.706996277749
56576 16384 161377.44 166437.953 167424.088 11.0729727732 11.1385794801 11.4878657636 0.692060798324 0.696161217508 0.717991610228
62208 16384 157601.222 179369.052 182342.308 11.1791485276 11.3644562497 12.934111285 0.698696782976 0.710278515605 0.808381955313
68416 8192 90036.341 99144.857 99462.226 11.2698839457 11.3059595618 12.4497256502 0.704367746606 0.706622472611 0.778107853139
75200 8192 99811.081 107545.958 112050.326 10.9957448941 11.4562817879 12.3440883282 0.687234055883 0.716017611745 0.771505520514
82688 8192 118526.012 122328.256 123096.105 11.0057112855 11.0747936438 11.4300664398 0.687856955344 0.692174602734 0.714379152485
90944 8192 130328.106 130846.034 131412.051 11.3385833693 11.3876320928 11.4328869016 0.708661460584 0.711727005803 0.714555431351
100032 8192 138424.856 143936.504 146905.025 11.1563528069 11.3864394539 11.8398121216 0.697272050428 0.711652465868 0.7399882576
110016 8192 157571.145 158351.295 158852.191 11.3470398655 11.3829327635 11.4392907661 0.709189991594 0.711433297719 0.71495567288
120960 8192 172856.426 173349.039 177570.406 11.1606921707 11.4324754924 11.465056208 0.697543260671 0.714529718276 0.716566012999
133056 4096 86635.245 95725.946 97596.812 11.1683438184 11.3866177097 12.5814240151 0.698021488653 0.711663606855 0.786339000946
146304 4096 106394.38 108316.786 108602.488 11.03586474 11.064973512 11.264902977 0.689741546253 0.691560844503 0.704056436064
160896 4096 113362.388 116897.916 118892.198 11.0861776817 11.2753082099 11.6269607165 0.692886105108 0.704706763121 0.726685044779
176960 4096 113253.934 130338.806 130559.038 11.1034543622 11.1222157429 12.8000526675 0.693965897635 0.695138483929 0.800003291718
194624 4096 132174.157 139410.537 141106.532 11.2989794689 11.4364368886 12.0625683885 0.706186216808 0.714777305535 0.753910524279
214080 4096 136093.793 149327.871 156550.283 11.2024285513 11.7442467254 12.8862846816 0.700151784459 0.734015420336 0.805392792601
235456 4096 167965.915 170225.958 170820.036 11.2917406949 11.3311481672 11.4836129223 0.705733793429 0.708196760449 0.717725807644
258944 4096 174073.035 185527.612 188063.444 11.2795405789 11.4337118078 12.1860875695 0.704971286179 0.714606987988 0.761630473094
284800 2048 98539.653 102661.578 102665.718 11.3625153822 11.3629735947 11.8382880849 0.710157211388 0.710185849666 0.739893005306
313280 2048 103423.698 115934.681 125280.51 10.2425738848 11.068257306 12.407164942 0.6401608678 0.691766081627 0.775447808876
344576 2048 117880.822 118566.808 124177.365 11.3658660417 11.9036964881 11.9729678845 0.710366627606 0.743981030509 0.748310492779
379008 2048 135400.493 140213.253 140719.747 11.0319752636 11.0718261989 11.4653701298 0.689498453973 0.691989137432 0.716585633111
416896 2048 148274.757 148938.953 150670.04 11.3334144997 11.4651404593 11.5164984961 0.708338406229 0.716571278704 0.719781156006
458560 2048 153954.501 162795.386 166631.441 11.2719529323 11.5375613901 12.2001094336 0.704497058271 0.721097586881 0.762506839602
504384 2048 179658.307 179846.877 180608.694 11.4388561162 11.4873101967 11.4993673184 0.714928507262 0.717956887291 0.718710457402
554816 1024 87532.543 101223.64 102509.732 11.0844418947 11.2252747283 12.9810368699 0.692777618422 0.70157967052 0.811314804369
610240 1024 110172.04 111649.269 112863.251 11.0733255415 11.193727744 11.3438175421 0.692082846347 0.699607983999 0.708988596381
671232 1024 109821.594 111106.855 124145.572 11.073154796 12.3726221573 12.5174210821 0.692072174753 0.773288884831 0.782338817628
738304 1024 121495.428 131692.106 134741.184 11.2218591756 11.4816797903 12.4452962296 0.701366198474 0.717604986893 0.777831014349
812096 1024 144607.278 150255.795 155559.59 10.6915466157 11.0689415207 11.5013063727 0.66822166348 0.691808845043 0.718831648294
893248 1024 159106.602 160167.767 162248.279 11.2751390355 11.4215983544 11.4977749572 0.70469618972 0.713849897152 0.718610934825
982528 1024 175674.4 179483.568 179836.838 11.1891276914 11.2111507835 11.4542434413 0.699320480713 0.700696923966 0.71589021508
1080768 512 86053.357 96932.424 97296.547 11.3745704871 11.4172986327 12.8607002746 0.710910655442 0.713581164544 0.803793767162
1188800 512 96006.339 107539.106 109019.144 11.1662149906 11.3198932489 12.6796960772 0.697888436915 0.707493328055 0.792481004822
1307648 512 115990.451 118084.892 119531.501 11.2023319443 11.3395670633 11.5443257652 0.700145746517 0.708722941458 0.721520360327
1438400 512 122198.1 128870.616 133045.219 11.0708344958 11.4294603822 12.0535556608 0.691927155984 0.714341273887 0.753347228803
1582208 512 133323.996 144598.163 148754.72 10.8916274522 11.2047135205 12.1522084592 0.680726715764 0.700294595029 0.759513028697
1740416 512 145701.344 157428.248 159119.524 11.2002973563 11.3206238819 12.2317744989 0.700018584772 0.707538992621 0.764485906184
1914432 512 163609.076 173960.355 175591.263 11.1644414107 11.2691099532 11.9820881331 0.697777588171 0.704319372078 0.748880508316
2105856 256 95751.995 96152.492 96972.852 11.1185579238 11.2134199496 11.260321751 0.694909870239 0.700838746852 0.703770109437
2316416 256 104461.454 105546.026 105816.071 11.2081745314 11.2368512292 11.3535179397 0.700510908215 0.702303201828 0.709594871234
2548032 256 104104.061 114231.045 117644.084 11.0893156684 11.4206464976 12.5316185696 0.693082229277 0.713790406102 0.783226160601
2802816 256 125517.302 126579.929 128546.647 11.163587892 11.3370405825 11.4330197442 0.697724243247 0.708565036405 0.71456373401
3083072 256 139077.81 140528.042 140866.617 11.2058690527 11.2328674159 11.3499979903 0.700366815794 0.702054213493 0.709374874396
3391360 256 151904.042 157157.179 159714.581 10.8717457675 11.048660526 11.4307446803 0.679484110471 0.690541282877 0.714421542516
3730496 256 162366.489 167649.438 168106.078 11.3619565379 11.3929039953 11.763597056 0.710122283621 0.712056499706 0.735224816003
4103488 256 185165.553 185615.044 191476.171 10.9725708689 11.3190494193 11.3465265108 0.685785679305 0.707440588706 0.709157906925
4513792 128 92634.721 102401.908 102693.263 11.2522547073 11.2842697423 12.4740565905 0.703265919206 0.705266858895 0.779628536907
4965120 128 112841.213 112938.011 113063.686 11.242077496 11.2545874391 11.2642419042 0.702629843503 0.703411714945 0.704015119015
5461632 128 123341.522 124942.624 127045.716 11.0053123869 11.1905588921 11.3358240544 0.687832024183 0.699409930753 0.708489003403
6007744 128 135435.343 135540.859 137280.094 11.2032445432 11.3470024858 11.355842795 0.700202783952 0.709187655362 0.70974017469
6608512 128 150290.072 150414.328 151958.221 11.1331855616 11.2474595638 11.2567586766 0.695824097599 0.702966222739 0.70354741729
7269312 128 165263.916 165930.842 166687.755 11.1642506194 11.2151776582 11.2604367429 0.697765663711 0.700948603636 0.703777296431
7996224 128 181517.346 183160.471 187649.072 10.908838089 11.176174274 11.2773428496 0.681802380563 0.698510892124 0.704833928103
8795840 64 100290.287 100796.355 100850.876 11.1636860745 11.1697245401 11.2260873279 0.697730379655 0.698107783759 0.701630457992
9675392 64 93415.053 110913.704 113598.862 10.9019593524 11.1658896181 13.2575011867 0.681372459523 0.697868101132 0.828593824167
10642880 64 122148.722 122420.517 123408.393 11.0388654036 11.127943856 11.152704815 0.689929087724 0.695496491001 0.69704405094
11707136 64 123547.096 133541.962 134674.903 11.1268942811 11.2212924354 12.1290864498 0.695430892569 0.701330777213 0.75806790311
12877824 64 145028.545 145423.858 145463.608 11.3317790935 11.3348765097 11.3657726622 0.708236193344 0.708429781859 0.710360791388
14165568 64 159162.502 159726.442 163189.067 11.110993753 11.351863106 11.392084701 0.694437109564 0.709491444128 0.71200529381
15582080 64 170122.124 174994.237 179123.11 11.1348348072 11.397553852 11.7239674247 0.695927175449 0.712347115751 0.732747964045
17140288 32 96520.401 97308.524 102689.721 10.6824560561 11.2731997867 11.3652494254 0.667653503509 0.704574986668 0.710328089085
18854272 32 98871.217 108418.429 108630.372 11.1080666096 11.12978134 12.2044963601 0.694254163099 0.695611333752 0.762781022509
20739648 32 117260.665 117445.532 117522.931 11.2942849596 11.3017281236 11.3195458341 0.705892809974 0.706358007727 0.707471614629
22813568 32 128413.36 129751.618 131939.022 11.0662359768 11.2527949517 11.3700657938 0.69163974855 0.703299684479 0.710629112111
25094912 32 142319.286 146250.427 159204.959 10.0880925952 10.9816730176 11.2850086108 0.630505787197 0.686354563601 0.705313038178
27604352 32 155622.634 158226.024 158239.4 11.1645931923 11.1655370168 11.3523237757 0.697787074521 0.697846063553 0.709520235983
30364736 32 172545.967 172647.0 173875.888 11.1766106638 11.2561649145 11.2627558777 0.698538166488 0.703510307159 0.703922242355
33401152 32 190687.029 191394.117 197556.651 10.8205606705 11.1689625653 11.2103782791 0.676285041904 0.698060160334 0.700648642441
36741248 16 95373.296 104942.092 107089.807 10.9788220647 11.2035115138 12.3275590266 0.686176379046 0.70021946961 0.770472439162
40415360 16 114369.505 119801.59 139567.304 9.26643621346 10.7952784266 11.3080101204 0.579152263341 0.674704901663 0.706750632522
44456896 16 126406.762 126811.594 129667.827 10.971269473 11.2183801743 11.2543083099 0.685704342065 0.701148760893 0.703394269367
48902528 16 141734.134 142825.824 148945.064 10.5064300486 10.9565683024 11.0409599426 0.656651878037 0.684785518899 0.690059996416
53792768 16 142465.191 155602.396 156146.339 11.0240725913 11.0626097043 12.0827309739 0.689004536956 0.691413106518 0.75517068587
59172032 16 168421.8 170061.437 170148.333 11.1285546594 11.1342409979 11.2426361908 0.695534666214 0.695890062366 0.702664761925
65089216 16 181546.011 187500.888 190358.387 10.9417554163 11.1085069208 11.4728762176 0.68385971352 0.694281682549 0.717054763599
71598080 8 96364.816 102739.651 103095.547 11.1117241562 11.1502158013 11.8878375693 0.694482759765 0.696888487581 0.742989848079
78757888 8 112962.984 113657.123 113890.892 11.0643281993 11.0870852151 11.1552135344 0.691520512457 0.692942825941 0.697200845898
86633664 8 123514.243 123733.211 127364.503 10.8832413377 11.2026400414 11.2225002585 0.680202583604 0.700165002588 0.701406266158
95297024 8 136376.012 137425.672 137846.298 11.0612501469 11.0951058984 11.1805027999 0.69132813418 0.693444118651 0.698781424991
104826688 8 149931.642 150925.583 151107.632 11.0995519273 11.1129403953 11.1866113492 0.693721995458 0.694558774704 0.699163209324
115309312 8 169827.375 171800.017 173208.792 10.6515897415 10.7389336987 10.8636725498 0.665724358842 0.671183356169 0.678979534365
126840192 8 172644.6 183957.763 186339.156 10.8911251696 11.0321143229 11.7550335892 0.680695323102 0.689507145181 0.734689599327
139524160 4 100307.098 101378.626 102716.625 10.8667246417 11.0101440909 11.1277596726 0.679170290106 0.688134005683 0.695484979538
153476544 4 97908.842 104970.987 112708.049 10.8937415109 11.696682932 12.5403623097 0.680858844429 0.731042683251 0.783772644354
168824192 4 122314.223 123010.657 127476.741 10.5948232235 10.9794839645 11.041999065 0.662176451467 0.686217747784 0.690124941561
185706560 4 134632.319 137162.061 141802.264 10.4769306081 10.8313659708 11.0348873958 0.654808163006 0.676960373175 0.689680462237
204277184 4 131349.855 147316.727 149235.674 10.9505819098 11.0932241388 12.4417150822 0.684411369362 0.693326508673 0.777607192638
224704896 4 149347.516 163500.221 165592.198 10.8558204415 10.9947201111 12.0366191293 0.678488777593 0.687170006945 0.752288695582
247175360 4 174668.928 181890.369 187388.694 10.5524129433 10.8713995737 11.3208622887 0.659525808958 0.679462473354 0.707553893043
271892864 2 98336.937 98441.56 98563.512 11.0342198034 11.0478892858 11.0596433973 0.689638737711 0.690493080362 0.691227712329
299082112 2 107753.074 108978.682 109059.205 10.9695320812 10.9776373328 11.1024994795 0.685595755076 0.686102333299 0.693906217469
328990272 2 119560.039 119946.914 122929.258 10.7050275045 10.9711958742 11.0066967108 0.669064219032 0.685699742138 0.687918544423
361889280 2 133195.197 133284.163 136772.922 10.5836528081 10.8606835757 10.8679378281 0.661478300507 0.678792723484 0.679246114257
398078208 2 143246.947 144640.936 147867.107 10.7685398349 11.0087287599 11.1158587694 0.673033739681 0.688045547493 0.694741173088
437886016 2 149169.569 158284.542 161254.905 10.8619583634 11.0657935505 11.7419663792 0.678872397711 0.691612096903 0.733872898701
481674560 2 174461.363 174541.304 177499.835 10.8546480621 11.0386378229 11.0436959042 0.678415503879 0.689914863934 0.690230994011
529841984 2 191954.665 192942.756 194657.6 10.8876711518 10.9844390115 11.040981661 0.680479446988 0.686527438221 0.69006135381
582826176 1 106124.491 109250.988 111743.243 10.4315242757 10.6694902567 10.9838204265 0.651970267231 0.666843141043 0.686488776658
641108736 1 116793.884 118045.566 118091.509 10.8578295159 10.8620553524 10.9784641805 0.678614344745 0.678878459526 0.686154011284
705219584 1 128057.217 129118.611 130453.741 10.8117954854 10.9235930984 11.0141325967 0.675737217839 0.682724568653 0.688383287293
775741504 1 141235.732 142402.446 142763.996 10.8674669487 10.8950586986 10.9850601263 0.679216684296 0.680941168665 0.686566257893
853315648 1 155207.564 156499.226 157186.296 10.857379679 10.9050462397 10.9957997666 0.678586229934 0.681565389978 0.68723748541
938647168 1 158876.691 170734.626 171246.711 10.9625132362 10.995393143 11.8160462947 0.685157077265 0.68721207144 0.738502893417
1032511872 1 182568.699 185667.55 187975.788 10.985583654 11.1221575553 11.3109407873 0.686598978375 0.695134847204 0.706933799205

META_DATA
ERT_VERSION  1.1.0
OPENMP_THREADS 8
TIMESTAMP_DATA  1535268710.33
HOSTNAME  ('atajo-Inspiron-15-7568', [], ['127.0.1.1'])
UNAME  ('Linux', 'atajo-Inspiron-15-7568', '4.15.0-33-generic', '#36-Ubuntu SMP Wed Aug 15 16:00:05 UTC 2018', 'x86_64', 'x86_64')
FLOPS          1
TIMESTAMP_DATA  1535268756.3
CONFIG  {'ERT_WORKING_SET_MIN': ['1'], 'ERT_CFLAGS': [], 'ERT_CC': ['gcc'], 'ERT_MPI_CFLAGS': ['-I/usr/include/mpi'], 'ERT_MPI_LDFLAGS': ['-mpicc'], 'ERT_MEMORY_MAX': ['1073741824'], 'ERT_PROCS_THREADS': ['1-4'], 'ERT_LDFLAGS': [], 'ERT_LDLIBS': [], 'ERT_RUN': ['export', 'OMP_NUM_THREADS=ERT_OPENMP_THREADS;', 'mpirun', '-np', 'ERT_MPI_PROCS', 'ERT_CODE'], 'ERT_FLOPS': ['1,2,4,8,16'], 'ERT_OPENMP_CFLAGS': ['-fopenmp'], 'ERT_MPI': ['False'], 'ERT_TRIALS_MIN': ['1'], 'ERT_DRIVER': ['driver1'], 'ERT_RESULTS': ['Results/myLaptop'], 'ERT_OPENMP': ['True'], 'ERT_MPI_PROCS': ['1,2,4,8'], 'ERT_KERNEL': ['kernel1'], 'ERT_GPU': [False], 'ERT_OPENMP_THREADS': ['1,2,4,8'], 'ERT_LD': ['gcc'], 'ERT_NUM_EXPERIMENTS': ['3'], 'ERT_OPENMP_LDFLAGS': ['-fopenmp'], 'ERT_ALIGN': ['64'], 'ERT_GNUPLOT': ['gnuplot']}
TIMESTAMP_DATA  1535268802.09
