32 33554432 283759.624 289984.974 304756.886 7.04654676121 7.40549973462 7.56796762601 0.880818345151 0.925687466827 0.945995953251
64 16777216 239098.564 252121.312 329798.42 6.51150374826 8.51766013339 8.98158321018 0.813937968532 1.06470751667 1.12269790127
96 8388608 158786.188 166153.832 321376.177 5.01161209594 9.69350340352 10.1432798173 0.626451511992 1.21168792544 1.26790997716
128 8388608 203530.88 213064.318 221834.956 9.68054668535 10.0790393631 10.5511441212 1.21006833567 1.25987992039 1.31889301515
160 4194304 124162.032 129872.048 178735.408 7.50929709462 10.3346124179 10.8098849413 0.938662136827 1.29182655224 1.35123561766
192 4194304 151854.672 152912.074 219027.114 7.35348563283 10.532933691 10.6062771384 0.919185704104 1.31661671138 1.32578464231
224 4194304 170183.25 175991.359 257203.301 7.30569236357 10.6769343829 11.0413227624 0.913211545446 1.33461679786 1.3801653453
256 4194304 190947.359 198911.91 287953.052 7.45775616228 10.796154177 11.2464694942 0.932219520285 1.34951927212 1.40580868678
288 2097152 107336.911 110937.256 111834.73 10.8012917991 10.8886734318 11.2539064218 1.35016147488 1.36108417897 1.40673830273
320 2097152 122406.044 122499.903 122592.545 10.9482781355 10.9565579003 10.9649592139 1.36853476694 1.36956973754 1.37061990174
352 2097152 130673.422 133948.76 202475.696 7.29171469548 11.0220879088 11.2983572742 0.911464336935 1.3777609886 1.41229465928
384 2097152 138398.3 145808.935 149038.761 10.8066701923 11.046049654 11.6375182065 1.35083377404 1.38075620674 1.45468977581
416 2097152 158724.482 161254.877 242898.094 7.183384749 10.8203267799 10.992825064 0.897923093625 1.35254084749 1.374103133
448 2097152 159811.794 177861.99 279425.997 6.72467204975 10.5646416753 11.7578818494 0.840584006219 1.32058020941 1.46973523118
480 2097152 181325.384 189074.17 196176.692 10.2625133469 10.6480219905 11.1030561502 1.28281416836 1.33100274882 1.38788201877
512 2097152 191858.514 263129.925 266422.292 8.06045031697 8.16130528673 11.1930589017 1.00755628962 1.02016316084 1.39913236272
544 1048576 101656.547 101969.882 214145.432 5.32745750094 11.1881142316 11.2225992488 0.665932187617 1.39851427895 1.4028249061
576 1048576 106481.926 109753.689 124181.859 9.72734312183 11.0060952211 11.3442684348 1.21591789023 1.37576190264 1.41803355435
608 1048576 120397.616 137550.947 152533.86 8.35924834001 9.26979016728 10.5904789344 1.0449060425 1.15872377091 1.3238098668
640 1048576 125166.897 130777.738 133832.791 10.0287625325 10.2630409466 10.7231010129 1.25359531656 1.28288011833 1.34038762661
704 1048576 131916.326 136040.875 152610.624 9.67426100034 10.852583887 11.1919051475 1.20928262504 1.35657298588 1.39898814344
768 1048576 141964.396 143264.24 150096.553 10.730511153 11.2422523304 11.3451878174 1.34131389413 1.4052815413 1.41814847717
832 1048576 153603.66 155560.434 161307.461 10.8167995032 11.2164155058 11.3593026624 1.35209993789 1.40205193822 1.41991283281
896 1048576 167473.184 167818.366 179279.241 10.4811253189 11.196916266 11.2199944321 1.31014066486 1.39961453325 1.40249930401
960 1048576 174957.184 178984.644 188183.662 10.698409727 11.248260605 11.5071920682 1.33730121587 1.40603257562 1.43839900853
1056 524288 105021.487 107227.54 127589.104 8.67861142751 10.3266031842 10.5435210225 1.08482642844 1.29082539803 1.31794012781
1152 524288 102966.23 111838.546 128102.625 9.42962372551 10.8009232523 11.7316090139 1.17870296569 1.35011540654 1.46645112674
1248 524288 108875.921 123197.91 193105.703 6.77671776478 10.622118898 12.0193963549 0.847089720597 1.32776486224 1.50242454436
1344 524288 121038.252 127280.183 165005.076 8.54086539738 11.0723139359 11.6433120994 1.06760817467 1.38403924199 1.45541401242
1472 524288 135974.079 137969.541 292107.888 5.28401982763 11.1872798939 11.351456714 0.660502478454 1.39840998674 1.41893208926
1600 524288 146264.262 152010.718 156971.111 10.6880915177 11.0368638611 11.4704821059 1.33601143971 1.37960798264 1.43381026323
1760 524288 154586.165 161003.388 180134.143 10.2451080582 11.4624529516 11.9382854216 1.28063850727 1.43280661895 1.4922856777
1920 524288 171183.144 198411.356 199946.018 10.0690473366 10.1469288885 11.7608887941 1.25863091707 1.26836611106 1.47011109926
2112 262144 95770.483 102607.153 130451.466 8.48818560613 10.7916088072 11.5619784021 1.06102320077 1.3489511009 1.44524730026
2304 262144 100692.878 109806.981 340181.082 3.5509310068 11.0007536953 11.9964745868 0.44386637585 1.37509421191 1.49955932335
2528 262144 115753.888 118003.86 321990.054 4.11627641144 11.2318365179 11.4501559032 0.514534551431 1.40397956474 1.4312694879
2752 262144 129837.348 136975.229 277866.462 5.19256827764 10.5335876168 11.1126775017 0.649071034704 1.3166984521 1.38908468771
3008 262144 139236.966 144229.631 172570.41 9.13863682656 10.9343571988 11.3264339874 1.14232960332 1.36679464985 1.41580424842
3296 262144 155861.365 173948.254 185702.061 9.3055146437 9.93429487369 11.0871173751 1.16318933046 1.24178685921 1.38588967189
3616 262144 179162.379 187476.963 192476.133 9.84966488287 10.1123112817 10.5816043445 1.23120811036 1.26403891021 1.32270054306
3968 262144 183323.412 185599.061 216483.737 9.60984327428 11.2089725713 11.3481129404 1.20123040928 1.40112157141 1.41851411755
4352 131072 100610.872 103735.522 148151.022 7.70059276405 10.9976859036 11.3392386461 0.962574095506 1.37471073795 1.41740483076
4768 131072 109266.769 111541.288 122754.966 10.1820939122 11.2057392775 11.4390001959 1.27276173902 1.40071740968 1.42987502449
5216 131072 120009.67 121273.411 207055.95 6.60373731834 11.2748795694 11.3936077318 0.825467164793 1.40935994618 1.42420096647
5728 131072 131042.95 132127.357 393398.59 3.81689429034 11.3644960899 11.4585396009 0.477111786293 1.42056201124 1.43231745012
6272 131072 153131.04 165073.374 396106.617 4.1508197476 9.96022028362 10.7369947203 0.51885246845 1.24502753545 1.34212434004
6880 131072 159722.156 162383.602 268413.94 6.71928857346 11.1067293605 11.2918004939 0.839911071683 1.38834117006 1.41147506173
7552 131072 170848.439 175130.215 180136.505 10.9900627194 11.3042257614 11.5875304427 1.37375783992 1.41302822017 1.44844130534
8288 65536 92867.372 111687.241 119275.532 9.10769139139 9.72648913406 11.6975931654 1.13846142392 1.21581114176 1.46219914568
9088 65536 100801.881 112237.228 166635.001 7.14845217902 10.6130769374 11.8170645645 0.893556522378 1.32663461717 1.47713307056
9984 65536 113542.998 119351.606 120242.312 10.8832142882 10.9644343454 11.5253504932 1.36040178602 1.37055429317 1.44066881165
10976 65536 120633.867 125789.167 131679.405 10.9253703873 11.4369647746 11.9257245729 1.36567129841 1.42962059682 1.49071557161
12064 65536 133017.543 136964.241 156181.708 10.1244417688 11.5450032538 11.8875493588 1.2655552211 1.44312540673 1.48594366985
13248 65536 144878.567 148248.406 154739.033 11.2217442641 11.7130558287 11.9854985589 1.40271803301 1.46413197859 1.49818731987
14560 65536 162242.318 162607.054 173705.485 10.986459754 11.736319385 11.7627037355 1.37330746925 1.46703992313 1.47033796694
16000 65536 177596.666 177974.406 186159.15 11.265371592 11.7834471098 11.8085099638 1.408171449 1.47293088873 1.47606374548
17600 32768 95463.372 117003.775 129919.888 8.87803721013 9.85808876679 12.0824728462 1.10975465127 1.23226109585 1.51030910578
19360 32768 107373.664 112614.85 131318.437 9.66183415662 11.2665155617 11.8164632996 1.20772926958 1.40831444521 1.47705791245
21280 32768 116208.26 128076.837 228221.704 6.11075132451 10.8888235583 12.0009204165 0.763843915564 1.36110294479 1.50011505206
23392 32768 126711.665 135866.492 146280.769 10.4799702824 11.2832685192 12.0984765846 1.30999628529 1.4104085649 1.51230957308
25728 32768 141787.993 144802.03 149249.065 11.2972915978 11.6442442692 11.8917700457 1.41216144972 1.45553053365 1.48647125571
28288 32768 156745.394 161331.361 169646.552 10.9279106834 11.4911468949 11.827348292 1.36598883542 1.43639336186 1.4784185365
31104 32768 173666.339 175862.016 195044.217 10.45112629 11.5910859568 11.737632956 1.30639078625 1.44888574461 1.4672041195
34208 16384 92071.183 98815.382 120286.512 9.3188149308 11.343656436 12.1745774028 1.16485186635 1.4179570545 1.52182217535
37600 16384 103236.508 111219.226 132194.017 9.32021605789 11.077912015 11.9345067348 1.16502700724 1.38473900187 1.49181334185
41344 16384 113218.237 113675.406 119463.412 11.3403775208 11.9177950594 11.9659184589 1.4175471901 1.48972438242 1.49573980736
45472 16384 122087.473 133102.127 135420.986 11.0029216299 11.1946107067 12.2045813496 1.37536520374 1.39932633834 1.5255726687
50016 16384 139239.775 143059.857 144154.379 11.3692299836 11.4562136603 11.7705180722 1.42115374796 1.43202670753 1.47131475902
55008 16384 151811.512 155586.673 158871.455 11.3456639772 11.5851962719 11.8732902417 1.41820799715 1.44814953399 1.48416128021
60480 16384 166160.317 166450.553 173651.891 11.4125370509 11.9062905126 11.9270875007 1.42656713137 1.48828631407 1.49088593759
66528 8192 90003.604 97315.82 125155.65 8.70911342796 11.2005915585 12.110567839 1.08863917849 1.40007394481 1.51382097988
73152 8192 102013.304 103003.605 109158.925 10.9796094822 11.6357322445 11.7486868968 1.37245118528 1.45446653056 1.4685858621
80448 8192 111482.988 112899.622 114275.196 11.5340868197 11.6746186449 11.822970084 1.44176085246 1.45932733061 1.4778712605
88480 8192 120317.329 122571.994 127785.891 11.3444161062 11.8269783553 12.0486078942 1.41805201327 1.47837229441 1.50607598678
97312 8192 133317.797 134725.586 153399.832 10.3934912262 11.8341278397 11.9590920633 1.29918640328 1.47926597996 1.49488650791
107040 8192 145113.058 149634.854 157085.023 11.1642938742 11.7201528462 12.0853587139 1.39553673427 1.46501910578 1.51066983924
117728 8192 159057.649 163577.945 181741.218 10.6131981134 11.791660251 12.1267701624 1.32664976417 1.47395753138 1.5158462703
129472 8192 176555.205 178800.27 187758.485 11.2978609089 11.8639040534 12.0147647191 1.41223261362 1.48298800667 1.50184558988
142400 4096 97588.639 99707.445 122303.525 9.53807995313 11.6996358697 11.9536537445 1.19225999414 1.46245448371 1.49420671806
156640 4096 107403.448 109996.319 113110.411 11.3446222028 11.66579838 11.9474272372 1.41807777535 1.4582247975 1.49342840464
172288 4096 117768.589 120107.289 125167.827 11.2759271278 11.7510211724 11.9843780755 1.40949089098 1.46887764655 1.49804725944
189504 4096 128550.294 133758.922 134910.502 11.507012019 11.6060801387 12.0763377484 1.43837650237 1.45076001734 1.50954221855
208448 4096 142810.618 146340.913 159683.946 10.69366119 11.6686849972 11.9571362404 1.33670764875 1.45858562465 1.49464203005
229280 4096 160139.153 161681.904 213585.084 8.7939743957 11.6170190574 11.7289352717 1.09924679946 1.45212738217 1.46611690896
252192 4096 174320.832 176284.338 205011.491 10.0772734929 11.7194578227 11.8514628475 1.25965918662 1.46493222784 1.48143285594
277408 2048 95458.152 96820.165 155207.649 7.32092248881 11.7358111092 11.9032596399 0.915115311102 1.46697638865 1.48790745499
305120 2048 107217.411 133233.892 218090.665 5.73051359168 9.38028230835 11.6564232278 0.716314198959 1.17253528854 1.45705290347
335616 2048 115400.976 116036.196 191300.768 7.1859781347 11.8470200109 11.9122314529 0.898247266838 1.48087750136 1.48902893161
369152 2048 125375.561 131872.25 161807.541 9.34472264182 11.4659952492 12.0601381955 1.16809033023 1.43324940615 1.50751727444
406048 2048 139586.27 143524.128 168234.617 9.88603081612 11.5881046008 11.9150157677 1.23575385201 1.4485130751 1.48937697096
446624 2048 153217.478 155183.028 179820.323 10.1733323213 11.7884792401 11.939707714 1.27166654016 1.47355990502 1.49246346425
491264 2048 168184.522 171089.183 177504.285 11.3361620763 11.7612189661 11.9643432111 1.41702025954 1.47015237077 1.49554290139
540384 1024 94846.184 96103.539 100244.654 11.0400543853 11.5157718802 11.6684339351 1.38000679817 1.43947148502 1.45855424189
594400 1024 103415.165 109712.126 125497.779 9.70002186254 11.0956850841 11.7713025938 1.21250273282 1.38696063551 1.47141282422
653824 1024 114089.466 117843.471 126917.286 10.5504269292 11.362797961 11.7366799841 1.31880336615 1.42034974513 1.46708499801
719200 1024 125962.228 126372.606 133289.296 11.0505617795 11.6553867695 11.6933593775 1.38132022244 1.45692334619 1.46166992219
791104 1024 137254.664 145154.552 150388.115 10.7733313367 11.1617649579 11.804196264 1.34666641709 1.39522061974 1.475524533
870208 1024 151184.246 164996.968 228488.494 7.79989378371 10.8013256583 11.7881725851 0.974986722964 1.35016570729 1.47352157314
957216 1024 169314.399 182574.393 271984.164 7.20769304789 10.7374223504 11.5783322599 0.900961630987 1.34217779379 1.44729153248
1052928 512 91518.078 98941.029 171848.523 6.2741200982 10.8973828441 11.7812600042 0.784265012275 1.36217285551 1.47265750052
1158208 512 101575.059 104967.705 226411.844 5.23826391344 11.2987608141 11.6761437667 0.65478298918 1.41234510176 1.45951797084
1274016 512 109856.065 213744.205 267079.512 4.88465915723 6.10352165571 11.8754698159 0.610582394654 0.762940206964 1.48443372699
1401408 512 124582.45 133781.34 183907.816 7.80304950171 10.7267709533 11.5188117749 0.975381187714 1.34084636916 1.43985147186
1541536 512 134434.718 135999.931 183794.281 8.58858532165 11.6068651829 11.7420030144 1.07357316521 1.45085814786 1.4677503768
1695680 512 146164.367 152703.392 162091.203 10.7123414958 11.3709086436 11.879614407 1.33904268697 1.42136358045 1.48495180087
1865248 512 163546.985 164584.959 177448.722 10.7637515248 11.6050334344 11.6786864154 1.3454689406 1.4506291793 1.45983580193
2051744 512 182083.531 202649.475 214730.19 9.78430585844 10.3675859807 11.5385825641 1.2230382323 1.29594824758 1.44232282051
2256896 256 97189.373 98896.294 105570.594 10.9455740298 11.6842674812 11.8894763525 1.36819675373 1.46053343516 1.48618454407
2482560 256 114780.146 121204.021 127021.013 10.0067751782 10.4870342544 11.073959777 1.25084689728 1.3108792818 1.38424497212
2730816 256 120085.757 120567.449 243375.55 5.74493942387 11.596644066 11.6431609121 0.718117427983 1.44958050825 1.45539511401
3003872 256 131694.548 136219.77 142606.584 10.7847928256 11.2904497196 11.6784064895 1.34809910319 1.41130621495 1.45980081119
3304256 256 145525.053 145726.119 247450.235 6.83684568738 11.6093057553 11.6253458571 0.854605710922 1.45116321941 1.45316823214
3634656 256 162461.103 165374.645 178887.406 10.4028780651 11.2528971536 11.4547041577 1.30035975814 1.4066121442 1.43183801971
3998112 256 180589.955 182270.092 182452.437 11.2195450916 11.2307692477 11.3352558507 1.40244313645 1.40384615596 1.41690698134
4397920 128 105754.37 106845.678 113352.773 9.93242150327 10.5373239337 10.6460614346 1.24155268791 1.31716549171 1.33075767933
4837696 128 108040.885 108607.779 119345.639 10.3770040227 11.4029601508 11.4627918496 1.29712550284 1.42537001885 1.4328489812
5321440 128 119468.217 119611.586 121448.085 11.2170450444 11.3892699324 11.402937737 1.40213063055 1.42365874155 1.42536721712
5853568 128 149489.937 154323.321 177608.126 8.43718945607 9.71022006454 10.0241757945 1.05464868201 1.21377750807 1.25302197432
6438912 128 157630.242 171132.495 178838.431 9.21704279546 9.63207760163 10.4571397664 1.15213034943 1.2040097002 1.3071424708
7082784 128 161984.58 170726.299 183840.46 9.86285991669 10.6204651224 11.1936130217 1.23285748959 1.3275581403 1.39920162771
7791040 128 182388.212 199474.237 318082.292 6.27040954546 9.99881623811 10.9354997131 0.783801193183 1.24985202976 1.36693746414
8570144 64 104167.686 117041.685 122132.267 8.98188872561 9.37254476471 10.5308898961 1.1227360907 1.17156809559 1.31636123702
9427136 64 106827.613 123294.657 146660.322 8.22767461263 9.78690753809 11.295519708 1.02845932658 1.22336344226 1.4119399635
10369824 64 117748.96 139232.083 139793.811 9.49496592521 9.53327310344 11.2726046328 1.18687074065 1.19165913793 1.4090755791
11406784 64 128939.033 129159.859 173208.707 8.42953207889 11.3043507736 11.3237110441 1.05369150986 1.4130438467 1.41546388051
12547456 64 142064.19 167498.995 175725.518 9.13967639008 9.58856122092 11.3052724124 1.14245954876 1.19857015261 1.41315905155
13802176 64 156262.343 172802.561 194883.328 9.06531382715 10.2236825529 11.3058494714 1.13316422839 1.27796031912 1.41323118392
15182368 64 183261.725 194172.763 245414.658 7.91861056645 10.0083197765 10.6041951968 0.989826320806 1.25103997207 1.3255243996
16700576 64 188950.547 204925.482 287049.825 7.4470476615 10.4314685862 11.3134032261 0.930880957687 1.30393357328 1.41417540326
18370624 32 104319.75 112559.703 207629.609 5.66258320122 10.4453006241 11.2703484815 0.707822900153 1.30566257802 1.40879356018
20207680 32 114060.424 138551.225 197384.086 6.55215699608 9.33439253244 11.3386525724 0.81901962451 1.16679906655 1.41733157155
22228448 32 137966.618 139379.737 217969.508 6.5266957982 10.206796932 10.3113397474 0.815836974775 1.2758496165 1.28891746843
24451264 32 137842.045 138168.977 186606.409 8.38599758918 11.3258484645 11.3527109671 1.04824969865 1.41573105807 1.41908887089
26896384 32 151970.725 183283.192 244994.65 7.02614761588 9.39185179621 11.3269748236 0.878268451985 1.17398147453 1.41587185295
29586016 32 173495.923 215245.794 316696.758 5.97892140089 8.79694320066 10.9138300846 0.747365175112 1.09961790008 1.36422876058
32544608 32 183126.764 184160.182 194086.687 10.7315702287 11.3100176671 11.3738421763 1.34144627859 1.41375220839 1.42173027204
35799040 16 113487.324 115529.186 212532.129 5.39009930117 9.91584308402 10.0942487639 0.673762412647 1.2394803855 1.26178109548
39378944 16 111754.073 117037.639 125929.826 10.0065746776 10.7668457666 11.2758861863 1.25082183469 1.34585572082 1.40948577328
43316832 16 133190.103 135029.963 152903.468 9.06544921532 10.2654151212 10.4072194013 1.13318115191 1.28317689015 1.30090242516
47648512 16 134825.897 135120.238 141889.339 10.7460672856 11.2844116216 11.3090468369 1.3432584107 1.4105514527 1.41363085461
52413344 16 160047.437 168656.954 187732.112 8.93415085002 9.94460630423 10.4795618064 1.11676885625 1.24307578803 1.3099452258
57654656 16 164974.391 171478.92 186842.395 9.87435957455 10.7590425225 11.1832447498 1.23429494682 1.34488031532 1.39790559372
63420096 16 180165.009 198019.03 198995.673 10.1984281437 10.2487274683 11.2643575091 1.27480351796 1.28109093353 1.40804468863
69762080 8 99339.029 101764.092 103440.76 10.7906523502 10.9684394374 11.236200829 1.34883154377 1.37105492967 1.40452510362
76738272 8 114394.217 192709.361 227356.014 5.40039531129 6.37131660667 10.7331680237 0.675049413912 0.796414575834 1.34164600296
84412096 8 125623.848 127778.615 141512.915 9.54395954602 10.5697932005 10.7510919105 1.19299494325 1.32122415007 1.34388648881
92853280 8 138084.874 152679.145 178536.956 8.32126027734 9.73055278768 10.7589805962 1.04015753467 1.21631909846 1.34487257453
102138592 8 160758.737 222479.463 408527.771 4.00026041804 7.34547562262 10.1656525953 0.500032552255 0.918184452827 1.27070657441
112352448 8 167720.611 177960.42 250831.504 7.16672004646 10.1013425794 10.7180575916 0.895840005807 1.26266782243 1.33975719895
123587680 8 178948.619 182244.2 249277.988 7.93252102147 10.8502925196 11.0501153406 0.991565127684 1.35628656495 1.38126441758
135946432 4 97942.719 100291.534 102340.385 10.6270018038 10.8441003206 11.1041582989 1.32837522548 1.35551254007 1.38801978736
149541056 4 108033.104 115399.423 134506.454 8.89420851136 10.3668494772 11.0737209587 1.11177606392 1.29585618465 1.38421511984
164495136 4 119007.625 121391.281 138583.286 9.49581386027 10.8406557469 11.0577880031 1.18697673253 1.35508196837 1.38222350038
180944640 4 130199.864 133543.269 174240.951 8.30778936692 10.8396112424 11.1179618436 1.03847367087 1.3549514053 1.38974523046
199039104 4 144794.086 158102.616 225463.055 7.06241132056 10.0713882685 10.997084729 0.88280141507 1.25892353356 1.37463559112
218943008 4 161663.012 171937.097 234941.23 7.45524344109 10.1871213052 10.834538107 0.931905430137 1.27339016315 1.35431726337
240837280 4 174567.716 188655.982 260768.322 7.38854407323 10.2127598583 11.0369676831 0.923568009154 1.27659498229 1.37962096038
264920992 4 195425.003 199519.696 200774.114 10.5559820127 10.6223494647 10.8449169936 1.31949775159 1.32779368309 1.35561462419
291413088 2 106684.227 118479.125 126702.672 9.19990347165 9.83846185562 10.9261920415 1.14998793396 1.22980773195 1.36577400519
320554368 2 116473.227 118373.273 135841.383 9.43907845815 10.8319846153 11.0086884774 1.17988480727 1.35399807691 1.37608605967
352609792 2 128384.167 130226.231 134087.671 10.518783401 10.8306840885 10.9860834163 1.31484792513 1.35383551107 1.37326042704
387870752 2 139892.178 140087.7 165586.312 9.36963320978 11.0750837368 11.090562962 1.17120415122 1.3843854671 1.38632037025
426657824 2 153899.017 155612.636 165503.179 10.3117735038 10.96717683 11.0892930265 1.28897168797 1.37089710375 1.38616162831
469323584 2 169260.815 169943.058 188953.221 9.93523331365 11.0466079526 11.0911337394 1.24190416421 1.38082599408 1.38639171742
516255936 2 187200.836 187835.114 190875.834 10.8186756842 10.9938110081 11.0310604809 1.35233446053 1.37422637601 1.37888256012
567881504 1 103757.854 104840.164 112744.013 10.0738210197 10.8332814893 10.9462846832 1.25922762746 1.35416018617 1.3682855854
624669632 1 112879.615 112963.062 128286.626 9.73865556336 11.0597149358 11.0678909031 1.21733194542 1.38246436698 1.38348636288
687136576 1 124965.107 125530.493 126972.787 10.8233676244 10.9477236897 10.9972550338 1.35292095305 1.36846546122 1.37465687922
755850208 1 137656.363 138100.752 139488.981 10.8374181614 10.9463590466 10.981696618 1.35467727017 1.36829488083 1.37271207725
831435200 1 150729.784 151202.475 154343.19 10.7738501453 10.9976400849 11.0321288592 1.34673126816 1.37470501062 1.37901610739
914578720 1 165430.427 176265.396 179453.292 10.1929444682 10.3772917516 11.0569589475 1.27411805853 1.29716146895 1.38211986843
1006036576 1 182431.802 182665.937 186299.156 10.8002268781 11.0150430072 11.0291798357 1.35002835976 1.3768803759 1.37864747946

META_DATA
ERT_VERSION  1.1.0
FLOPS          2
TIMESTAMP_DATA  1535256365.63
HOSTNAME  ('atajo-Inspiron-15-7568', [], ['127.0.1.1'])
UNAME  ('Linux', 'atajo-Inspiron-15-7568', '4.15.0-33-generic', '#36-Ubuntu SMP Wed Aug 15 16:00:05 UTC 2018', 'x86_64', 'x86_64')
TIMESTAMP_DATA  1535256308.69
MPI_PROCS      4
CONFIG  {'ERT_WORKING_SET_MIN': ['1'], 'ERT_CFLAGS': [], 'ERT_CC': ['mpicc'], 'ERT_MPI_CFLAGS': ['-I/usr/include/mpi'], 'ERT_MPI_LDFLAGS': ['-lmpi'], 'ERT_MEMORY_MAX': ['1073741824'], 'ERT_PROCS_THREADS': ['1-4'], 'ERT_LDFLAGS': [], 'ERT_LDLIBS': [], 'ERT_RUN': ['export', 'OMP_NUM_THREADS=ERT_OPENMP_THREADS;', 'mpirun', '-np', 'ERT_MPI_PROCS', 'ERT_CODE'], 'ERT_FLOPS': ['1,2,4,8,16,32'], 'ERT_OPENMP_CFLAGS': ['-fopenmp'], 'ERT_MPI': ['True'], 'ERT_TRIALS_MIN': ['1'], 'ERT_DRIVER': ['driver1'], 'ERT_RESULTS': ['Results/myLaptop'], 'ERT_OPENMP': ['False'], 'ERT_MPI_PROCS': ['1,2,4,8'], 'ERT_KERNEL': ['kernel1'], 'ERT_GPU': [False], 'ERT_OPENMP_THREADS': ['1,2,4,8'], 'ERT_LD': ['mpicc'], 'ERT_NUM_EXPERIMENTS': ['3'], 'ERT_OPENMP_LDFLAGS': ['-fopenmp'], 'ERT_ALIGN': ['64'], 'ERT_GNUPLOT': ['gnuplot']}
TIMESTAMP_DATA  1535256418.65
