16 67108864 1283600.156 1283861.046 1287374.146 1.6681115235 1.67267606934 1.67301603849 0.834055761751 0.836338034669 0.836508019246
32 33554432 640256.395 640444.216 640884.798 3.35081071466 3.35311584421 3.3540994901 1.67540535733 1.6765579221 1.67704974505
48 16777216 406857.779 406865.657 407142.748 3.95589199098 3.95858610401 3.95866275424 1.97794599549 1.97929305201 1.97933137712
64 16777216 539959.116 540277.623 541352.828 3.96688358669 3.97477807072 3.97712268275 1.98344179334 1.98738903536 1.98856134137
80 8388608 332431.922 333402.086 334079.194 4.01754225976 4.02570150686 4.0374500497 2.00877112988 2.01285075343 2.01872502485
96 8388608 398377.049 398908.149 399515.214 4.03141777725 4.03755285531 4.04293555576 2.01570888862 2.01877642765 2.02146777788
112 8388608 463861.913 463875.25 465026.602 4.04073268909 4.05076190635 4.05087837423 2.02036634455 2.02538095318 2.02543918711
128 8388608 532037.997 533312.592 533576.441 4.02469727482 4.02668843791 4.03633511161 2.01234863741 2.01334421896 2.0181675558
144 4194304 295854.133 296095.954 296689.254 4.07146378143 4.0796219458 4.08295648856 2.03573189071 2.0398109729 2.04147824428
160 4194304 328486.417 328688.438 329957.603 4.06772648303 4.08343319944 4.0859445339 2.03386324151 2.04171659972 2.04297226695
176 4194304 360182.27 360886.697 361147.277 4.08806905666 4.09102086686 4.09902188689 2.04403452833 2.04551043343 2.04951094345
192 4194304 393520.903 394341.166 395970.744 4.06750438108 4.08431296265 4.09282638793 2.03375219054 2.04215648132 2.04641319396
208 4194304 426101.159 427321.695 433997.236 4.02037229564 4.08317781291 4.0948737809 2.01018614782 2.04158890646 2.04743689045
224 4194304 457124.887 457537.208 458272.546 4.10028531799 4.10687515495 4.1105795056 2.05014265899 2.05343757747 2.0552897528
240 4194304 489103.387 490139.746 490531.829 4.10425134716 4.10753450711 4.11623794378 2.05212567358 2.05376725355 2.05811897189
256 4194304 522763.178 523228.596 523261.782 4.10403305166 4.10429335173 4.10794741936 2.05201652583 2.05214667587 2.05397370968
272 2097152 277335.593 277360.293 277435.674 4.11212686369 4.11324445781 4.11361079066 2.05606343184 2.05662222891 2.05680539533
288 2097152 293844.144 293932.483 294521.851 4.10142591424 4.10964973885 4.11088523173 2.05071295712 2.05482486942 2.05544261587
304 2097152 319992.979 320885.56 328377.957 3.88292937702 3.97359237979 3.98467622629 1.94146468851 1.98679618989 1.99233811314
320 2097152 327803.784 329906.513 341732.27 3.92756961466 4.0683564195 4.09445328429 1.96378480733 2.03417820975 2.04722664214
352 2097152 355868.548 356906.276 357400.032 4.13093138167 4.13664624939 4.14870888787 2.06546569084 2.0683231247 2.07435444393
384 2097152 390701.998 390725.817 410073.147 3.92762302965 4.12210472389 4.12235602645 1.96381151483 2.06105236194 2.06117801322
416 2097152 422763.09 423401.08 424760.562 4.10779771028 4.1209872776 4.12720624215 2.05389885514 2.0604936388 2.06360312108
448 2097152 454347.147 454787.77 456059.86 4.12017885547 4.13170343609 4.13571033604 2.06008942773 2.06585171804 2.06785516802
480 2097152 487638.533 488705.326 489113.462 4.11615315548 4.11959070812 4.12860301998 2.05807657774 2.05979535406 2.06430150999
528 1048576 276920.273 277069.083 277154.189 3.99523550409 3.99646270169 3.99861030037 1.99761775204 1.99823135084 1.99930515019
576 1048576 291967.307 292001.35 292026.659 4.1364701296 4.13682865507 4.1373110038 2.0682350648 2.06841432754 2.0686555019
624 1048576 314514.673 314716.86 315365.704 4.14954077568 4.15809578171 4.16076883001 2.07477038784 2.07904789086 2.08038441501
672 1048576 349494.739 349841.736 350266.118 4.02347264431 4.02835339235 4.03235295625 2.01173632215 2.01417669617 2.01617647812
736 1048576 371985.728 372286.685 372507.575 4.14355029425 4.14600879964 4.14936314976 2.07177514712 2.07300439982 2.07468157488
800 1048576 404886.243 405171.646 405323.373 4.13921750326 4.14076754028 4.1436863539 2.06960875163 2.07038377014 2.07184317695
880 1048576 443025.933 443778.612 444624.174 4.15068245929 4.15859104089 4.16565627999 2.07534122965 2.07929552044 2.08282814
960 1048576 486969.692 487895.187 512346.419 3.92950130095 4.12643119597 4.13427355557 1.96475065048 2.06321559798 2.06713677779
1056 524288 267716.631 267787.836 275834.558 4.01434926801 4.13497592923 4.13607571507 2.00717463401 2.06748796461 2.06803785754
1152 524288 291396.782 293030.649 301038.793 4.01263750749 4.1222976372 4.14541143423 2.00631875374 2.0611488186 2.07270571711
1264 524288 325249.006 325710.372 335939.401 3.94535460876 4.06925961817 4.07503186651 1.97267730438 2.03462980909 2.03751593325
1376 524288 354012.403 354910.654 365044.983 3.95250076893 4.06536281664 4.07567803776 1.97625038446 2.03268140832 2.03783901888
1504 524288 387611.348 387664.033 397065.889 3.9717798675 4.06810580748 4.06865875351 1.98588993375 2.03405290374 2.03432937675
1648 524288 424154.334 424355.936 433257.073 3.98851710841 4.07217880416 4.07411432462 1.9942585542 2.03608940208 2.03705716231
1808 524288 463728.252 465151.456 476354.748 3.97986042117 4.07571637914 4.08822494602 1.98993021058 2.03785818957 2.04411247301
1984 524288 510215.683 512606.786 517404.096 4.02079303214 4.05842224648 4.07744186099 2.01039651607 2.02921112324 2.0387209305
2176 262144 279936.111 280281.153 283247.964 4.02774541391 4.07037960201 4.07539664649 2.01387270695 2.03518980101 2.03769832324
2384 262144 306195.416 306964.827 309787.364 4.03471134478 4.07181045534 4.08204214266 2.01735567239 2.03590522767 2.04102107133
2608 262144 334282.265 335108.316 337230.36 4.05462635096 4.08030191647 4.09038482493 2.02731317548 2.04015095824 2.04519241247
2864 262144 368164.284 368237.531 371200.003 4.04515307076 4.07769633889 4.0785076045 2.02257653538 2.03884816944 2.03925380225
3136 262144 403031.525 403246.538 404346.456 4.06623365582 4.07732494408 4.07950015324 2.03311682791 2.03866247204 2.03975007662
3440 262144 441293.67 441448.304 441626.682 4.08388078327 4.08553097533 4.08696258888 2.04194039164 2.04276548767 2.04348129444
3776 262144 485090.281 485296.34 486591.45 4.06852912849 4.07938680931 4.081119671 2.03426456425 2.03969340465 2.0405598355
4144 131072 265977.466 266277.848 266626.685 4.07432862918 4.07966619889 4.08427357527 2.03716431459 2.03983309945 2.04213678763
4544 131072 291765.35 291895.636 293305.487 4.06123440848 4.08085010219 4.08267238039 2.03061720424 2.0404250511 2.0413361902
4992 131072 321038.005 321148.042 322205.669 4.06145196657 4.0748274218 4.07622408444 2.03072598328 2.0374137109 2.03811204222
5488 131072 352243.784 352517.987 353713.999 4.06725850848 4.08105777593 4.08423466175 2.03362925424 2.04052888796 2.04211733088
6032 131072 386923.495 388382.343 388525.298 4.06988326408 4.07138129861 4.08673194684 2.03494163204 2.0356906493 2.04336597342
6624 131072 426039.267 426228.168 427013.437 4.06648059649 4.0739725489 4.07577890232 2.03324029824 2.03698627445 2.03788945116
7280 131072 468290.071 468323.316 469993.644 4.0604981458 4.07498037104 4.07526966336 2.0302490729 2.03749018552 2.03763483168
8000 131072 514474.396 514857.12 515575.058 4.06759785498 4.07326988117 4.07630003807 2.03379892749 2.03663494058 2.03815001903
8800 65536 282842.805 283216.683 283794.978 4.06431998243 4.07261884357 4.07800226702 2.03215999122 2.03630942179 2.03900113351
9680 65536 310763.387 311012.6 311518.388 4.0728798327 4.07950340276 4.08277491196 2.03643991635 2.03975170138 2.04138745598
10640 65536 341764.145 341820.639 341875.36 4.0792822273 4.07993526687 4.08060968479 2.03964111365 2.03996763343 2.04030484239
11696 65536 375484.204 375588.559 376215.147 4.0748442061 4.08164219933 4.082776574 2.03742210305 2.04082109967 2.041388287
12864 65536 413103.799 413407.664 414130.068 4.07145082738 4.07856543269 4.08156548568 2.03572541369 2.03928271635 2.04078274284
14144 65536 453430.805 454071.211 454622.713 4.07784810347 4.08280094199 4.08856731293 2.03892405173 2.04140047099 2.04428365647
15552 65536 499449.041 499634.901 499745.181 4.07894227198 4.07984258089 4.08136081294 2.03947113599 2.03992129045 2.04068040647
17104 32768 274652.661 275003.389 275276.389 4.07200831162 4.07605065551 4.08125572102 2.03600415581 2.03802532775 2.04062786051
18800 32768 301541.837 301870.155 302029.769 4.07932239289 4.0814793367 4.08592324123 2.03966119644 2.04073966835 2.04296162061
20672 32768 331431.609 331908.828 331942.848 4.08130556258 4.08172388834 4.08760104713 2.04065278129 2.04086194417 2.04380052356
22736 32768 364663.929 365386.638 365413.395 4.07764607534 4.07794467843 4.08602655076 2.03882303767 2.03897233921 2.04301327538
25008 32768 401302.411 401349.384 402648.59 4.07035894004 4.08353507776 4.08401306116 2.03517947002 2.04176753888 2.04200653058
27504 32768 440547.224 440911.64 441359.564 4.08397662818 4.08812555731 4.09150721149 2.04198831409 2.04406277866 2.04575360575
30240 32768 484821.345 484857.039 495544.762 3.99925252363 4.08740820611 4.08770913335 1.99962626181 2.04370410306 2.04385456668
33264 16384 266111.168 266661.992 268355.009 4.06176413871 4.08755197479 4.0960128062 2.03088206936 2.04377598739 2.0480064031
36576 16384 293206.942 293779.202 294455.253 4.07030391134 4.07967058199 4.08763298653 2.03515195567 2.039835291 2.04381649327
40224 16384 320712.613 322994.333 323182.852 4.07837242553 4.08075280999 4.10978545456 2.03918621276 2.04037640499 2.05489272728
44240 16384 352662.82 354657.961 356322.781 4.06837956285 4.08747717354 4.11060150883 2.03418978143 2.04373858677 2.05530075441
48656 16384 387710.87 389300.362 391151.458 4.0760676597 4.09544907641 4.11223912293 2.03803382985 2.04772453821 2.05611956147
53520 16384 425962.109 429721.977 438282.912 4.00139570123 4.08111163465 4.1171346534 2.00069785062 2.04055581733 2.0585673267
58864 16384 469371.843 469814.598 472302.494 4.0839410685 4.10556751581 4.10944026738 2.04197053425 2.0527837579 2.05472013369
64736 16384 514693.318 516260.784 519493.33 4.08334260615 4.10891029058 4.12142371741 2.04167130308 2.05445514529 2.06071185871
71200 8192 286561.033 288207.584 288411.216 4.04471371183 4.04757148931 4.07082842977 2.02235685591 2.02378574465 2.03541421488
78320 8192 317020.888 317856.825 319847.761 4.01189264539 4.03702163702 4.04766666353 2.00594632269 2.01851081851 2.02383333176
86144 8192 344159.053 344824.532 347966.931 4.05608455937 4.09304781134 4.10096228385 2.02804227968 2.04652390567 2.05048114193
94752 8192 377731.556 380722.879 382264.493 4.06110637118 4.07755050623 4.10984134987 2.03055318559 2.03877525312 2.05492067494
104224 8192 415716.42 420414.62 435601.247 3.9201127815 4.06171891929 4.10762224884 1.96005639075 2.03085945964 2.05381112442
114640 8192 457249.908 459797.169 462770.631 4.05873154902 4.08497895732 4.10773567613 2.02936577451 2.04248947866 2.05386783807
126096 8192 502046.387 506484.538 508508.055 4.0627809996 4.07901270226 4.11507166966 2.0313904998 2.03950635113 2.05753583483
138704 4096 275976.612 277211.812 279909.99 4.05938769102 4.09889881604 4.11724442794 2.02969384551 2.04944940802 2.05862221397
152560 4096 303672.907 304868.73 307379.38 4.06589251367 4.09937588548 4.11551867549 2.03294625684 2.04968794274 2.05775933775
167808 4096 334613.538 334891.21 337442.78 4.07382589724 4.10486478878 4.1082711244 2.03691294862 2.05243239439 2.0541355622
184576 4096 367099.532 367838.48 380602.463 3.97277143212 4.11062646844 4.11890089797 1.98638571606 2.05531323422 2.05945044899
203024 4096 404091.22 404363.225 406812.566 4.0883019528 4.11306593966 4.11583455835 2.0441509764 2.05653296983 2.05791727917
223312 4096 444326.073 447181.864 448361.514 4.08012696647 4.09089019764 4.11718333711 2.04006348324 2.04544509882 2.05859166856
245632 4096 489181.608 490175.288 491622.375 4.09301416356 4.10509748913 4.11343621897 2.04650708178 2.05254874456 2.05671810948
270192 2048 268961.403 270056.76 270703.342 4.08826290737 4.09805120968 4.11474070129 2.04413145369 2.04902560484 2.05737035064
297200 2048 296147.834 297058.123 308252.213 3.94914018022 4.09795627773 4.11055243443 1.97457009011 2.04897813887 2.05527621722
326912 2048 325578.677 326317.826 326765.672 4.09783421803 4.10345817884 4.11277410529 2.04891710902 2.05172908942 2.05638705264
359600 2048 357905.803 359162.002 359242.551 4.10007555035 4.1009950713 4.11538898686 2.05003777517 2.05049753565 2.05769449343
395552 2048 393579.939 394888.384 395056.731 4.10113501395 4.10288339097 4.11652330684 2.05056750697 2.05144169548 2.05826165342
435104 2048 432609.269 433469.579 434051.919 4.10592812976 4.11144419433 4.11962043282 2.05296406488 2.05572209717 2.05981021641
478608 2048 475701.989 477561.188 487752.95 4.01920350866 4.10497841378 4.12102201238 2.00960175433 2.05248920689 2.06051100619
526464 1024 261719.802 262063.748 262464.783 4.10797311424 4.11425952742 4.11966639039 2.05398655712 2.05712976371 2.0598331952
579104 1024 287649.328 287837.985 288064.799 4.11714654521 4.12039082333 4.123093213 2.05857327261 2.06019541167 2.0615466065
637008 1024 316420.995 316950.443 318300.508 4.09861860478 4.11607685937 4.12296404036 2.04930930239 2.05803842969 2.06148202018
700704 1024 347999.153 348578.476 349013.512 4.11170840858 4.11683993937 4.12369334704 2.05585420429 2.05841996968 2.06184667352
770768 1024 383040.321 383164.727 383969.095 4.11109353475 4.11972384922 4.12106187641 2.05554676738 2.05986192461 2.0605309382
847840 1024 421206.718 421237.719 422353.571 4.11119128433 4.12208176448 4.12238515151 2.05559564216 2.06104088224 2.06119257576
932624 1024 463143.864 463327.286 463918.65 4.11713120824 4.12238607506 4.12401869152 2.05856560412 2.06119303753 2.06200934576
1025872 1024 509524.104 509866.054 519365.469 4.04529369279 4.12066235733 4.12342780156 2.0226468464 2.06033117867 2.06171390078
1128448 512 279947.84 280325.625 280376.675 4.12135122153 4.12210175934 4.12766446778 2.06067561077 2.06105087967 2.06383223389
1241280 512 307857.038 308576.282 309186.408 4.11101745456 4.11914587784 4.12876940627 2.05550872728 2.05957293892 2.06438470314
1365408 512 338756.349 339092.813 340431.428 4.10707613047 4.1232893721 4.12738475936 2.05353806523 2.06164468605 2.06369237968
1501936 512 372955.843 373006.341 373576.518 4.11691417928 4.12320728885 4.12376556868 2.05845708964 2.06160364443 2.06188278434
1652128 512 410033.505 410191.115 410681.53 4.11944280036 4.1243679108 4.12595324863 2.05972140018 2.0621839554 2.06297662431
1817328 512 451194.431 451794.071 451959.235 4.11750380983 4.11900906066 4.12448324745 2.05875190491 2.05950453033 2.06224162372
1999056 512 496275.192 496570.61 497845.708 4.11178264893 4.12234091744 4.12479482553 2.05589132447 2.06117045872 2.06239741276
2198960 256 273089.054 273386.666 273881.596 4.11078194535 4.11822396634 4.12271200002 2.05539097267 2.05911198317 2.06135600001
2418848 256 300436.663 300598.094 300770.362 4.11759379403 4.11995352173 4.12216726026 2.05879689702 2.05997676086 2.06108363013
2660720 256 330504.126 331187.431 331231.505 4.11279911312 4.11334643916 4.12185063009 2.05639955656 2.05667321958 2.06092531504
2926784 256 363932.812 364030.571 365848.911 4.09598980055 4.11644935172 4.1175551052 2.04799490028 2.05822467586 2.0587775526
3219456 256 400440.659 400595.577 400890.137 4.11175361992 4.11477701363 4.1163688925 2.05587680996 2.05738850681 2.05818444625
3541392 256 440873.695 440891.419 441808.99 4.10401948589 4.11256065748 4.1127259906 2.05200974294 2.05628032874 2.0563629953
3895520 256 485177.883 485301.557 485910.981 4.10467414401 4.10982864413 4.11087625773 2.052337072 2.05491432207 2.05543812886
4285072 128 267094.682 267116.363 267195.407 4.10552877505 4.10674366662 4.10707702522 2.05276438753 2.05337183331 2.05353851261
4713568 128 293786.941 294632.416 294869.629 4.0922268329 4.09552154641 4.10730784661 2.04611341645 2.04776077321 2.0536539233
5184912 128 323035.59 323258.449 323720.954 4.10025194724 4.10611842043 4.10895119018 2.05012597362 2.05305921022 2.05447559509
5703392 128 355266.464 355432.115 355897.581 4.10249585821 4.10786839563 4.1097837819 2.05124792911 2.05393419781 2.05489189095
6273728 128 391078.943 391140.98 391743.49 4.09981125149 4.10612656337 4.10677791977 2.04990562575 2.05306328168 2.05338895989
6901088 128 430017.34 430366.295 430696.277 4.10191269891 4.10505782754 4.1083890431 2.05095634946 2.05252891377 2.05419452155
7591184 128 473293.242 473512.502 474095.932 4.09905036688 4.10410093882 4.10600222346 2.04952518344 2.05205046941 2.05300111173
8350288 128 519850.391 520356.818 521125.885 4.1020294511 4.10809208999 4.1120941044 2.05101472555 2.054046045 2.0560470522
9185312 64 286000.927 286441.243 286771.168 4.09985405506 4.10457629525 4.11089554266 2.04992702753 2.05228814763 2.05544777133
10103840 64 314714.492 314822.771 314860.493 4.10750649495 4.10799865554 4.10941203178 2.05375324747 2.05399932777 2.05470601589
11114224 64 346537.297 346604.146 346633.654 4.10410430604 4.10445370726 4.10524547954 2.05205215302 2.05222685363 2.05262273977
12225632 64 380815.452 380999.591 381060.7 4.10664467892 4.10730334878 4.10928938881 2.05332233946 2.05365167439 2.05464469441
13448192 64 418592.271 419085.459 429367.147 4.00908310761 4.10744047314 4.11227988488 2.0045415538 2.05372023657 2.05613994244
14793008 64 460287.931 460384.988 461153.328 4.10602051212 4.11287308091 4.11374032746 2.05301025606 2.05643654045 2.05687016373
16272304 64 506039.294 506205.226 506386.862 4.11316933416 4.11464521704 4.11599442315 2.05658466708 2.05732260852 2.05799721158
17899520 32 278051.621 278154.542 278509.891 4.11320860414 4.11846332533 4.11998777738 2.05660430207 2.05923166266 2.05999388869
19689472 32 305903.474 306146.918 353153.757 3.56820841637 4.11608327215 4.11935893216 1.78410420818 2.05804163607 2.05967946608
21658416 32 336729.499 336848.136 337701.669 4.1046247361 4.11502536561 4.11647517701 2.05231236805 2.05751268281 2.0582375885
23824256 32 369858.755 370498.739 370832.208 4.11170429943 4.11540505675 4.12252613569 2.05585214971 2.05770252837 2.06126306784
26206672 32 406810.805 407107.8 408076.061 4.11008429137 4.11985967353 4.12286740516 2.05504214568 2.05992983677 2.06143370258
28827328 32 448027.826 448106.524 449326.562 4.10603144356 4.11721073715 4.11793394279 2.05301572178 2.05860536858 2.0589669714
31710048 32 492146.892 492529.244 492865.202 4.11764324964 4.1204519259 4.12365313078 2.05882162482 2.06022596295 2.06182656539
34881040 16 270897.807 270993.073 272451.981 4.09684406002 4.11889967387 4.12034815771 2.04842203001 2.05944983693 2.06017407885
38369136 16 298126.454 299156.328 305025.0 4.02528432751 4.10424997595 4.11842805469 2.01264216376 2.05212498798 2.05921402735
42206048 16 327870.711 327963.117 328506.043 4.11132021702 4.11812629528 4.11928693442 2.05566010851 2.05906314764 2.05964346721
46426640 16 360369.444 360594.352 361013.258 4.11522969608 4.12001039883 4.12258171367 2.05761484804 2.06000519942 2.06129085684
51069296 16 396570.195 396720.361 397532.348 4.11090438356 4.11931837297 4.12087820165 2.05545219178 2.05965918649 2.06043910083
56176224 16 435899.586 436371.445 436554.269 4.1177908353 4.11951604212 4.12397539648 2.05889541765 2.05975802106 2.06198769824
61793840 16 479797.09 479864.108 492302.968 4.01663814466 4.12075595368 4.12133154038 2.00831907233 2.06037797684 2.06066577019
67973216 8 263782.404 263927.028 264126.144 4.11762137413 4.12072785513 4.12298712692 2.05881068706 2.06036392756 2.06149356346
74770528 8 290379.91 290669.939 290957.858 4.11168976918 4.11576254537 4.11987333421 2.05584488459 2.05788127268 2.05993666711
82247568 8 319291.482 319868.316 320731.791 4.10299547761 4.1140713918 4.12150389906 2.05149773881 2.0570356959 2.06075194953
90472320 8 351090.738 351139.791 351813.188 4.11456184525 4.12245253059 4.12302850325 2.05728092262 2.0612262653 2.06151425162
99519552 8 386245.688 386425.017 386585.063 4.11891970073 4.12062563744 4.12253879194 2.05945985037 2.06031281872 2.06126939597
109471504 8 424888.626 425008.981 425282.467 4.11854285072 4.12119306251 4.12236044182 2.05927142536 2.06059653125 2.06118022091
120418640 8 467273.072 467304.304 468184.226 4.11525662977 4.12300555229 4.12328112928 2.05762831488 2.06150277614 2.06164056464
132460496 8 513848.608 514497.549 514582.24 4.11861850498 4.11929646724 4.12449873952 2.05930925249 2.05964823362 2.06224936976
145706544 4 282853.441 282862.028 282973.85 4.11929353896 4.1209219924 4.12104709732 2.05964676948 2.0604609962 2.06052354866
160277184 4 311011.071 311095.202 311274.147 4.11925463248 4.12162406799 4.1227390005 2.05962731624 2.060812034 2.06136950025
176304896 4 342256.921 342295.209 342460.844 4.11854141199 4.12053435431 4.1209953151 2.059270706 2.06026717715 2.06049765755
193935376 4 376240.881 376561.358 377029.7 4.11501536351 4.12013334624 4.12364282126 2.05750768176 2.06006667312 2.06182141063
213328912 4 413912.833 414259.093 414349.212 4.11882355891 4.11971957849 4.12316594204 2.05941177945 2.05985978925 2.06158297102
234661792 4 455613.409 456348.984 476235.28 3.94194721567 4.11372524498 4.12036673837 1.97097360784 2.05686262249 2.06018336919
258127968 4 501116.344 501428.322 501430.604 4.1182642773 4.11828301952 4.12084692253 2.05913213865 2.05914150976 2.06042346126
283940752 2 275387.982 275881.703 276701.218 4.10465489169 4.11684789404 4.12422866006 2.05232744584 2.05842394702 2.06211433003
312334816 2 303174.667 303197.283 303230.107 4.12010296854 4.12054900901 4.12085639068 2.06005148427 2.0602745045 2.06042819534
343568288 2 333527.512 333622.737 333891.408 4.11592846977 4.11924308384 4.1204191635 2.05796423489 2.05962154192 2.06020958175
377925104 2 366740.226 366967.132 368482.676 4.1025006451 4.11944363453 4.12199237724 2.05125032255 2.05972181727 2.06099618862
415717600 2 403316.657 404013.619 404024.42 4.1157670618 4.11587709374 4.12298964384 2.0578835309 2.05793854687 2.06149482192
457289360 2 443450.006 443784.533 444038.058 4.11937086708 4.12172417915 4.12483349927 2.05968543354 2.06086208958 2.06241674963
503018288 2 488163.085 488802.048 500376.849 4.02111559722 4.11633535545 4.12172328024 2.01055779861 2.05816767773 2.06086164012
553320112 1 268350.39 268563.775 268614.427 4.11980933548 4.1205863449 4.12386292414 2.05990466774 2.06029317245 2.06193146207
608652112 1 295341.71 295826.768 295999.458 4.11252180063 4.11492250086 4.12168069319 2.05626090032 2.05746125043 2.06084034659
669517312 1 324912.147 325038.031 325393.058 4.11512965959 4.11962446327 4.12122057105 2.05756482979 2.05981223163 2.06061028552
736469040 1 357106.563 357636.983 359151.383 4.10116221103 4.11852842411 4.12464578535 2.05058110552 2.05926421206 2.06232289268
810115936 1 393380.461 395524.279 405435.681 3.99627351003 4.0964157146 4.1187400815 1.99813675501 2.0482078573 2.05937004075
891127520 1 432610.487 432675.738 433562.412 4.11072314082 4.11914716605 4.11976846044 2.05536157041 2.05957358302 2.05988423022
980240272 1 475806.895 475919.319 476115.944 4.11765362766 4.11935482703 4.12032815119 2.05882681383 2.05967741352 2.0601640756

META_DATA
ERT_VERSION  1.1.0
FLOPS          8
HOSTNAME  ('atajo-Inspiron-15-7568', [], ['127.0.1.1'])
TIMESTAMP_DATA  1535271520.25
OPENMP_THREADS 2
TIMESTAMP_DATA  1535271787.86
UNAME  ('Linux', 'atajo-Inspiron-15-7568', '4.15.0-33-generic', '#36-Ubuntu SMP Wed Aug 15 16:00:05 UTC 2018', 'x86_64', 'x86_64')
CONFIG  {'ERT_WORKING_SET_MIN': ['1'], 'ERT_CFLAGS': [], 'ERT_CC': ['gcc'], 'ERT_MPI_CFLAGS': ['-I/usr/include/mpi'], 'ERT_MPI_LDFLAGS': ['-mpicc'], 'ERT_MEMORY_MAX': ['1073741824'], 'ERT_PROCS_THREADS': ['1-4'], 'ERT_LDFLAGS': [], 'ERT_LDLIBS': [], 'ERT_RUN': ['export', 'OMP_NUM_THREADS=ERT_OPENMP_THREADS;', 'mpirun', '-np', 'ERT_MPI_PROCS', 'ERT_CODE'], 'ERT_FLOPS': ['1,2,4,8,16'], 'ERT_OPENMP_CFLAGS': ['-fopenmp'], 'ERT_MPI': ['False'], 'ERT_TRIALS_MIN': ['1'], 'ERT_DRIVER': ['driver1'], 'ERT_RESULTS': ['Results/myLaptop'], 'ERT_OPENMP': ['True'], 'ERT_MPI_PROCS': ['1,2,4,8'], 'ERT_KERNEL': ['kernel1'], 'ERT_GPU': [False], 'ERT_OPENMP_THREADS': ['1,2,4,8'], 'ERT_LD': ['gcc'], 'ERT_NUM_EXPERIMENTS': ['3'], 'ERT_OPENMP_LDFLAGS': ['-fopenmp'], 'ERT_ALIGN': ['64'], 'ERT_GNUPLOT': ['gnuplot']}
TIMESTAMP_DATA  1535271653.89
