64 16777216 387971.536 388882.735 576414.214 3.72559106948 5.52218819383 5.53515773384 0.93139776737 1.38054704846 1.38378943346
128 8388608 299300.439 327203.075 328612.559 6.53500174958 6.56315240314 7.17501001728 1.6337504374 1.64078810078 1.79375250432
192 4194304 216234.848 228248.216 244206.409 6.59529265671 7.05640887025 7.44844205685 1.64882316418 1.76410221756 1.86211051421
256 4194304 292972.752 316987.587 445192.294 4.82372151752 6.77466164629 7.32997738984 1.20593037938 1.69366541157 1.83249434746
320 2097152 165382.034 192331.382 237997.384 5.63946232283 6.97846220436 8.11561720181 1.40986558071 1.74461555109 2.02890430045
384 2097152 211037.096 215428.881 230379.53 6.99112779681 7.47630832284 7.63189394911 1.7477819492 1.86907708071 1.90797348728
448 2097152 232820.601 239106.503 271175.934 6.92925867087 7.85862437209 8.07079864896 1.73231466772 1.96465609302 2.01769966224
512 2097152 277428.186 279892.329 286641.79 7.4918721656 7.67253484821 7.74068301769 1.8729680414 1.91813371205 1.93517075442
576 1048576 150113.004 150208.638 166794.048 7.2422221685 8.04187807095 8.04700139103 1.81055554213 2.01046951774 2.01175034776
640 1048576 158586.524 175014.967 198086.919 6.77569870224 7.66892856655 8.46337536221 1.69392467556 1.91723214164 2.11584384055
704 1048576 182855.623 190220.457 191451.513 7.71158704815 7.76149438018 8.07410230967 1.92789676204 1.94037359504 2.01852557742
768 1048576 204034.158 217516.246 229263.531 7.02515890327 7.40456294929 7.89383871695 1.75628972582 1.85114073732 1.97345967924
832 1048576 221947.442 242231.761 257959.701 6.76396529084 7.20314485927 7.86145786713 1.69099132271 1.80078621482 1.96536446678
896 1048576 264515.948 266292.57 476875.919 3.94032937528 7.05632978044 7.10372363635 0.98508234382 1.76408244511 1.77593090909
960 1048576 265492.085 276547.228 611027.086 3.29488817456 7.28000759422 7.58314855224 0.823722043641 1.82000189855 1.89578713806
1024 1048576 273373.666 281336.294 290308.486 7.39724724409 7.63315538663 7.85548834832 1.84931181102 1.90828884666 1.96387208708
1088 524288 156006.625 193578.465 268973.269 4.24150211001 5.89347935991 7.3128348748 1.0603755275 1.47336983998 1.8282087187
1152 524288 165480.907 174114.722 208610.182 5.79051099241 6.93772208418 7.29969138977 1.4476277481 1.73443052104 1.82492284744
1216 524288 179086.779 206907.18 229015.789 5.56760047666 6.16251410898 7.1198355519 1.39190011917 1.54062852725 1.77995888798
1280 524288 181212.847 202084.564 286499.556 4.68474471213 6.64166155709 7.4066342548 1.17118617803 1.66041538927 1.8516585637
1408 524288 187374.263 189226.264 203699.268 7.24791513733 7.80227319819 7.87939060766 1.81197878433 1.95056829955 1.96984765192
1536 524288 214972.231 215070.162 244293.647 6.59293745776 7.48877817835 7.49218970519 1.64823436444 1.87219454459 1.8730474263
1664 524288 217259.518 234771.446 313819.485 5.55998128669 7.43203866453 8.03108871852 1.38999532167 1.85800966613 2.00777217963
1792 524288 246392.472 248788.634 444634.829 4.22604813983 7.55278953781 7.62624026922 1.05651203496 1.88819738445 1.90656006731
1920 524288 255220.179 289569.167 346331.139 5.8131241846 6.9526253118 7.88834929859 1.45328104615 1.73815632795 1.97208732465
2112 262144 135440.185 151344.501 161022.587 6.87665175818 7.31639569779 8.17553709041 1.71916293954 1.82909892445 2.0438842726
2304 262144 148095.211 155612.627 159346.362 7.5807162262 7.76260625688 8.15664155406 1.89517905655 1.94065156422 2.03916038852
2496 262144 157589.8 177350.024 220893.307 5.92423041591 7.37875765949 8.30398190746 1.48105760398 1.84468941487 2.07599547686
2688 262144 182369.292 201496.388 237643.435 5.93025489637 6.99410127391 7.72765046431 1.48256372409 1.74852531848 1.93191261608
2944 262144 191207.467 200782.479 248336.049 6.21538386479 7.68744304626 8.07240374143 1.5538459662 1.92186076157 2.01810093536
3200 262144 203006.004 213632.107 223149.451 7.51837655204 7.85332141109 8.264393993 1.87959413801 1.96333035277 2.06609849825
3520 262144 221225.628 231077.329 237706.138 7.76376148941 7.98647694253 8.34213366997 1.94094037235 1.99661923563 2.08553341749
3840 262144 248888.215 283209.746 441941.844 4.55549965981 7.10874519128 8.08903675893 1.13887491495 1.77718629782 2.02225918973
4224 131072 134773.551 141224.106 234542.866 4.72108265275 7.84070288963 8.21597596698 1.18027066319 1.96017572241 2.05399399174
4608 131072 147039.318 148314.778 178860.634 6.7536356379 8.14456636277 8.21521459995 1.68840890948 2.03614159069 2.05380364999
5056 131072 158842.988 170265.918 193461.23 6.85098540932 7.78429458795 8.34408922099 1.71274635233 1.94607364699 2.08602230525
5504 131072 179806.154 186364.732 195782.172 7.36962186731 7.74202586786 8.02442265686 1.84240546683 1.93550646696 2.00610566421
6016 131072 196288.165 197368.579 310755.176 5.0749220795 7.9904223458 8.03440341908 1.26873051987 1.99760558645 2.00860085477
6592 131072 212808.455 218897.55 337679.424 5.11743720577 7.89434714093 8.12022834337 1.27935930144 1.97358678523 2.03005708584
7232 131072 257905.226 272213.192 349829.722 5.4192805493 6.96448762851 7.3508607693 1.35482013732 1.74112190713 1.83771519232
7936 131072 270174.301 295973.966 326177.097 6.378052914 7.02891140094 7.70012090824 1.5945132285 1.75722785024 1.92503022706
8704 65536 151162.371 152764.44 157473.977 7.24469343909 7.46803829478 7.54718704432 1.81117335977 1.86700957369 1.88679676108
9536 65536 146406.998 155694.633 157944.889 7.9135361702 8.02791058315 8.53717792916 1.97838404255 2.00697764579 2.13429448229
10432 65536 173786.167 388221.541 460568.314 2.96881713838 3.52206912702 7.86796283964 0.742204284596 0.880517281755 1.96699070991
11456 65536 191843.031 209605.624 231391.185 6.48927413549 7.16374304918 7.82702829586 1.62231853387 1.7909357623 1.95675707396
12544 65536 207546.285 215705.212 284275.157 5.78371738618 7.62228762465 7.92193012754 1.44592934655 1.90557190616 1.98048253188
13760 65536 214778.037 224424.808 248906.483 7.24589692587 8.03632511072 8.39727723184 1.81147423147 2.00908127768 2.09931930796
15104 65536 247006.076 259066.923 381082.962 5.19496195162 7.64169916049 8.0148291089 1.2987404879 1.91042479012 2.00370727723
16576 32768 136600.407 136907.587 193571.427 5.61200975183 7.93472998688 7.95257320134 1.40300243796 1.98368249672 1.98814330033
18176 32768 147290.134 150121.782 170003.16 7.00682467314 7.93477348943 8.08731924977 1.75170616829 1.98369337236 2.02182981244
19968 32768 161467.172 173554.943 199721.831 6.55222737268 7.54010704264 8.10457526314 1.63805684317 1.88502676066 2.02614381578
21952 32768 188518.092 203728.202 222741.671 6.45881062821 7.06159607691 7.63134326651 1.61470265705 1.76539901923 1.90783581663
24128 32768 184483.449 201231.251 255843.637 6.18054303223 7.85788787846 8.57124374339 1.54513575806 1.96447196961 2.14281093585
26496 32768 217174.693 231333.511 384649.585 4.51434740531 7.50622704205 7.99559945044 1.12858685133 1.87655676051 1.99889986261
29120 32768 241692.147 251643.576 289804.395 6.58516003527 7.58377523613 7.89602948912 1.64629000882 1.89594380903 1.97400737228
32000 32768 245261.9 253859.997 256562.14 8.17405093363 8.26105737329 8.55066359675 2.04351273341 2.06526434332 2.13766589919
35200 16384 139602.394 149252.582 241324.66 4.77959276934 7.72806463073 8.26227664835 1.19489819234 1.93201615768 2.06556916209
38720 16384 154765.019 155272.952 159342.718 7.96256632198 8.17126836102 8.19808615796 1.9906415805 2.04281709026 2.04952153949
42560 16384 168986.467 170983.329 186394.551 7.48201099505 8.15638628723 8.2527678385 1.87050274876 2.03909657181 2.06319195963
46784 16384 188100.917 189546.449 233871.176 6.55496815905 8.08782290614 8.14997681271 1.63874203976 2.02195572654 2.03749420318
51456 16384 190717.333 208263.639 248460.316 6.78623546466 8.09603738846 8.84088604574 1.69655886617 2.02400934711 2.21022151143
56576 16384 219309.445 224479.953 257133.626 7.20980136608 8.25856537844 8.45327189625 1.80245034152 2.06464134461 2.11331797406
62208 16384 238487.081 249622.079 259415.208 7.85779584673 8.16607149562 8.54734661288 1.96444896168 2.04151787391 2.13683665322
68416 8192 127364.945 133820.676 138544.658 8.09073233267 8.37634196378 8.80091255879 2.02268308317 2.09408549094 2.2002281397
75200 8192 140111.445 148815.841 155779.751 7.90909468073 8.27920463118 8.79354859269 1.97727367018 2.06980115779 2.19838714817
82688 8192 156248.891 161102.926 168409.796 8.04442629929 8.40928359054 8.67052676873 2.01110657482 2.10232089764 2.16763169218
90944 8192 176816.605 178197.258 192345.112 7.74663042126 8.36166904431 8.42696021677 1.93665760532 2.09041726108 2.10674005419
100032 8192 199120.091 199990.354 245224.169 6.6833717683 8.19501668565 8.23083336176 1.67084294208 2.04875417141 2.05770834044
110016 8192 213148.725 217048.905 237518.597 7.58888847765 8.30458989876 8.45654668589 1.89722211941 2.07614747469 2.11413667147
120960 8192 239184.005 240943.828 260879.464 7.59664486278 8.22518948275 8.28570723197 1.89916121569 2.05629737069 2.07142680799
133056 4096 131930.62 135227.943 140434.29 7.76159976313 8.06042544032 8.26187849341 1.94039994078 2.01510636008 2.06546962335
146304 4096 139166.376 142000.649 160460.206 7.46928100042 8.44025979064 8.61215476359 1.86732025011 2.11006494766 2.1530386909
160896 4096 154716.298 163191.613 174823.83 7.53936137882 8.07676330768 8.51920611492 1.88484034471 2.01919082692 2.12980152873
176960 4096 175990.021 189594.225 218067.129 6.64775258265 7.64609955815 8.23715067345 1.66193814566 1.91152488954 2.05928766836
194624 4096 192046.786 202169.661 214182.415 7.44393421841 7.88624663124 8.30193434219 1.8609835546 1.97156165781 2.07548358555
214080 4096 210881.943 220416.415 223769.184 7.83728719322 7.95650069892 8.31623293607 1.9593217983 1.98912517473 2.07905823402
235456 4096 228868.473 230015.512 264641.013 7.28857379336 8.38576292194 8.42779054151 1.82214344834 2.09644073048 2.10694763538
258944 4096 260587.759 271649.583 316402.308 6.70434189121 7.80884411665 8.14032576258 1.6760854728 1.95221102916 2.03508144064
284800 2048 129569.477 150942.526 184115.324 6.3359245426 7.72837735603 9.00320682779 1.58398113565 1.93209433901 2.25080170695
313280 2048 159947.298 169224.314 169419.674 7.57406061353 7.58280444263 8.02261054763 1.89351515338 1.89570111066 2.00565263691
344576 2048 165763.999 171218.601 183103.117 7.70813364144 8.24316568268 8.51441389273 1.92703341036 2.06079142067 2.12860347318
379008 2048 199213.256 199454.763 201710.164 7.69627438308 7.7833025627 7.79273829047 1.92406859577 1.94582564067 1.94818457262
416896 2048 209990.463 222252.83 228714.105 7.46611590046 7.68316883074 8.13182652014 1.86652897512 1.92079220769 2.03295663004
458560 2048 233872.658 246389.471 247143.531 7.59988235338 7.62314133139 8.0311301717 1.89997058835 1.90578533285 2.00778254293
504384 2048 258258.509 263844.185 278548.188 7.41687418193 7.83021564034 7.9995693927 1.85421854548 1.95755391009 1.99989234817
554816 1024 130734.988 130848.678 163624.034 6.94435371273 8.68379555199 8.6913471702 1.73608842818 2.170948888 2.17283679255
610240 1024 144222.369 157194.937 196158.981 6.37121743613 7.95045657227 8.66558723633 1.59280435903 1.98761414307 2.16639680908
671232 1024 168635.461 183923.706 184938.61 7.43318626651 7.47420311333 8.15180346914 1.85829656663 1.86855077833 2.03795086729
738304 1024 194777.614 195953.058 219542.147 6.88727250171 7.71637149955 7.76293826045 1.72181812543 1.92909287489 1.94073456511
812096 1024 211889.569 213988.338 214472.185 7.75472403566 7.77225816857 7.84924248914 1.93868100891 1.94306454214 1.96231062228
893248 1024 230444.166 293625.375 298416.33 6.13026741533 6.23029226953 7.93846047723 1.53256685383 1.55757306738 1.98461511931
982528 1024 241835.432 277722.369 509846.019 3.94671581029 7.24542769546 8.32060598961 0.986678952572 1.81135692386 2.0801514974
1080768 512 143796.005 145621.568 169173.533 6.54184145933 7.59987992987 7.69636424878 1.63546036483 1.89996998247 1.9240910622
1188800 512 152633.945 157905.837 160185.803 7.59949494401 7.70922230063 7.97549457298 1.899873736 1.92730557516 1.99387364324
1307648 512 174429.93 174870.554 176082.818 7.60455544277 7.65727288769 7.67661577345 1.90113886069 1.91431822192 1.91915394336
1438400 512 177730.496 184486.49 195646.686 7.52847712432 7.98389952565 8.28738811374 1.88211928108 1.99597488141 2.07184702844
1582208 512 194389.43 196219.79 210668.829 7.69065361824 8.25697036981 8.33471754097 1.92266340456 2.06424259245 2.08367938524
1740416 512 217316.715 236586.44 452757.002 3.93629690127 7.5329168654 8.20086933488 0.984074225317 1.88322921635 2.05021733372
1914432 512 256103.377 259050.262 265676.368 7.37882101731 7.56755987377 7.65463693202 1.84470525433 1.89188996844 1.91365923301
2105856 256 123408.396 136071.872 302536.18 3.56386555816 7.92374100652 8.73683077446 0.890966389541 1.98093525163 2.18420769362
2316416 256 145167.897 154315.227 224070.271 5.29300467531 7.6855992442 8.16988477831 1.32325116883 1.92139981105 2.04247119458
2548032 256 171982.322 172864.54 195236.962 6.6820973377 7.5469057101 7.58561908473 1.67052433442 1.88672642753 1.89640477118
2802816 256 184870.201 191173.882 359419.023 3.99267067175 7.50647409043 7.76242890546 0.998167667937 1.87661852261 1.94060722636
3083072 256 192250.33 205602.901 207213.502 7.61790543939 7.67758069717 8.21082004905 1.90447635985 1.91939517429 2.05270501226
3391360 256 224261.017 226664.955 330223.083 5.25819183876 7.66054161306 7.74265783339 1.31454795969 1.91513540327 1.93566445835
3730496 256 245104.489 255077.225 630071.221 3.03142547753 7.48798310786 7.79265185959 0.757856369383 1.87199577697 1.9481629649
4103488 256 272395.417 278457.845 280651.513 7.4861020115 7.54507690742 7.71300001718 1.87152550288 1.88626922686 1.92825000429
4513792 128 151060.87 190020.366 285505.33 4.0473176175 6.08108897127 7.64943795173 1.01182940438 1.52027224282 1.91235948793
4965120 128 168750.439 168992.491 320674.406 3.9637423387 7.52146271399 7.53225133832 0.990935584675 1.8803656785 1.88306283458
5461632 128 168653.232 170442.285 270831.912 5.16252970957 8.20323308855 8.29025198877 1.29063242739 2.05080827214 2.07256299719
6007744 128 201414.943 204442.348 236060.318 6.51520965925 7.52281745463 7.63589057044 1.62880241481 1.88070436366 1.90897264261
6608512 128 214027.137 231144.636 232398.059 7.27966093727 7.31913619661 7.90450732423 1.81991523432 1.82978404915 1.97612683106
7269312 128 246000.315 247573.459 251264.254 7.40632160116 7.51673414233 7.56480280117 1.85158040029 1.87918353558 1.89120070029
7996224 128 270522.521 271171.995 388605.223 5.26764238575 7.54883757078 7.56696091857 1.31691059644 1.8872093927 1.89174022964
8795840 64 134097.738 143650.538 153445.08 7.33726698829 7.83754475044 8.39587256871 1.83431674707 1.95938618761 2.09896814218
9675392 64 148286.838 166989.348 215274.899 5.75287774726 7.41634236454 8.35172017088 1.43821943681 1.85408559114 2.08793004272
10642880 64 179975.897 208252.316 429054.227 3.17509665276 6.54152936287 7.56928379137 0.79377416319 1.63538234072 1.89232094784
11707136 64 201257.301 208865.279 383359.267 3.90890096313 7.17454531062 7.44575923733 0.977225240782 1.79363632765 1.86143980933
12877824 64 209225.329 220863.922 343178.889 4.80321349837 7.46324459456 7.87840305893 1.20080337459 1.86581114864 1.96960076473
14165568 64 225057.894 238635.724 296598.288 6.11329457168 7.59816122082 8.05656123308 1.52832364292 1.89954030521 2.01414030827
15582080 64 260126.825 265512.8 336900.35 5.92016671992 7.51190240169 7.66743775849 1.48004167998 1.87797560042 1.91685943962
17140288 32 151225.059 152715.313 193425.511 5.67132239346 7.18315937315 7.25394613336 1.41783059836 1.79578984329 1.81348653334
18854272 32 161612.055 164317.633 176723.268 6.82803923703 7.34354180966 7.46648143296 1.70700980926 1.83588545242 1.86662035824
20739648 32 178620.949 180011.341 204666.608 6.48536410004 7.37363248686 7.43102911182 1.62134102501 1.84340812171 1.85775727796
22813568 32 194580.362 195099.782 202425.981 7.21285056783 7.48370058148 7.50367784802 1.80321264196 1.87092514537 1.87591946201
25094912 32 212746.335 228162.337 256104.852 6.27115947026 7.03917390187 7.54924576257 1.56778986757 1.75979347547 1.88731144064
27604352 32 220107.175 223602.376 269711.511 6.55025260676 7.9009828053 8.02644678893 1.63756315169 1.97524570132 2.00661169723
30364736 32 255463.908 267773.454 318678.278 6.09813482173 7.25741508342 7.60711412901 1.52453370543 1.81435377086 1.90177853225
33401152 32 287106.767 313299.424 334093.134 6.39843657487 6.82310136644 7.44557068556 1.59960914372 1.70577534161 1.86139267139
36741248 16 153691.987 158893.107 162833.312 7.22038949868 7.39943952383 7.64984537548 1.80509737467 1.84985988096 1.91246134387
40415360 16 167008.013 171957.175 195400.099 6.61868405706 7.52100934433 7.74388903124 1.65467101427 1.88025233608 1.93597225781
44456896 16 191519.814 200472.805 280674.775 5.06857330517 7.09632746447 7.42806001263 1.26714332629 1.77408186612 1.85701500316
48902528 16 200799.964 209102.296 217025.336 7.21059082245 7.48380541933 7.79323295098 1.80264770561 1.87095135483 1.94830823774
53792768 16 225464.137 233087.344 236304.834 7.28452544479 7.3850795434 7.63477774738 1.8211313612 1.84626988585 1.90869443685
59172032 16 252401.878 254818.476 291126.778 6.50405653856 7.43079957828 7.50194506873 1.62601413464 1.85769989457 1.87548626718
65089216 16 264300.618 278628.713 283197.644 7.35477485823 7.47537785885 7.8806282322 1.83869371456 1.86884446471 1.97015705805
71598080 8 148287.327 155917.394 239875.344 4.77568582455 7.34728339546 7.72533501801 1.19392145614 1.83682084887 1.9313337545
78757888 8 158799.461 301707.537 302998.249 4.15885640316 4.1766480895 7.93533051098 1.03971410079 1.04416202238 1.98383262774
86633664 8 171951.933 185950.247 444136.463 3.1209746091 7.45435215259 8.06119826522 0.780243652276 1.86358803815 2.0152995663
95297024 8 189449.012 206442.137 253376.116 6.0177431404 7.38585836282 8.04835226061 1.5044357851 1.84646459071 2.01208806515
104826688 8 209245.259 222673.333 222695.175 7.53149235496 7.53223111813 8.01560339295 1.88287308874 1.88305777953 2.00390084824
115309312 8 240889.97 244460.696 247690.969 7.44859208815 7.54701685051 7.65888671911 1.86214802204 1.88675421263 1.91472167978
126840192 8 260910.28 269931.509 308549.719 6.57736159533 7.51836300815 7.77831778802 1.64434039883 1.87959075204 1.944579447
139524160 4 135617.443 138937.851 156894.214 7.11430492905 8.03375949726 8.23045513401 1.77857623226 2.00843987431 2.0576137835
153476544 4 158371.743 162726.328 167943.239 7.31087693265 7.54525937561 7.7527236156 1.82771923316 1.8863148439 1.9381809039
168824192 4 174719.415 394495.979 400639.516 3.37109416835 3.42359265467 7.73007130318 0.842773542089 0.855898163667 1.9325178258
185706560 4 195132.615 200410.504 253863.529 5.85216980892 7.41304697283 7.61355286506 1.46304245223 1.85326174321 1.90338821627
204277184 4 213557.453 221036.278 239008.267 6.83749349975 7.39343553369 7.65235513462 1.70937337494 1.84835888342 1.91308878365
224704896 4 233285.222 236583.04 238670.296 7.53189315188 7.59834334701 7.70575672384 1.88297328797 1.89958583675 1.92643918096
247175360 4 247911.339 395032.56 645601.945 3.0628824701 5.00567062118 7.9762502513 0.765720617524 1.25141765529 1.99406256283
271892864 2 129501.09 138750.857 151476.002 7.17982678207 7.83830442215 8.39816449421 1.79495669552 1.95957610554 2.09954112355
299082112 2 159525.952 169049.507 204092.579 5.86169499088 7.07679347447 7.49927164202 1.46542374772 1.76919836862 1.87481791051
328990272 2 163146.333 166254.61 172975.718 7.60777930692 7.91533592963 8.06613954357 1.90194482673 1.97883398241 2.01653488589
361889280 2 187964.36 219938.154 258181.028 5.60675248376 6.58165531388 7.70123187183 1.40168812094 1.64541382847 1.92530796796
398078208 2 202279.355 250087.838 340665.98 4.67411753883 6.3670142648 7.87185045157 1.16852938471 1.5917535662 1.96796261289
437886016 2 215127.127 280917.143 432282.703 4.05184859779 6.23509140558 8.14190236455 1.01296214945 1.5587728514 2.03547559114
481674560 2 302034.682 351341.495 653070.218 2.95021605165 5.48383344245 6.37906291834 0.737554012913 1.37095836061 1.59476572959
529841984 2 427246.598 438653.178 898253.588 2.3594316397 4.83153443835 4.96052618305 0.589857909925 1.20788360959 1.24013154576
582826176 1 149188.986 178332.134 448620.072 2.59830628354 6.53641228787 7.81326010219 0.649576570885 1.63410307197 1.95331502555
641108736 1 164827.172 179515.405 201649.171 6.35865481441 7.14265982911 7.77916320739 1.5896637036 1.78566495728 1.94479080185
705219584 1 185197.042 186158.177 278679.231 5.06115638018 7.57656306443 7.61588388653 1.26528909505 1.89414076611 1.90397097163
775741504 1 200500.065 262051.043 347781.175 4.46108967226 5.92053742751 7.73806735674 1.11527241807 1.48013435688 1.93451683918
853315648 1 229134.462 263834.843 337111.583 5.06251158982 6.46855918117 7.44816506912 1.26562789745 1.61713979529 1.86204126728
938647168 1 253159.779 291019.958 292078.35 6.42736558872 6.45074086637 7.41545257867 1.60684139718 1.61268521659 1.85386314467
1032511872 1 266553.37 284237.51 319938.106 6.45444761119 7.26513451374 7.74713050523 1.6136119028 1.81628362843 1.93678262631

META_DATA
ERT_VERSION  1.1.0
TIMESTAMP_DATA  1535257703.32
UNAME  ('Linux', 'atajo-Inspiron-15-7568', '4.15.0-33-generic', '#36-Ubuntu SMP Wed Aug 15 16:00:05 UTC 2018', 'x86_64', 'x86_64')
HOSTNAME  ('atajo-Inspiron-15-7568', [], ['127.0.1.1'])
TIMESTAMP_DATA  1535257780.03
FLOPS          4
TIMESTAMP_DATA  1535257630.3
MPI_PROCS      8
CONFIG  {'ERT_WORKING_SET_MIN': ['1'], 'ERT_CFLAGS': [], 'ERT_CC': ['mpicc'], 'ERT_MPI_CFLAGS': ['-I/usr/include/mpi'], 'ERT_MPI_LDFLAGS': ['-lmpi'], 'ERT_MEMORY_MAX': ['1073741824'], 'ERT_PROCS_THREADS': ['1-4'], 'ERT_LDFLAGS': [], 'ERT_LDLIBS': [], 'ERT_RUN': ['export', 'OMP_NUM_THREADS=ERT_OPENMP_THREADS;', 'mpirun', '-np', 'ERT_MPI_PROCS', 'ERT_CODE'], 'ERT_FLOPS': ['1,2,4,8,16,32'], 'ERT_OPENMP_CFLAGS': ['-fopenmp'], 'ERT_MPI': ['True'], 'ERT_TRIALS_MIN': ['1'], 'ERT_DRIVER': ['driver1'], 'ERT_RESULTS': ['Results/myLaptop'], 'ERT_OPENMP': ['False'], 'ERT_MPI_PROCS': ['1,2,4,8'], 'ERT_KERNEL': ['kernel1'], 'ERT_GPU': [False], 'ERT_OPENMP_THREADS': ['1,2,4,8'], 'ERT_LD': ['mpicc'], 'ERT_NUM_EXPERIMENTS': ['3'], 'ERT_OPENMP_LDFLAGS': ['-fopenmp'], 'ERT_ALIGN': ['64'], 'ERT_GNUPLOT': ['gnuplot']}
