16 67108864 699328.382 701911.446 704928.299 3.04638592471 3.05947945462 3.07078005594 0.761596481176 0.764869863655 0.767695013986
32 33554432 349011.889 350305.41 359253.353 5.97763007657 6.13031825001 6.15303866626 1.49440751914 1.5325795625 1.53825966656
48 16777216 236935.067 237894.515 242448.133 6.64312286538 6.77028108866 6.79769675461 1.66078071634 1.69257027216 1.69942418865
64 16777216 306775.31 309158.997 323514.542 6.63798181907 6.9462110721 7.00018410217 1.65949545477 1.73655276802 1.75004602554
80 8388608 189354.423 189425.023 194591.004 6.89742718014 7.0855331505 7.08817496172 1.72435679503 1.77138328762 1.77204374043
96 8388608 227233.349 243110.813 308852.508 5.21482809523 6.62501480755 7.08792412332 1.30370702381 1.65625370189 1.77198103083
112 8388608 261946.822 278468.955 302140.911 6.2191120884 6.74778340013 7.1733956444 1.5547780221 1.68694585003 1.7933489111
128 8388608 296564.34 296595.123 319011.75 6.73167570787 7.24045502259 7.24120657258 1.68291892697 1.81011375565 1.81030164314
144 4194304 165324.875 165490.643 170117.259 7.10074662089 7.29926194075 7.30658076711 1.77518665522 1.82481548519 1.82664519178
160 4194304 183062.627 183131.653 193736.486 6.92784982174 7.32902946057 7.33179296067 1.73196245544 1.83225736514 1.83294824017
176 4194304 199816.601 200412.799 226170.238 6.5278041048 7.36677006342 7.38875048725 1.6319510262 1.84169251586 1.84718762181
192 4194304 257787.482 282214.296 340834.732 4.72549474799 5.70705580415 6.24783144435 1.181373687 1.42676395104 1.56195786109
208 4194304 236318.736 244446.385 311930.56 5.59365027909 7.13788614219 7.38337760913 1.39841256977 1.78447153555 1.84584440228
224 4194304 254439.506 268718.201 282836.194 6.64359170383 6.99263460758 7.38504889253 1.66089792596 1.7481586519 1.84626222313
240 4194304 271389.817 279407.446 438660.198 4.58957965455 7.20548413731 7.41835468351 1.14739491364 1.80137103433 1.85458867088
256 4194304 292663.097 298130.802 450969.734 4.76192410731 7.20315926296 7.3377329428 1.19048102683 1.80078981574 1.8344332357
272 2097152 153169.604 222190.904 247420.43 4.61098013612 5.13455171864 7.44828385141 1.15274503403 1.28363792966 1.86207096285
288 2097152 161803.528 222349.224 222913.793 5.41895382849 5.43271314498 7.46559464389 1.35473845712 1.35817828624 1.86639866097
304 2097152 186993.449 187470.234 299970.755 4.25064242013 6.80144462827 6.81878655546 1.06266060503 1.70036115707 1.70469663886
320 2097152 195585.65 197024.455 208106.604 6.44946990726 6.81223698855 6.8623504843 1.61236747681 1.70305924714 1.71558762108
352 2097152 197744.261 198104.963 293166.38 5.03603110288 7.4525897062 7.46618385046 1.25900777572 1.86314742655 1.86654596262
384 2097152 215008.426 215131.178 266332.06 6.0473858686 7.48665419384 7.49092845319 1.51184646715 1.87166354846 1.8727321133
416 2097152 232747.585 232796.958 232873.092 7.4926237678 7.49507415814 7.49666409643 1.87315594195 1.87376853954 1.87416602411
448 2097152 250548.53 250605.947 251598.307 7.46844529443 7.49801915914 7.49973744408 1.86711132361 1.87450478978 1.87493436102
480 2097152 267969.174 268089.296 268137.757 7.50832684858 7.50968408675 7.51305043766 1.87708171214 1.87742102169 1.87826260941
528 1048576 155788.959 156051.883 180059.603 6.14960956012 7.09569301384 7.10766836821 1.53740239003 1.77392325346 1.77691709205
576 1048576 160597.058 160882.827 184846.33 6.53493933042 7.50831878408 7.52167920785 1.6337348326 1.87707969602 1.88041980196
624 1048576 173751.518 173784.925 191989.521 6.81611601083 7.53012868061 7.53157648959 1.70402900271 1.88253217015 1.8828941224
672 1048576 196760.992 201667.941 229729.743 6.13453933129 6.98815159718 7.16242650372 1.53363483282 1.7470378993 1.79060662593
736 1048576 219978.951 239353.928 242026.858 6.37740738675 6.44862561854 7.01659801987 1.59435184669 1.61215640464 1.75414950497
800 1048576 223290.92 229655.207 286786.054 5.8500808411 7.30539325416 7.5136131823 1.46252021027 1.82634831354 1.87840329558
880 1048576 244773.507 255982.99 306050.883 6.0300226613 7.20943903343 7.53959765752 1.50750566532 1.80235975836 1.88489941438
960 1048576 268541.311 269447.528 286695.115 7.02232376718 7.4718292461 7.49704361129 1.7555809418 1.86795731153 1.87426090282
1056 524288 146714.226 149909.891 152167.092 7.27684443099 7.38641225481 7.5472998508 1.81921110775 1.8466030637 1.8868249627
1152 524288 159997.313 165360.188 175272.249 6.89190421696 7.30502043212 7.5498739907 1.72297605424 1.82625510803 1.88746849767
1264 524288 180379.737 185364.909 190017.219 6.97515767768 7.15022099463 7.3478323344 1.74378941942 1.78755524866 1.8369580836
1376 524288 195645.93 200968.847 201980.719 7.14345697522 7.17942406268 7.37475385253 1.7858642438 1.79485601567 1.84368846313
1504 524288 213188.263 218170.797 218191.765 7.22785437846 7.22854903445 7.39749122117 1.80696359462 1.80713725861 1.84937280529
1648 524288 233065.78 243355.311 294378.747 5.87016985978 7.10094733868 7.41444431696 1.46754246495 1.77523683467 1.85361107924
1808 524288 273375.983 307340.419 319844.835 5.92732850602 6.16848709379 6.93486453051 1.48183212651 1.54212177345 1.73371613263
1984 524288 279185.709 287231.745 313461.447 6.6367803885 7.24284421974 7.45158049619 1.65919509712 1.81071105494 1.86289512405
2176 262144 155655.204 162654.524 168703.025 6.76247914345 7.01394993477 7.32934497969 1.69061978586 1.75348748369 1.83233624492
2384 262144 167357.031 169942.189 188294.795 6.63800925565 7.35486931971 7.46847971986 1.65950231391 1.83871732993 1.86711992997
2608 262144 182948.37 188938.545 315022.987 4.34045501575 7.23697276276 7.47392886857 1.08511375394 1.80924319069 1.86848221714
2864 262144 200640.172 268794.832 360957.477 4.15993829655 5.58627121224 7.48384940579 1.03998457414 1.39656780306 1.87096235145
3136 262144 219120.888 296177.037 446659.803 3.68102783585 5.55129859038 7.50347072343 0.920256958963 1.38782464759 1.87586768086
3440 262144 249214.332 249593.961 409992.384 4.39898590897 7.22593893207 7.23694622828 1.09974647724 1.80648473302 1.80923655707
3776 262144 265730.172 276380.152 371532.148 5.32850656035 7.16300166157 7.45008168662 1.33212664009 1.79075041539 1.86252042166
4144 131072 145609.856 159912.08 196664.785 5.52373794831 6.79326249774 7.46051651888 1.38093448708 1.69831562444 1.86512912972
4544 131072 159279.924 187431.608 224794.805 5.29897626415 6.35529059752 7.47854661206 1.32474406604 1.58882264938 1.86963665302
4992 131072 174804.128 186439.946 188051.225 6.9588637245 7.01900465043 7.48622394089 1.73971593112 1.75475116261 1.87155598522
5488 131072 191530.697 191976.998 210544.613 6.8329759261 7.49384711183 7.51130912451 1.70824398153 1.87346177796 1.87782728113
6032 131072 210347.608 210750.886 228072.317 6.93311941054 7.50294643127 7.51733106468 1.73327985264 1.87573660782 1.87933276617
6624 131072 231003.488 233751.039 270518.796 6.41893236875 7.42859524145 7.51695080899 1.60473309219 1.85714881036 1.87923770225
7280 131072 253734.195 254036.448 420782.754 4.53537675168 7.51234059138 7.5212894344 1.13384418792 1.87808514784 1.8803223586
8000 131072 278487.538 278752.385 468036.544 4.48074413608 7.52335087644 7.53050572769 1.12018603402 1.88083771911 1.88262643192
8800 65536 153094.091 154355.12 310864.442 3.7104069947 7.47259695694 7.53414839505 0.927601748675 1.86814923923 1.88353709876
9680 65536 168954.43 180297.27 286860.967 4.42296828763 7.03713905374 7.50958089705 1.10574207191 1.75928476344 1.87739522426
10640 65536 185244.629 189682.559 198243.142 7.0348263548 7.35231582362 7.52845622315 1.7587065887 1.8380789559 1.88211405579
11696 65536 212758.959 216390.607 216762.703 7.07233343552 7.08449471654 7.20542213219 1.76808335888 1.77112367913 1.80135553305
12864 65536 224532.796 234813.717 259641.978 6.49398152405 7.18062909417 7.50941616565 1.62349538101 1.79515727354 1.87735404141
14144 65536 246636.631 247008.179 298560.412 6.20940450739 7.50534810428 7.51665460432 1.55235112685 1.87633702607 1.87916365108
15552 65536 270740.531 271154.037 285762.772 7.13330056863 7.51761532505 7.52909708964 1.78332514216 1.87940383126 1.88227427241
17104 32768 148662.782 148851.216 154444.826 7.2577876063 7.53052460116 7.54006973985 1.81444690158 1.88263115029 1.88501743496
18800 32768 163365.757 163719.16 214938.897 5.73221886404 7.52555046092 7.54183020129 1.43305471601 1.88138761523 1.88545755032
20672 32768 180286.63 184191.454 186579.532 7.26103328419 7.35517399195 7.51447953739 1.81525832105 1.83879349799 1.87861988435
22736 32768 197805.066 208405.882 230801.377 6.45588217613 7.14963743682 7.53280250163 1.61397054403 1.7874093592 1.88320062541
25008 32768 217589.694 228666.02 244773.142 6.69568676779 7.16732765104 7.53217791648 1.67392169195 1.79183191276 1.88304447912
27504 32768 239658.876 245895.026 264576.512 6.81278217168 7.33037253059 7.52111573785 1.70319554292 1.83259313265 1.88027893446
30240 32768 262660.846 270644.871 324211.624 6.11270075869 7.32254275752 7.54512395045 1.52817518967 1.83063568938 1.88628098761
33264 16384 144520.905 149944.296 155348.353 7.01645515353 7.26933121884 7.54212514792 1.75411378838 1.81733280471 1.88553128698
36576 16384 159309.486 170714.367 173997.862 6.88814422329 7.02062977511 7.52323291031 1.72203605582 1.75515744378 1.88080822758
40224 16384 174805.656 181690.522 191657.343 6.87716949097 7.25442371727 7.54014522276 1.71929237274 1.81360592932 1.88503630569
44240 16384 192514.598 199590.949 208191.764 6.96308197859 7.26313656638 7.53011114513 1.74077049465 1.81578414159 1.88252778628
48656 16384 211866.461 227162.15 233255.172 6.83526026167 7.01859798386 7.525305329 1.70881506542 1.75464949597 1.88132633225
53520 16384 233290.802 244671.191 253541.504 6.91698728741 7.16775584748 7.51741322403 1.72924682185 1.79193896187 1.87935330601
58864 16384 265052.977 267143.607 270057.798 7.14238050626 7.22029463352 7.27724537876 1.78559512657 1.80507365838 1.81931134469
64736 16384 282360.199 298077.922 303701.415 6.98471967277 7.11649233787 7.51263547594 1.74617991819 1.77912308447 1.87815886898
71200 8192 155659.343 160237.564 161695.115 7.21444676916 7.28007073298 7.49419069564 1.80361169229 1.82001768324 1.87354767391
78320 8192 170550.611 175616.203 273336.499 4.6945610436 7.30681371126 7.52383631156 1.1736402609 1.82670342782 1.88095907789
86144 8192 188610.862 194106.773 204204.965 6.91160127277 7.27116974945 7.48304355875 1.72790031819 1.81779243736 1.87076088969
94752 8192 207103.611 212670.321 231877.567 6.6949847201 7.29963993424 7.49584597055 1.67374618003 1.82490998356 1.87396149264
104224 8192 227851.841 233839.946 235335.958 7.25603528892 7.30245642462 7.49437006304 1.81400882223 1.82561410615 1.87359251576
114640 8192 254894.903 258252.656 259950.167 7.22546856452 7.27296202522 7.36876939434 1.80636714113 1.8182405063 1.84219234859
126096 8192 276005.599 288745.342 292072.577 7.07343662736 7.15494438695 7.48519911004 1.76835915684 1.78873609674 1.87129977751
138704 4096 151969.097 160639.033 164189.095 6.92045454054 7.07339397393 7.47693570884 1.73011363514 1.76834849348 1.86923392721
152560 4096 167659.015 169255.031 182586.668 6.84481256868 7.38395492657 7.45424586921 1.71120314217 1.84598873164 1.8635614673
167808 4096 183272.827 201325.865 244171.028 5.63000101716 6.82814965678 7.50074715659 1.40750025429 1.70703741419 1.87518678915
184576 4096 202000.717 226046.297 226924.827 6.66320478015 6.68910135697 7.48535259902 1.66580119504 1.67227533924 1.87133814976
203024 4096 222717.784 244419.35 264605.394 6.28548263079 6.80458649448 7.467623726 1.5713706577 1.70114662362 1.8669059315
223312 4096 254349.152 260451.376 282375.683 6.478503689 7.0238519454 7.19236486387 1.61962592225 1.75596298635 1.79809121597
245632 4096 268113.067 285069.19 293510.084 6.85570088965 7.05869807958 7.50510732847 1.71392522241 1.76467451989 1.87627683212
270192 2048 152907.377 170391.697 175235.116 6.31555168429 6.49507253866 7.23775695923 1.57888792107 1.62376813466 1.80943923981
297200 2048 166960.832 180086.698 192451.745 6.32538405926 6.75969526633 7.29111843429 1.58134601482 1.68992381658 1.82277960857
326912 2048 182968.853 190019.358 203040.55 6.59489718679 7.04681652487 7.31835790652 1.6487242967 1.76170413122 1.82958947663
359600 2048 222276.828 273300.988 290134.706 5.07668186377 5.38937532125 6.62651889202 1.26917046594 1.34734383031 1.656629723
395552 2048 232687.331 236301.109 266104.175 6.08852150478 6.85642568017 6.96291020674 1.5221303762 1.71410642004 1.74072755169
435104 2048 249944.867 372686.849 409029.641 4.35710717601 4.78199321705 7.13031639894 1.089276794 1.19549830426 1.78257909973
478608 2048 270669.127 284112.919 327905.469 5.97848634235 6.8999972789 7.24271138614 1.49462158559 1.72499931972 1.81067784654
526464 1024 143936.653 144086.293 159229.635 6.7713417292 7.48300375803 7.49078326839 1.6928354323 1.87075093951 1.8726958171
579104 1024 158334.21 162246.541 164651.836 7.20310821192 7.30989384852 7.4905163704 1.80077705298 1.82747346213 1.8726290926
637008 1024 173834.657 181547.542 218485.208 5.97107875605 7.18595454187 7.50478878329 1.49276968901 1.79648863547 1.87619719582
700704 1024 191134.594 197325.665 207088.431 6.92960869456 7.27245384933 7.50801705734 1.73240217364 1.81811346233 1.87700426434
770768 1024 210259.08 216466.576 239927.025 6.57922076098 7.2922706737 7.50756097668 1.64480519024 1.82306766842 1.87689024417
847840 1024 238050.197 244162.654 375449.792 4.62478967094 7.11155572547 7.29416039929 1.15619741774 1.77788893137 1.82354009982
932624 1024 254610.857 254654.128 278287.599 6.86345334418 7.50042407324 7.50169876691 1.71586333604 1.87510601831 1.87542469173
1025872 1024 280169.172 280343.384 422495.553 4.97279992909 7.494330082 7.49899013158 1.24319998227 1.8735825205 1.87474753289
1128448 512 153961.006 153989.386 197418.422 5.85320630311 7.50396363032 7.50534685387 1.46330157578 1.87599090758 1.87633671347
1241280 512 169840.874 170153.841 197617.891 6.4319617701 7.47012651921 7.48389177507 1.60799044253 1.8675316298 1.87097294377
1365408 512 186755.473 187360.496 199915.105 6.99385767774 7.46250048356 7.4866763985 1.74846441943 1.86562512089 1.87166909963
1501936 512 205353.973 218364.503 313134.425 4.91157260656 7.04318899304 7.48942151706 1.22789315164 1.76079724826 1.87235537927
1652128 512 225717.452 235292.524 240703.95 7.02846410289 7.19010975461 7.49511859632 1.75711602572 1.79752743865 1.87377964908
1817328 512 247953.683 248120.38 259369.624 7.17487207369 7.50016533104 7.5052076238 1.79371801842 1.87504133276 1.87630190595
1999056 512 272897.572 290429.798 296698.989 6.89936069853 7.0482896662 7.501105008 1.72484017463 1.76207241655 1.875276252
2198960 256 150015.431 150201.937 157826.395 7.13358193349 7.49569241574 7.50501140113 1.78339548337 1.87392310393 1.87625285028
2418848 256 165799.781 173620.869 183090.416 6.76414529529 7.1330720963 7.46955254422 1.69103632382 1.78326802408 1.86738813606
2660720 256 182049.28 191566.0 192762.89 7.06717273226 7.11132789743 7.48307623079 1.76679318307 1.77783197436 1.8707690577
2926784 256 200465.503 200641.034 213113.44 7.03152934888 7.46862881498 7.47516847325 1.75788233722 1.86715720375 1.86879211831
3219456 256 221728.68 230822.086 232169.421 7.09982160829 7.14126408164 7.43413739711 1.77495540207 1.78531602041 1.85853434928
3541392 256 243327.641 243804.315 257159.375 7.05085204068 7.43708208774 7.45165118335 1.76271301017 1.85927052193 1.86291279584
3895520 256 269322.073 269575.763 290482.912 6.86617407636 7.39868531875 7.40565456735 1.71654351909 1.84967132969 1.85141364184
4285072 128 148528.053 148726.877 165669.013 6.62150641291 7.3757914785 7.3856649289 1.65537660323 1.84394786962 1.84641623223
4713568 128 163620.659 165402.846 176382.524 6.84122996222 7.29536061308 7.37482305337 1.71030749055 1.82384015327 1.84370576334
5184912 128 180368.317 180527.895 199913.646 6.63955412028 7.3525339228 7.35903896026 1.65988853007 1.8381334807 1.83975974007
5703392 128 199196.432 229569.714 294446.629 4.9586859152 6.36002165338 7.32979169024 1.2396714788 1.59000541334 1.83244792256
6273728 128 219047.59 228266.701 263430.27 6.09677228057 7.03595557724 7.33207960882 1.52419307014 1.75898889431 1.8330199022
6901088 128 240975.104 241223.063 324924.563 5.43719598078 7.32383755528 7.33137365095 1.35929899519 1.83095938882 1.83284341274
7591184 128 265775.776 265852.621 312714.116 6.2144399775 7.30985121264 7.3119647443 1.55360999438 1.82746280316 1.82799118607
8350288 128 292292.47 292508.848 386134.54 5.53608524117 7.30806518372 7.31347519148 1.38402131029 1.82701629593 1.82836879787
9185312 64 160863.545 161265.981 205609.193 5.71822649973 7.29056387906 7.30880284902 1.42955662493 1.82264096977 1.82720071226
10103840 64 177251.541 177398.98 215897.224 5.99031101947 7.29029851243 7.29636263078 1.49757775487 1.82257462811 1.82409065769
11114224 64 197614.794 198745.258 220697.796 6.4460121387 7.15801064295 7.19895835329 1.61150303467 1.78950266074 1.79973958832
12225632 64 214990.435 229557.608 247639.865 6.31918005609 6.81694198521 7.27883961907 1.57979501402 1.7042354963 1.81970990477
13448192 64 235389.992 238456.97 281213.034 6.12122614487 7.21878071335 7.31283671567 1.53030653622 1.80469517834 1.82820917892
14793008 64 260999.124 264366.458 301399.886 6.28236808291 7.16242536336 7.25483287063 1.57059202073 1.79060634084 1.81370821766
16272304 64 285219.956 287241.352 338722.512 6.14914816173 7.25123627743 7.30262686107 1.53728704043 1.81280906936 1.82565671527
17899520 32 157282.169 160806.116 182490.962 6.27740282283 7.12391610777 7.28352926008 1.56935070571 1.78097902694 1.82088231502
19689472 32 174982.629 178117.347 201935.746 6.24023350477 7.07469670543 7.20143602369 1.56005837619 1.76867417636 1.80035900592
21658416 32 189713.073 190522.369 227228.159 6.10020619848 7.27546393253 7.30650029584 1.52505154962 1.81886598313 1.82662507396
23824256 32 209150.251 224312.907 241663.944 6.30939129256 6.79743490641 7.29022497802 1.57734782314 1.6993587266 1.82255624451
26206672 32 229820.13 231824.084 262730.607 6.38382800981 7.23491269354 7.29799869141 1.59595700245 1.80872817339 1.82449967285
28827328 32 252688.908 254438.388 286460.854 6.44049253585 7.25106382925 7.30126623524 1.61012313396 1.81276595731 1.82531655881
31710048 32 280217.375 314711.471 333386.295 6.08736202548 6.44858309597 7.24238842078 1.52184050637 1.61214577399 1.81059710519
34881040 16 153008.992 161606.416 174139.197 6.4097761976 6.90686241071 7.29495218163 1.6024440494 1.72671560268 1.82373804541
38369136 16 168211.644 169422.869 189748.199 6.47074574869 7.24702845163 7.29921141488 1.61768643717 1.81175711291 1.82480285372
42206048 16 187554.387 187999.462 210936.31 6.40284992186 7.18402872876 7.20107675221 1.60071248046 1.79600718219 1.80026918805
46426640 16 203848.925 225179.52 238087.635 6.23993967599 6.59763587737 7.28800743001 1.559984919 1.64940896934 1.8220018575
51069296 16 223944.741 224659.634 270001.944 6.05261372488 7.27419271056 7.29741392766 1.51315343122 1.81854817764 1.82435348192
56176224 16 245955.165 311936.328 528084.769 3.40407312145 5.76284006267 7.30880836757 0.851018280362 1.44071001567 1.82720209189
61793840 16 270851.019 280579.391 314975.414 6.27795946004 7.0475699336 7.30070312196 1.56948986501 1.7618924834 1.82517578049
67973216 8 149143.642 151270.393 166548.376 6.53006340932 7.18958571093 7.29210740341 1.63251585233 1.79739642773 1.82302685085
74770528 8 164086.511 164515.322 197191.346 6.06684051946 7.27183604212 7.29083969614 1.51671012987 1.81795901053 1.82270992404
82247568 8 180272.027 190374.918 208564.405 6.30961495083 6.912470938 7.29986293436 1.57740373771 1.7281177345 1.82496573359
90472320 8 198240.984 198274.428 224261.778 6.45476519855 7.30077567038 7.3020073387 1.61369129964 1.82519391759 1.82550183468
99519552 8 217965.082 228879.315 250712.983 6.35113831341 6.95699754257 7.30535743335 1.58778457835 1.73924938564 1.82633935834
109471504 8 240375.878 241463.845 292341.81 5.99142511979 7.25385642724 7.28668815928 1.49785627995 1.81346410681 1.82167203982
120418640 8 264303.077 267224.526 306828.154 6.27940498576 7.21003520463 7.2897306451 1.56985124644 1.80250880116 1.82243266127
132460496 8 290324.319 329540.835 381241.053 5.55912832399 6.43127561414 7.30000140291 1.389782081 1.60781890354 1.82500035073
145706544 4 159587.22 159752.445 183006.626 6.36945436063 7.29661666211 7.30417104828 1.59236359016 1.82415416553 1.82604276207
160277184 4 175491.561 191806.525 196294.894 6.53209793628 6.68495230806 7.30643379484 1.63302448407 1.67123807702 1.82660844871
176304896 4 193434.286 202744.958 215455.223 6.54632154357 6.95671636875 7.2915675766 1.63658038589 1.73917909219 1.82289189415
193935376 4 212461.929 239935.324 452920.705 3.42550691738 6.46625508131 7.3024047899 0.856376729344 1.61656377033 1.82560119747
213328912 4 234075.187 264500.495 305727.884 5.58219052077 6.45228015925 7.29095346616 1.39554763019 1.61307003981 1.82273836654
234661792 4 257636.819 289666.469 354234.537 5.29958019311 6.48088245243 7.2865918128 1.32489504828 1.62022061311 1.8216479532
258127968 4 282714.939 320164.144 355136.785 5.814727821 6.44989072855 7.30426114483 1.45368195525 1.61247268214 1.82606528621
283940752 2 155667.207 173632.511 179205.127 6.33778188723 6.54118863719 7.29609678164 1.58444547181 1.6352971593 1.82402419541
312334816 2 171328.77 175889.206 193985.117 6.44038719733 7.10298995835 7.29205762698 1.61009679933 1.77574748959 1.82301440675
343568288 2 188589.434 213627.305 247968.898 5.5421190443 6.43304072015 7.28711637154 1.38552976108 1.60826018004 1.82177909288
377925104 2 208760.368 232272.999 247540.365 6.10688449134 6.50829163316 7.24131898445 1.52672112284 1.62707290829 1.81032974611
415717600 2 228044.009 264347.589 475198.713 3.49931587462 6.29046932598 7.2918837346 0.874828968655 1.57261733149 1.82297093365
457289360 2 260657.208 284442.829 307678.536 5.94502776755 6.43066814667 7.01748267019 1.48625694189 1.60766703667 1.75437066755
503018288 2 276233.019 283168.896 312197.291 6.44487703771 7.1055584862 7.28397046553 1.61121925943 1.77638962155 1.82099261638
553320112 1 151830.287 170045.418 285534.544 3.87567895813 6.50790969269 7.28866582463 0.968919739532 1.62697742317 1.82216645616
608652112 1 166676.494 188697.654 248012.949 4.90822849738 6.45108297955 7.30339470663 1.22705712434 1.61277074489 1.82584867666
669517312 1 183531.306 197956.882 204594.231 6.54483079731 6.76427417158 7.29594668716 1.63620769933 1.6910685429 1.82398667179
736469040 1 201816.805 212565.342 228981.314 6.43256890385 6.92934260186 7.29839162799 1.60814222596 1.73233565047 1.824597907
810115936 1 222955.435 251024.759 253108.115 6.40134304663 6.45447038155 7.26706604842 1.60033576166 1.61361759539 1.81676651211
891127520 1 244500.154 263368.333 348692.622 5.11124964382 6.76715769014 7.2893820754 1.27781241095 1.69178942253 1.82234551885
980240272 1 271795.478 303669.519 349689.249 5.60635063733 6.45596749537 7.21307270609 1.40158765933 1.61399187384 1.80326817652

META_DATA
ERT_VERSION  1.1.0
CONFIG  {'ERT_WORKING_SET_MIN': ['1'], 'ERT_CFLAGS': [], 'ERT_CC': ['gcc'], 'ERT_MPI_CFLAGS': ['-I/usr/include/mpi'], 'ERT_MPI_LDFLAGS': ['-lmpi'], 'ERT_MEMORY_MAX': ['1073741824'], 'ERT_PROCS_THREADS': ['1-4'], 'ERT_LDFLAGS': [], 'ERT_LDLIBS': [], 'ERT_RUN': ['export', 'OMP_NUM_THREADS=ERT_OPENMP_THREADS;', 'mpirun', '-np', 'ERT_MPI_PROCS', 'ERT_CODE'], 'ERT_FLOPS': ['1,2,4'], 'ERT_OPENMP_CFLAGS': ['-fopenmp'], 'ERT_MPI': ['False'], 'ERT_TRIALS_MIN': ['1'], 'ERT_DRIVER': ['driver1'], 'ERT_RESULTS': ['Results/myLaptop'], 'ERT_OPENMP': ['True'], 'ERT_MPI_PROCS': ['1,2,4,8'], 'ERT_KERNEL': ['kernel1'], 'ERT_GPU': [False], 'ERT_OPENMP_THREADS': ['1,2,4'], 'ERT_LD': ['gcc'], 'ERT_NUM_EXPERIMENTS': ['3'], 'ERT_OPENMP_LDFLAGS': ['-fopenmp'], 'ERT_ALIGN': ['64'], 'ERT_GNUPLOT': ['gnuplot']}
OPENMP_THREADS 2
UNAME  ('Linux', 'atajo-Inspiron-15-7568', '4.15.0-33-generic', '#36-Ubuntu SMP Wed Aug 15 16:00:05 UTC 2018', 'x86_64', 'x86_64')
HOSTNAME  ('atajo-Inspiron-15-7568', [], ['127.0.1.1'])
FLOPS          4
TIMESTAMP_DATA  1535254091.69
TIMESTAMP_DATA  1535254010.28
TIMESTAMP_DATA  1535254172.35
