8 134217728 2486278.057 2487843.037 2488324.881 0.863023821526 0.863190971481 0.863734304357 0.431511910763 0.43159548574 0.431867152178
16 67108864 1249387.026 1249680.042 1257210.016 1.70813437745 1.71842677792 1.71882979678 0.854067188723 0.859213388958 0.85941489839
24 33554432 786446.095 787321.091 787579.06 2.04501721516 2.04568727348 2.04796329493 1.02250860758 1.02284363674 1.02398164746
32 33554432 1045955.896 1048932.076 1050099.134 2.04502944386 2.04730477515 2.05313020961 1.02251472193 1.02365238757 1.02656510481
40 16777216 642462.015 642797.947 649977.922 2.06495826177 2.08802359476 2.08911538529 1.03247913088 1.04401179738 1.04455769264
48 16777216 766689.062 767191.887 767827.988 2.09762181266 2.09936101162 2.10073785558 1.04881090633 1.04968050581 1.05036892779
56 16777216 891793.966 891952.991 892850.876 2.10454874662 2.10666729184 2.10704295346 1.05227437331 1.05333364592 1.05352147673
64 16777216 1017153.978 1017157.078 1018255.949 2.10898217694 2.11126058546 2.11126701999 1.05449108847 1.05563029273 1.05563350999
72 8388608 568820.953 570329.905 576349.02 2.09588202648 2.11800142586 2.12361999963 1.04794101324 1.05900071293 1.06180999982
80 8388608 631714.821 631872.892 632066.011 2.12347643544 2.12412543249 2.12465694231 1.06173821772 1.06206271625 1.06232847116
88 8388608 693707.943 693722.01 694750.071 2.12507356189 2.12822281363 2.1282659697 1.06253678094 1.06411140682 1.06413298485
96 8388608 754719.973 754822.016 755342.007 2.1322959945 2.13376491658 2.13405341533 1.06614799725 1.06688245829 1.06702670767
104 8388608 816260.099 816412.21 816648.96 2.13657342318 2.1371930045 2.13759127285 1.06828671159 1.06859650225 1.06879563643
112 8388608 881085.873 881597.042 881744.862 2.13105658222 2.13141390282 2.1326504596 1.06552829111 1.06570695141 1.0663252298
120 8388608 939611.912 939857.006 940445.185 2.14075838987 2.14209811402 2.14265687172 1.07037919493 1.07104905701 1.07132843586
128 8388608 1003026.009 1003727.913 1004536.867 2.13778480268 2.13950774925 2.14100494776 1.06889240134 1.06975387462 1.07050247388
136 4194304 532911.062 533447.027 533705.95 2.13760159129 2.13863913427 2.14079002924 1.06880079564 1.06931956713 1.07039501462
144 4194304 565044.88 565175.056 565685.987 2.13538885488 2.13731929457 2.13781169383 1.06769442744 1.06865964729 1.06890584691
152 4194304 592928.886 623889.208 628307.104 2.02937131839 2.04374174076 2.15045757781 1.0146856592 1.02187087038 1.0752287889
160 4194304 630867.004 630999.088 631498.098 2.12538610053 2.12706690948 2.12751225138 1.06269305026 1.06353345474 1.06375612569
176 4194304 685180.902 685415.983 685641.05 2.1533060309 2.15401310243 2.15475212997 1.07665301545 1.07700655122 1.07737606499
192 4194304 749135.971 749371.052 758412.838 2.12366227904 2.14928603354 2.14996048561 1.06183113952 1.07464301677 1.07498024281
208 4194304 811514.854 812144.995 821164.846 2.12482362403 2.14842235653 2.15009060574 1.06241181201 1.07421117826 1.07504530287
224 4194304 873112.917 873525.143 898258.924 2.09187812311 2.15110945238 2.15212506357 1.04593906155 1.07555472619 1.07606253178
240 4194304 942046.881 944360.018 1008474.827 1.99634722266 2.13188390193 2.13711860907 0.998173611328 1.06594195096 1.06855930453
264 2097152 537552.118 552791.834 560610.056 1.97516302847 2.00309807037 2.05988632343 0.987581514235 1.00154903518 1.02994316172
288 2097152 560847.998 595824.957 598054.171 2.01981628183 2.02737320384 2.15380915383 1.00990814091 1.01368660192 1.07690457692
312 2097152 606161.118 636480.093 647778.988 2.02016871841 2.05603107213 2.15886966211 1.0100843592 1.02801553606 1.07943483105
336 2097152 678716.183 697793.961 706454.992 1.99487038801 2.01963075459 2.07639979611 0.997435194003 1.00981537729 1.03819989806
368 2097152 715326.071 749752.998 750967.979 2.05535244533 2.05868316114 2.15776264081 1.02767622266 1.02934158057 1.0788813204
400 2097152 777014.017 808816.91 810982.943 2.06875078506 2.07429095418 2.15919090685 1.03437539253 1.03714547709 1.07959545342
440 2097152 853389.978 887269.974 890882.015 2.07153554447 2.0799686838 2.16254444929 1.03576777223 1.0399843419 1.08127222464
480 2097152 931263.924 965167.046 973767.042 2.06750262965 2.08592484414 2.16186396586 1.03375131482 1.04296242207 1.08093198293
528 1048576 512071.133 529296.875 531204.939 2.08449917293 2.09201359067 2.16238757595 1.04224958646 1.04600679534 1.08119378797
576 1048576 557819.843 576660.872 588365.078 2.0530782624 2.09474859602 2.16550122259 1.0265391312 1.04737429801 1.08275061129
632 1048576 628532.887 644696.951 645975.113 2.05178192987 2.05584974761 2.10872030949 1.02589096494 1.02792487381 1.05436015475
688 1048576 684526.92 699672.937 699774.027 2.06186643163 2.06216433379 2.10779230713 1.03093321582 1.0310821669 1.05389615357
752 1048576 745981.932 763761.997 763894.081 2.06449865659 2.06485568828 2.11407037671 1.03224932829 1.03242784414 1.05703518835
824 1048576 816671.133 833202.839 835248.947 2.06890802342 2.07398867012 2.11597199677 1.03445401171 1.03699433506 1.05798599839
904 1048576 894303.083 911592.007 911684.036 2.07947636806 2.07968629984 2.11989139257 1.03973818403 1.03984314992 1.05994569628
992 1048576 980240.822 997292.042 999078.989 2.08229259839 2.08602364843 2.12230988274 1.04114629919 1.04301182421 1.06115494137
1088 524288 537719.965 545469.999 547019.005 2.08557779085 2.09150033932 2.12164465197 1.04278889542 1.04575016966 1.06082232599
1192 524288 587667.942 596444.13 596697.807 2.09469948999 2.09559039838 2.12688578476 1.04734974499 1.04779519919 1.06344289238
1304 524288 642889.977 651496.172 651641.846 2.0983046322 2.09877381137 2.12686953121 1.0491523161 1.04938690568 1.0634347656
1432 524288 704482.079 712981.939 713885.069 2.10336494935 2.10602926928 2.13143936057 1.05168247468 1.05301463464 1.06571968029
1568 524288 769948.959 779206.991 780350.924 2.10695869952 2.11005186939 2.13542358721 1.05347934976 1.05502593469 1.06771179361
1720 524288 845489.025 854239.941 855141.878 2.10906607009 2.11129289727 2.13314503994 1.05453303504 1.05564644864 1.06657251997
1888 524288 926859.856 935240.984 935391.903 2.11645138433 2.1167929142 2.13593400899 1.05822569217 1.0583964571 1.0679670045
2072 262144 507978.916 512420.893 513045.073 2.11740603929 2.11998525205 2.13852327682 1.05870301965 1.05999262602 1.06926163841
2272 262144 557384.968 560531.855 561833.143 2.12017099888 2.12509302616 2.1370908876 1.06008549944 1.06254651308 1.0685454438
2496 262144 612394.81 614889.86 616563.082 2.12244762329 2.12822317154 2.13689408635 1.06122381165 1.06411158577 1.06844704317
2744 262144 671736.956 675121.069 676654.816 2.12611546978 2.13094560081 2.14168099455 1.06305773489 1.06547280041 1.07084049727
3016 262144 737679.005 741977.93 742014.17 2.13102750854 2.13113159309 2.14355105308 1.06551375427 1.06556579655 1.07177552654
3312 262144 809257.03 813399.076 813873.053 2.13355369071 2.134796937 2.14572353607 1.06677684536 1.0673984685 1.07286176803
3640 262144 889815.807 892846.107 894790.888 2.13279811584 2.13744373755 2.14472287971 1.06639905792 1.06872186877 1.07236143985
4000 262144 980782.986 981142.044 981796.026 2.13603635018 2.13746012907 2.13824263872 1.06801817509 1.06873006453 1.06912131936
4400 131072 538064.003 538299.084 552311.897 2.08837362777 2.14273743776 2.14367360308 1.04418681389 1.07136871888 1.07183680154
4840 131072 593522.072 594813.108 595243.931 2.13152439516 2.1330682578 2.13770813228 1.06576219758 1.0665341289 1.06885406614
5320 131072 652806.044 653182.03 653728.008 2.13331242188 2.13509560268 2.1363253187 1.06665621094 1.06754780134 1.06816265935
5848 131072 715055.943 717483.997 717530.966 2.1365184008 2.13665826473 2.14391353153 1.0682592004 1.06832913236 1.07195676577
6432 131072 787047.148 788165.092 788630.009 2.13802440784 2.13928556988 2.14232427153 1.06901220392 1.06964278494 1.07116213577
7072 131072 864058.018 864529.848 865365.028 2.14231255946 2.14438214284 2.1455531103 1.07115627973 1.07219107142 1.07277655515
7776 131072 949874.878 951129.913 951312.065 2.14275821678 2.14316857891 2.14600026931 1.07137910839 1.07158428945 1.07300013466
8552 65536 522900.105 523123.98 523299.932 2.14203686157 2.14275733259 2.14367473497 1.07101843078 1.0713786663 1.07183736748
9400 65536 574254.036 575165.033 575436.115 2.14111830642 2.14212744049 2.14552571294 1.07055915321 1.07106372025 1.07276285647
10336 65536 630999.088 631603.003 632023.811 2.14352713999 2.14495527343 2.14700816176 1.07176357 1.07247763672 1.07350408088
11368 65536 693330.05 693903.208 695572.138 2.14215954694 2.14731172708 2.14908685409 1.07107977347 1.07365586354 1.07454342704
12504 65536 763009.071 763263.941 763809.919 2.14572270827 2.14725758674 2.14797484105 1.07286135413 1.07362879337 1.07398742052
13752 65536 839071.989 839683.056 841226.816 2.14270647311 2.14664584586 2.1482091735 1.07135323656 1.07332292293 1.07410458675
15120 65536 921216.011 922883.034 922888.994 2.14739654811 2.14741041604 2.1512963478 1.07369827405 1.07370520802 1.0756481739
16632 32768 507011.89 507334.948 507889.986 2.14612373161 2.14847164836 2.14984061222 1.0730618658 1.07423582418 1.07492030611
18288 32768 557638.884 557874.918 559178.114 2.14336423045 2.14837113003 2.14928047952 1.07168211523 1.07418556502 1.07464023976
20112 32768 613074.064 613384.008 613686.8 2.14777315073 2.14883338139 2.14991973955 1.07388657537 1.07441669069 1.07495986978
22120 32768 675085.068 675529.957 675704.956 2.14539838302 2.14595415788 2.14736836692 1.07269919151 1.07297707894 1.07368418346
24328 32768 741101.98 741808.891 741964.102 2.14883685572 2.14928646359 2.15133659203 1.07441842786 1.0746432318 1.07566829602
26760 32768 817874.193 818222.046 819591.999 2.13977608632 2.14335872343 2.144270323 1.06988804316 1.07167936172 1.0721351615
29432 32768 898064.137 898532.867 901638.031 2.13927927359 2.14667222852 2.14779264925 1.0696396368 1.07333611426 1.07389632462
32368 32768 986938.953 992444.992 1013230.085 2.09357112407 2.13741745396 2.14934190362 1.04678556204 1.06870872698 1.07467095181
35600 16384 550482.988 557870.865 559225.798 2.08599246346 2.09105883312 2.11912234425 1.04299623173 1.04552941656 1.05956117212
39160 16384 604673.147 606159.925 608118.057 2.11010816934 2.11692463833 2.12212975947 1.05505408467 1.05846231916 1.06106487973
43072 16384 657565.117 664538.145 665925.98 2.11942969397 2.12385595412 2.14637799286 1.05971484699 1.06192797706 1.07318899643
47376 16384 724138.021 731365.919 731696.129 2.12166869069 2.12262661914 2.14381336566 1.06083434535 1.06131330957 1.07190668283
52112 16384 797481.06 804606.915 808130.026 2.11303374588 2.12228603081 2.14124961914 1.05651687294 1.06114301541 1.07062480957
57320 16384 877691.031 884645.939 886476.994 2.11879357582 2.1231790903 2.14000336526 1.05939678791 1.06158954515 1.07000168263
63048 16384 965831.041 971194.029 972813.129 2.1236934437 2.12723390209 2.13904583338 1.06184672185 1.06361695105 1.06952291669
69352 8192 529762.983 534415.007 534517.05 2.12577534805 2.12618125074 2.14485195165 1.06288767402 1.06309062537 1.07242597583
76280 8192 582812.071 587141.991 587979.078 2.1255373988 2.12856777263 2.14438166638 1.0627686994 1.06428388631 1.07219083319
83904 8192 641891.956 645578.861 646785.021 2.12540966684 2.12938065207 2.14161140851 1.06270483342 1.06469032604 1.07080570425
92288 8192 705996.99 709794.044 711060.047 2.12646821936 2.13026103104 2.14171818495 1.06323410968 1.06513051552 1.07085909247
101512 8192 776798.01 782158.136 783001.9 2.12409779338 2.1263891935 2.14106188042 1.06204889669 1.06319459675 1.07053094021
111656 8192 854625.94 860325.098 860774.04 2.12526379629 2.12637281913 2.14055274756 1.06263189815 1.06318640956 1.07027637378
122816 8192 939157.963 946635.008 946770.906 2.12534767519 2.12565278803 2.14257603436 1.06267383759 1.06282639401 1.07128801718
135096 4096 516620.159 520342.112 521648.169 2.12155720612 2.12688230777 2.14220527929 1.06077860306 1.06344115388 1.07110263965
148600 4096 570327.997 572216.034 574037.79 2.12064644734 2.12739791909 2.13444054369 1.06032322367 1.06369895954 1.06722027185
163456 4096 625104.904 630959.034 630989.075 2.12211527117 2.12221630858 2.14209094095 1.06105763559 1.06110815429 1.07104547047
179800 4096 687628.984 693585.873 693655.014 2.12342096615 2.1236326421 2.1420295454 1.06171048307 1.06181632105 1.0710147727
197776 4096 756724.834 763063.908 763564.11 2.12186635121 2.12325727244 2.14104377074 1.0609331756 1.06162863622 1.07052188537
217552 4096 832018.137 839618.921 840856.075 2.11948993054 2.12261293716 2.1420037674 1.05974496527 1.06130646858 1.0710018837
239304 4096 915822.029 923449.993 925832.033 2.1174233534 2.12288524864 2.1405669507 1.0587116767 1.06144262432 1.07028347535
263232 2048 502896.07 507903.099 508298.159 2.12119255777 2.12284247551 2.14397832141 1.06059627889 1.06142123775 1.0719891607
289552 2048 553458.929 557681.799 558118.82 2.12500447844 2.12666971403 2.14289612084 1.06250223922 1.06333485702 1.07144806042
318504 2048 608172.894 613790.989 613801.003 2.12543214759 2.12546682402 2.14510116592 1.0627160738 1.06273341201 1.07255058296
350352 2048 669211.864 674200.058 675295.115 2.12505874857 2.12851033602 2.14437589827 1.06252937429 1.06425516801 1.07218794914
385384 2048 736594.915 742388.964 743039.131 2.12442763529 2.12628815964 2.14301352325 1.06221381765 1.06314407982 1.07150676162
423920 2048 809743.881 817179.203 817275.047 2.12459235893 2.1248415447 2.14435250546 1.06229617946 1.06242077235 1.07217625273
466312 2048 890376.091 898854.017 899388.075 2.12368165099 2.12494344563 2.14517659594 1.0618408255 1.06247172281 1.07258829797
512936 2048 979635.954 988354.921 988414.049 2.12561310528 2.12574026937 2.14465980696 1.06280655264 1.06287013469 1.07232990348
564224 1024 539114.952 543662.071 543884.993 2.12458657046 2.12545773126 2.14338472289 1.06229328523 1.06272886563 1.07169236145
620640 1024 592780.113 598036.051 599109.888 2.12159863401 2.12540818881 2.14425331101 1.060799317 1.06270409441 1.0721266555
682704 1024 652224.064 657663.107 658044.1 2.12474785808 2.12597875283 2.14370776727 1.06237392904 1.06298937641 1.07185388364
750968 1024 718210.936 723474.026 723643.78 2.12533086928 2.1258295512 2.14140774932 1.06266543464 1.0629147756 1.07070387466
826064 1024 789273.024 795597.076 796252.012 2.1246779242 2.12642696037 2.1434649615 1.0623389621 1.06321348019 1.07173248075
908664 1024 868201.971 874449.968 875554.8 2.12544534277 2.12813075659 2.14344580427 1.06272267139 1.0640653783 1.07172290214
999528 1024 955355.167 962064.028 963459.015 2.12467091192 2.12775167185 2.14269353923 1.06233545596 1.06387583592 1.07134676961
1099480 512 525548.935 529407.978 529428.005 2.12657341389 2.12665386014 2.14226962519 1.06328670694 1.06332693007 1.07113481259
1209424 512 578304.052 582350.969 582617.998 2.12566412341 2.12663881736 2.14152083444 1.0628320617 1.06331940868 1.07076041722
1330360 512 636265.993 641035.08 641728.163 2.12284378113 2.12513898615 2.14106781596 1.06142189056 1.06256949308 1.07053390798
1463392 512 704660.892 705129.862 708545.923 2.1149135989 2.12515947594 2.12657382439 1.05745679945 1.06257973797 1.0632869122
1609728 512 770601.034 775020.123 775465.012 2.12564260991 2.12686280405 2.13905951234 1.06282130495 1.06343140203 1.06952975617
1770696 512 846168.995 853116.989 877306.223 2.06677287413 2.12537404293 2.14282574133 1.03338643706 1.06268702146 1.07141287066
1947760 512 930803.061 938046.932 938060.045 2.12620316858 2.12623289087 2.14278006118 1.06310158429 1.06311644544 1.07139003059
2142536 256 513072.014 515780.926 517236.948 2.12084313822 2.1268301651 2.13805937971 1.06042156911 1.06341508255 1.06902968986
2356784 256 563302.04 567469.12 568019.867 2.12435071043 2.126412461 2.14214279785 1.06217535522 1.0632062305 1.07107139892
2592456 256 620588.064 624259.949 625164.032 2.12318272335 2.12625761772 2.13883822297 1.06159136167 1.06312880886 1.06941911148
2851696 256 682079.077 686570.883 687956.095 2.12232780931 2.12660977643 2.14061448479 1.06116390465 1.06330488822 1.0703072424
3136864 256 749722.958 755184.174 755955.219 2.12456284133 2.1267320255 2.14222380529 1.06228142067 1.06336601275 1.07111190264
3450544 256 824871.063 830213.07 831480.98 2.12473715033 2.12798207092 2.14176324912 1.06236857517 1.06399103546 1.07088162456
3795592 256 907450.914 914924.86 916193.962 2.12110446543 2.12404667199 2.14154074233 1.06055223272 1.06202333599 1.07077037117
4175144 256 998708.963 1005748.987 1006944.895 2.12293020066 2.12545451761 2.14043711151 1.06146510033 1.0627272588 1.07021855575
4592656 128 549997.091 553261.042 554627.18 2.1198382957 2.12507269941 2.13768391731 1.05991914785 1.0625363497 1.06884195866
5051920 128 604722.977 609297.991 609385.014 2.12228966957 2.12259278564 2.13865119929 1.06114483478 1.06129639282 1.06932559965
5557112 128 665667.057 669641.018 670499.802 2.12173168099 2.1244527049 2.1371354599 1.06086584049 1.06222635245 1.06856772995
6112816 128 731764.078 737165.928 738033.056 2.12033984559 2.12283400054 2.13850466707 1.0601699228 1.06141700027 1.06925233354
6724096 128 804176.092 810763.836 811380.148 2.12153154134 2.12314424937 2.14053687137 1.06076577067 1.06157212468 1.07026843568
7396504 128 884617.09 891182.899 891241.074 2.12457109444 2.12470978306 2.1404798137 1.06228554722 1.06235489153 1.07023990685
8136152 128 972895.145 980242.968 981786.013 2.12149580909 2.12483535205 2.14088324184 1.06074790454 1.06241767602 1.07044162092
8949760 64 535982.132 539352.894 539559.126 2.12315800956 2.12396984005 2.13732736897 1.06157900478 1.06198492003 1.06866368448
9844736 64 589275.837 593139.887 593792.915 2.12216443842 2.12450087343 2.13843183256 1.06108221921 1.06225043672 1.06921591628
10829208 64 647356.987 652485.132 654026.985 2.11939056918 2.1243987886 2.14122756352 1.05969528459 1.0621993943 1.07061378176
11912128 64 712552.071 718133.926 726459.026 2.0988828405 2.12321452698 2.13984696144 1.04944142025 1.06160726349 1.06992348072
13103336 64 784541.845 790163.994 791157.961 2.11996477401 2.12263153059 2.13784263859 1.05998238701 1.06131576529 1.0689213193
14413664 64 861781.12 868652.105 869313.002 2.12230691104 2.12392162683 2.14085566414 1.06115345552 1.06196081341 1.07042783207
15855024 64 948081.97 955142.975 956670.046 2.1213615713 2.12475317844 2.14057764647 1.06068078565 1.06237658922 1.07028882323
17440520 32 521674.156 525973.082 540972.948 2.06330701771 2.12214905705 2.13963691159 1.03165350886 1.06107452853 1.06981845579
19184568 32 573981.047 578310.966 578817.844 2.12124136242 2.12310058807 2.13911654125 1.06062068121 1.06155029403 1.06955827062
21103024 32 630612.135 635728.836 636861.086 2.12070350299 2.12448053245 2.14171827823 1.0603517515 1.06224026623 1.07085913911
23213320 32 695051.908 700312.138 700670.004 2.12033121372 2.12141472264 2.13746982477 1.06016560686 1.06070736132 1.06873491239
25534648 32 764407.873 769297.123 770763.874 2.12025696472 2.12429947174 2.1378867614 1.06012848236 1.06214973587 1.0689433807
28088112 32 839709.997 846117.02 847578.049 2.12091284115 2.12457511846 2.140785717 1.06045642057 1.06228755923 1.0703928585
30896920 32 923284.054 930180.073 933061.123 2.11926403454 2.12582803846 2.14170587203 1.05963201727 1.06291401923 1.07085293601
33986608 16 508455.992 511878.014 513078.213 2.11969915784 2.12466921074 2.13896870744 1.05984957892 1.06233460537 1.06948435372
37385264 16 559535.027 563135.147 563836.813 2.12176363873 2.12440735474 2.13807606365 1.06088181936 1.06220367737 1.06903803182
41123784 16 614777.088 619143.963 620800.018 2.11978261895 2.12545250643 2.14054998745 1.05989130947 1.06272625322 1.07027499372
45236160 16 676059.008 681214.094 682172.06 2.12198242185 2.12496648667 2.14116978381 1.06099121093 1.06248324334 1.0705848919
49759776 16 743654.013 750645.876 753329.039 2.11370164903 2.12125701734 2.1412011556 1.05685082452 1.06062850867 1.0706005778
54735752 16 817874.908 824292.898 826400.995 2.11948445682 2.12490495581 2.14157941131 1.05974222841 1.06245247791 1.07078970566
60209320 16 899739.027 906775.951 908509.016 2.12072550307 2.12477871505 2.14139676304 1.06036275153 1.06238935752 1.07069838152
66230248 16 990748.882 998700.142 1000793.934 2.11768663258 2.12212639898 2.13915753477 1.05884331629 1.06106319949 1.06957876739
72853272 8 544603.109 548794.031 549612.999 2.12086023096 2.124025201 2.14037035914 1.06043011548 1.0620126005 1.07018517957
80138592 8 603328.943 604621.887 605545.998 2.11745676833 2.12069311345 2.1252377942 1.05872838416 1.06034655672 1.0626188971
88152448 8 659570.932 664227.962 665114.88 2.12059481815 2.12342636668 2.13841923525 1.06029740907 1.06171318334 1.06920961762
96967688 8 724800.11 731641.054 735938.072 2.10817060162 2.12055214715 2.14056673915 1.05408530081 1.06027607357 1.07028336958
106664456 8 797413.111 803135.872 804486.036 2.12139331154 2.12495961829 2.14020972625 1.06069665577 1.06247980914 1.07010486312
117330896 8 877229.929 884231.091 885327.816 2.12045109402 2.12308112111 2.14002540718 1.06022554701 1.06154056055 1.07001270359
129063984 8 964343.071 971615.076 973140.955 2.12201915189 2.1253516902 2.14137873346 1.06100957595 1.0626758451 1.07068936673
141970376 4 530243.874 535401.106 535699.129 2.12015093271 2.12133108294 2.14196346944 1.06007546635 1.06066554147 1.07098173472
156167408 4 584216.118 588285.923 588941.813 2.12132885868 2.12369396437 2.13848818187 1.06066442934 1.06184698219 1.06924409093
171784144 4 641448.975 646297.932 648250.103 2.11997367319 2.12637714583 2.14245124018 1.05998683659 1.06318857291 1.07122562009
188962552 4 705954.79 711062.908 712624.073 2.12131539373 2.1259728204 2.14135584518 1.06065769687 1.0629864102 1.07067792259
207858800 4 777481.079 783085.108 784076.929 2.12080006246 2.12348617412 2.13879211329 1.06040003123 1.06174308706 1.06939605665
228644680 4 853846.073 860113.144 863525.152 2.11824454188 2.12664746814 2.1422566641 1.05912227094 1.06332373407 1.07112833205
251509144 4 939742.088 945979.118 948818.922 2.12060816384 2.12697417281 2.14109081384 1.06030408192 1.0634870864 1.07054540692
276660056 2 516743.183 520761.967 521735.191 2.1210764447 2.12504041026 2.14156714671 1.06053822235 1.06252020513 1.07078357336
304326056 2 568797.827 572607.994 574651.957 2.11833303476 2.12589456793 2.1401351521 1.05916651738 1.06294728397 1.07006757605
334758656 2 625499.01 630084.991 631060.123 2.1218812205 2.12516508586 2.14074619239 1.06094061025 1.06258254293 1.07037309619
368234520 2 688292.98 692819.118 694317.102 2.12141984658 2.12600669025 2.13998707353 1.06070992329 1.06300334512 1.06999353676
405057968 2 757181.168 764035.94 764159.203 2.12028051961 2.12062258747 2.13982061424 1.0601402598 1.06031129373 1.06991030712
445563760 2 831948.996 837756.872 841118.813 2.1189099714 2.12741321446 2.14226478855 1.0594549857 1.06370660723 1.07113239427
490120136 2 915709.019 921859.026 924232.96 2.12119739162 2.12665981317 2.14094270486 1.06059869581 1.06332990658 1.07047135243
539132144 1 503318.071 506963.015 508223.057 2.12163590996 2.12690917502 2.14231189009 1.06081795498 1.06345458751 1.07115594504
593045352 1 554179.907 557755.947 558856.01 2.12235474393 2.12654066779 2.14026291646 1.06117737197 1.0632703339 1.07013145823
652349880 1 609826.088 614107.132 615190.983 2.12080442668 2.12454748042 2.13946202971 1.06040221334 1.06227374021 1.06973101485
717584864 1 670454.025 675105.095 677618.98 2.11795975372 2.12584638841 2.14059379836 1.05897987686 1.0629231942 1.07029689918
789343344 1 736881.018 742429.018 744149.923 2.12146321488 2.1263806367 2.14239022235 1.06073160744 1.06319031835 1.07119511118
868277672 1 810685.873 816781.998 818542.004 2.1215225798 2.12609404744 2.14208166423 1.0607612899 1.06304702372 1.07104083211
955105432 1 891850.948 898173.094 900197.983 2.1219897179 2.12677364392 2.14184990024 1.06099485895 1.06338682196 1.07092495012
1050615968 1 981827.974 988562.107 990200.043 2.12202771637 2.12554367715 2.14012229397 1.06101385819 1.06277183857 1.07006114698

META_DATA
ERT_VERSION  1.1.0
FLOPS          8
UNAME  ('Linux', 'atajo-Inspiron-15-7568', '4.15.0-33-generic', '#36-Ubuntu SMP Wed Aug 15 16:00:05 UTC 2018', 'x86_64', 'x86_64')
HOSTNAME  ('atajo-Inspiron-15-7568', [], ['127.0.1.1'])
CONFIG  {'ERT_WORKING_SET_MIN': ['1'], 'ERT_CFLAGS': [], 'ERT_CC': ['gcc'], 'ERT_MPI_CFLAGS': ['-I/usr/include/mpi'], 'ERT_MPI_LDFLAGS': ['-lmpi'], 'ERT_MEMORY_MAX': ['1073741824'], 'ERT_PROCS_THREADS': ['1-4'], 'ERT_LDFLAGS': [], 'ERT_LDLIBS': [], 'ERT_RUN': ['export', 'OMP_NUM_THREADS=ERT_OPENMP_THREADS;', 'mpirun', '-np', 'ERT_MPI_PROCS', 'ERT_CODE'], 'ERT_FLOPS': ['1,2,4,8,16'], 'ERT_OPENMP_CFLAGS': ['-fopenmp'], 'ERT_MPI': ['False'], 'ERT_TRIALS_MIN': ['1'], 'ERT_DRIVER': ['driver1'], 'ERT_RESULTS': ['Results/myLaptop'], 'ERT_OPENMP': ['False'], 'ERT_MPI_PROCS': ['1,2,4,8'], 'ERT_KERNEL': ['kernel1'], 'ERT_GPU': [False], 'ERT_OPENMP_THREADS': ['1,2,4,8'], 'ERT_LD': ['gcc'], 'ERT_NUM_EXPERIMENTS': ['3'], 'ERT_OPENMP_LDFLAGS': ['-fopenmp'], 'ERT_ALIGN': ['64'], 'ERT_GNUPLOT': ['gnuplot']}
TIMESTAMP_DATA  1535297910.64
TIMESTAMP_DATA  1535298178.94
TIMESTAMP_DATA  1535297642.44
