32 33554432 395870.046 442038.346 475879.659 4.51266114738 4.85813881857 5.42471871691 1.12816528685 1.21453470464 1.35617967923
64 16777216 331135.855 360297.112 424454.386 5.05939794435 5.96031324281 6.48520423136 1.26484948609 1.4900783107 1.62130105784
96 8388608 239850.777 257805.438 387118.379 4.16051735947 6.2473962865 6.71506157347 1.04012933987 1.56184907162 1.67876539337
128 8388608 298402.11 429139.764 470942.767 4.55996736436 5.00415908324 7.19661013121 1.13999184109 1.25103977081 1.7991525328
160 4194304 179184.989 216065.886 221805.914 6.05113387554 6.21188890504 7.49045602252 1.51278346888 1.55297222626 1.87261400563
192 4194304 208779.498 212116.215 369978.015 4.35326606096 7.59306748897 7.71442000498 1.08831651524 1.89826687224 1.92860500124
224 4194304 292772.617 361690.691 422619.727 4.44619139135 5.19517985604 6.41811454655 1.11154784784 1.29879496401 1.60452863664
256 4194304 282119.589 368731.138 516810.515 4.15526307161 5.82398237276 7.61196220231 1.0388157679 1.45599559319 1.90299055058
288 2097152 169209.264 231029.218 348851.566 3.46267487301 5.22860079109 7.13884998637 0.865668718254 1.30715019777 1.78471249659
320 2097152 174012.848 181713.383 328643.329 4.08399368423 7.38623241635 7.71309300104 1.02099842106 1.84655810409 1.92827325026
352 2097152 188078.664 238483.925 247208.7 5.97226152639 6.19075272264 7.84988034581 1.4930653816 1.54768818066 1.96247008645
384 2097152 210985.721 219130.126 319801.212 5.03629340842 7.35002879522 7.63375231445 1.2590733521 1.8375071988 1.90843807861
416 2097152 219516.916 393736.794 452079.887 3.85956224591 4.43146409121 7.94850117155 0.964890561477 1.1078660228 1.98712529289
448 2097152 238579.657 383175.057 417492.989 4.50078981326 4.90388963914 7.8759782608 1.12519745332 1.22597240979 1.9689945652
480 2097152 287731.763 362763.86 430742.921 4.67393849521 5.54979738059 6.99702354376 1.1684846238 1.38744934515 1.74925588594
512 2097152 273544.256 367407.183 463222.842 4.63596233452 5.84496914422 7.85058944173 1.15899058363 1.46124228606 1.96264736043
544 1048576 147097.893 157106.849 322939.865 3.53270317989 7.26162287171 7.75572419654 0.883175794973 1.81540571793 1.93893104913
576 1048576 180021.428 217423.766 295110.275 4.09324803076 5.55578432948 6.71008760135 1.02331200769 1.38894608237 1.67752190034
608 1048576 167596.407 186386.253 245076.659 5.20273297834 6.84100031776 7.6079698773 1.30068324458 1.71025007944 1.90199246933
640 1048576 179378.184 183466.696 187980.244 7.13999115779 7.31564534198 7.48238860529 1.78499778945 1.82891133549 1.87059715132
704 1048576 183438.288 184487.487 200833.39 7.35134236394 8.00268371589 8.04845609985 1.83783559098 2.00067092897 2.01211402496
768 1048576 230408.154 261435.229 390527.687 4.12419602915 6.16065685623 6.99025927702 1.03104900729 1.54016421406 1.74756481926
832 1048576 227637.989 232787.413 316156.234 5.5188867919 7.49538147924 7.66493532852 1.37972169798 1.87384536981 1.91623383213
896 1048576 235831.193 303880.352 433971.883 4.3298846437 6.18351327959 7.9677678262 1.08247116093 1.5458783199 1.99194195655
960 1048576 251121.686 286873.738 306353.769 6.57170279501 7.01795129117 8.01709303592 1.64292569875 1.75448782279 2.00427325898
1056 524288 157365.113 199195.668 270817.54 4.0887169125 5.55883703254 7.03647863806 1.02217922813 1.38970925814 1.75911965951
1152 524288 154687.888 192032.969 302457.037 3.99382194569 6.29037585728 7.80901186006 0.998455486423 1.57259396432 1.95225296502
1248 524288 168928.524 187698.467 290248.355 4.50863140292 6.97194212034 7.74660677199 1.12715785073 1.74298553008 1.936651693
1344 524288 187487.554 295937.782 411851.926 3.42182725157 4.76210281254 7.51669171597 0.855456812893 1.19052570314 1.87917292899
1472 524288 193572.199 415806.764 439724.852 3.51015837513 3.71207013843 7.97378900469 0.877539593782 0.928017534607 1.99344725117
1600 524288 208392.766 435203.492 505186.127 3.32099697583 3.85502789118 8.05076698296 0.830249243958 0.963756972796 2.01269174574
1760 524288 228773.302 436266.079 535274.653 3.44775107444 4.23020227525 8.06691053487 0.861937768609 1.05755056881 2.01672763372
1920 524288 275351.328 387723.428 523312.254 3.84715990236 5.19253100176 7.31162596753 0.961789975589 1.29813275044 1.82790649188
2112 262144 151631.743 151991.954 297665.401 3.71993604994 7.28522942734 7.30253596043 0.929984012485 1.82130735684 1.82563399011
2304 262144 240311.178 286277.088 320087.996 3.77383584232 4.21954673508 5.02664737468 0.943458960579 1.05488668377 1.25666184367
2528 262144 180531.425 181823.323 256221.862 5.17286094814 7.28949423062 7.34165846195 1.29321523704 1.82237355765 1.83541461549
2752 262144 193786.762 209077.828 266638.834 5.41121694224 6.90097362213 7.44550639636 1.35280423556 1.72524340553 1.86137659909
3008 262144 207826.196 209927.707 322970.113 4.88298526867 7.51238760494 7.58835187456 1.22074631717 1.87809690123 1.89708796864
3296 262144 226345.906 437794.177 501123.425 3.44835855159 3.94718189228 7.634568164 0.862089637897 0.98679547307 1.908642041
3616 262144 243001.635 249694.083 386288.861 4.90779206807 7.59259244441 7.8016981573 1.22694801702 1.8981481111 1.95042453932
3968 262144 267728.093 271066.794 659865.539 3.15272530697 7.67476810162 7.77047623463 0.788181326741 1.91869202541 1.94261905866
4352 131072 142907.453 148039.607 150898.245 7.56039732603 7.70638825054 7.98314338441 1.89009933151 1.92659706264 1.9957858461
4768 131072 160039.742 160714.647 178723.253 6.99350851677 7.77715420051 7.80995130572 1.74837712919 1.94428855013 1.95248782643
5216 131072 168899.413 170633.232 175600.097 7.78668763492 8.01334586454 8.09560601611 1.94667190873 2.00333646613 2.02390150403
5728 131072 187849.68 193338.119 223059.178 6.73167024761 7.76650171092 7.9934170343 1.6829175619 1.94162542773 1.99835425858
6272 131072 202074.936 207025.055 208999.048 7.86686438878 7.94187528654 8.13642305447 1.96671609719 1.98546882164 2.03410576362
6880 131072 222764.886 224377.144 229265.531 7.86664577154 8.03803225163 8.09620740676 1.96666144288 2.00950806291 2.02405185169
7552 131072 244634.913 249395.77 252116.424 7.85237017323 7.93803153919 8.09251412124 1.96309254331 1.9845078848 2.02312853031
8288 65536 133195.752 140472.067 144596.027 7.51282561865 7.73338614004 8.15585121664 1.87820640466 1.93334653501 2.03896280416
9088 65536 146018.348 146084.826 156260.382 7.62306043767 8.15404562278 8.15775792779 1.90576510942 2.0385114057 2.03943948195
9984 65536 165460.814 166710.508 171895.049 7.61291762394 7.84967224741 7.90895932616 1.90322940598 1.96241806185 1.97723983154
10976 65536 177910.862 179889.36 182080.74 7.90114468999 7.99739502103 8.08633186208 1.9752861725 1.99934875526 2.02158296552
12064 65536 195795.52 200061.092 280399.69 5.63928087082 7.90384873037 8.07604080012 1.4098202177 1.97596218259 2.01901020003
13248 65536 215022.076 216281.511 217243.593 7.99306360211 8.02861903438 8.07564454917 1.99826590053 2.0071547586 2.01891113729
14560 65536 233618.376 236042.46 238792.569 7.99190832442 8.08502131354 8.16891356183 1.9979770811 2.02125532838 2.04222839046
16000 65536 266006.088 272562.8 330734.101 6.34090042018 7.69419744734 7.8838496358 1.58522510505 1.92354936184 1.97096240895
17600 32768 145865.862 149833.482 346127.028 3.33239968767 7.6981031516 7.90749517526 0.833099921917 1.9245257879 1.97687379381
19360 32768 160155.379 182995.349 230045.901 5.51532087503 6.93338364572 7.92216263932 1.37883021876 1.73334591143 1.98054065983
21280 32768 169620.395 174785.88 176017.557 7.9231078068 7.97894017526 8.22192449204 1.9807769517 1.99473504381 2.05548112301
23392 32768 188869.214 189293.864 191429.285 8.00827371841 8.09861492394 8.11682369791 2.0020684296 2.02465373098 2.02920592448
25728 32768 209700.412 237769.041 318181.218 5.29921350669 7.09137825896 8.040566978 1.32480337667 1.77284456474 2.0101417445
28288 32768 227331.564 229578.345 275098.76 6.73897028107 8.07516217612 8.1549712472 1.68474257027 2.01879054403 2.0387428118
31104 32768 248743.341 251744.83 511127.516 3.98810801647 8.09721392888 8.19491985516 0.997027004118 2.02430348222 2.04872996379
34208 16384 137705.215 149508.415 204863.399 5.47158618607 7.49742242937 8.14005296749 1.36789654652 1.87435560734 2.03501324187
37600 16384 149733.089 151371.025 231936.626 5.31212694281 8.13944940916 8.22848715824 1.3280317357 2.03486235229 2.05712178956
41344 16384 165917.581 167969.974 172682.125 7.84539912281 8.06549027626 8.16526002751 1.9613497807 2.01637256906 2.04131500688
45472 16384 180623.822 188943.875 193891.547 7.68484505413 7.886079906 8.24933543926 1.92121126353 1.9715199765 2.06233385982
50016 16384 201814.229 203745.805 211983.606 7.73137281191 8.04396580337 8.12095507894 1.93284320298 2.01099145084 2.03023876974
55008 16384 224023.862 224154.169 319107.591 5.64857181351 8.04135007634 8.04602745399 1.41214295338 2.01033751908 2.0115068635
60480 16384 245451.414 249155.667 251152.504 7.8908575803 7.95409819035 8.07413820806 1.97271439508 1.98852454759 2.01853455202
66528 8192 133135.235 134452.287 138977.594 7.84295310221 8.10692608003 8.18712455797 1.96073827555 2.02673152001 2.04678113949
73152 8192 146500.597 147385.055 157144.383 7.62688646657 8.13191247919 8.18100671631 1.90672161664 2.0329781198 2.04525167908
80448 8192 163713.063 166889.74 168464.228 7.82397573448 7.89778947466 8.05103763772 1.95599393362 1.97444736866 2.01275940943
88480 8192 178605.179 180037.274 185673.984 7.80753603047 8.05197883634 8.11654134621 1.95188400762 2.01299470908 2.02913533655
97312 8192 199456.037 310054.598 401491.611 3.97109121167 5.14219049898 7.99353998997 0.992772802917 1.28554762474 1.99838499749
107040 8192 222150.747 312049.361 376506.286 4.65793912402 5.6200831637 7.89438425791 1.16448478101 1.40502079093 1.97359606448
117728 8192 246608.941 251904.688 268277.082 7.18978877219 7.65708477803 7.82151508448 1.79744719305 1.91427119451 1.95537877112
129472 8192 270022.049 280145.14 295161.058 7.18681950246 7.57203658075 7.85591123338 1.79670487561 1.89300914519 1.96397780835
142400 4096 144515.923 148321.074 161101.082 7.24104882176 7.86497001768 8.07205722237 1.81026220544 1.96624250442 2.01801430559
156640 4096 158908.498 162122.532 180251.939 7.118896402 7.91496940105 8.07505511757 1.7797241005 1.97874235026 2.01876377939
172288 4096 178798.788 181130.497 286590.306 4.92474192759 7.79207985058 7.89369610268 1.2311854819 1.94801996265 1.97342402567
189504 4096 190011.78 192253.917 302824.639 5.12645461455 8.07482516988 8.17010802172 1.28161365364 2.01870629247 2.04252700543
208448 4096 210996.732 212819.524 354248.881 4.82035683833 8.02372819892 8.09304485342 1.20508920958 2.00593204973 2.02326121335
229280 4096 233911.831 245426.505 330745.934 5.67886576045 7.65305181688 8.02978520569 1.41971644011 1.91326295422 2.00744630142
252192 4096 260436.348 410787.037 458218.353 4.50867332239 5.02926499114 7.93267483539 1.1271683306 1.25731624779 1.98316870885
277408 2048 148248.107 268049.608 353727.676 3.2122540731 4.23900328181 7.66460490453 0.803063518276 1.05975082045 1.91615122613
305120 2048 172651.702 262756.307 308094.23 4.05645870096 4.75639018629 7.23868635827 1.01411467524 1.18909754657 1.80967158957
335616 2048 190782.226 230292.007 385130.165 3.56939876678 5.96930459684 7.20550946921 0.892349691694 1.49232614921 1.8013773673
369152 2048 193728.212 234683.755 308243.475 4.90536447527 6.44291119341 7.80498914634 1.22634111882 1.61072779835 1.95124728659
406048 2048 212759.452 230978.545 234156.736 7.10281769558 7.20055019829 7.81715027166 1.77570442389 1.80013754957 1.95428756791
446624 2048 253674.304 300944.141 383062.359 4.7756503896 6.07877560906 7.21149866247 1.1939125974 1.51969390226 1.80287466562
491264 2048 249177.624 278683.603 385067.082 5.22562804784 7.22043680482 8.07543354695 1.30640701196 1.8051092012 2.01885838674
540384 1024 141680.296 152916.576 152970.944 7.23474931292 7.23732155761 7.81129390074 1.80868732823 1.8093303894 1.95282347519
594400 1024 149977.179 156741.866 185651.643 6.55707205349 7.76647127577 8.11677621967 1.63926801337 1.94161781894 2.02919405492
653824 1024 168836.857 186725.297 284845.692 4.70090153935 7.17113092609 7.93091968065 1.17522538484 1.79278273152 1.98272992016
719200 1024 183465.465 184812.387 204343.146 7.20807929619 7.96982076748 8.02833165359 1.80201982405 1.99245519187 2.0070829134
791104 1024 202250.463 217852.971 228698.208 7.08436242754 7.43703877236 8.01076530539 1.77109060688 1.85925969309 2.00269132635
870208 1024 222248.933 223679.517 437823.834 4.0705549712 7.96758687565 8.01887307149 1.0176387428 1.99189671891 2.00471826787
957216 1024 247337.891 247519.4 309822.57 6.32742271811 7.92009987096 7.92591203909 1.58185567953 1.98002496774 1.98147800977
1052928 512 133914.342 137563.395 146059.755 7.38189840179 7.83782831181 8.05140253013 1.84547460045 1.95945707795 2.01285063253
1158208 512 146895.334 149884.139 163935.491 7.23458346186 7.9128118553 8.07380983252 1.80864586546 1.97820296382 2.01845245813
1274016 512 179460.075 180229.602 184791.837 7.05979444319 7.23850227445 7.26954106087 1.7649486108 1.80962556861 1.81738526522
1401408 512 177235.324 181355.711 196584.155 7.29988534427 7.91285691577 8.09681591464 1.82497133607 1.97821422894 2.02420397866
1541536 512 215556.305 216528.061 247146.63 6.38702969164 7.29019997089 7.32306514532 1.59675742291 1.82254999272 1.83076628633
1695680 512 217229.164 220937.073 235920.451 7.3600076324 7.85914421886 7.99329283429 1.8400019081 1.96478605472 1.99832320857
1865248 512 242013.125 255813.573 259506.9 7.36016634625 7.4664292813 7.89219159911 1.84004158656 1.86660732032 1.97304789978
2051744 512 269654.748 286157.14 305428.019 6.87882487952 7.34207036036 7.79139203586 1.71970621988 1.83551759009 1.94784800897
2256896 256 147576.836 149651.818 156853.608 7.36693766075 7.72146150607 7.83002795913 1.84173441519 1.93036537652 1.95750698978
2482560 256 168621.147 177838.121 195925.65 6.48751564688 7.14734677162 7.53802676956 1.62187891172 1.7868366929 1.88450669239
2730816 256 178915.991 193204.159 259168.313 5.3948639624 7.23678930742 7.81471675162 1.3487159906 1.80919732685 1.9536791879
3003872 256 207002.119 212158.717 219736.089 6.99922562106 7.24920703588 7.42979091919 1.74980640526 1.81230175897 1.8574477298
3304256 256 215559.958 227039.15 232973.955 7.26166610341 7.45148610713 7.84829932097 1.81541652585 1.86287152678 1.96207483024
3634656 256 237066.913 268469.21 304870.629 6.10404445356 6.93168453842 7.84986756882 1.52601111339 1.73292113461 1.96246689221
3998112 256 270830.558 272467.233 285166.977 7.1783674447 7.51295237031 7.55835441583 1.79459186117 1.87823809258 1.88958860396
4397920 128 143641.411 146094.253 170599.354 6.59948290308 7.70644633092 7.83804274939 1.64987072577 1.92661158273 1.95951068735
4837696 128 158184.049 172970.273 179597.449 6.89570026131 7.15990184047 7.82917230801 1.72392506533 1.78997546012 1.957293077
5321440 128 178829.46 178865.487 205136.718 6.64088152176 7.61627445769 7.61780883306 1.66022038044 1.90406861442 1.90445220827
5853568 128 190779.113 198114.848 222308.049 6.7407069368 7.56386218967 7.85470371696 1.6851767342 1.89096554742 1.96367592924
6438912 128 212634.8 216738.027 346802.748 4.75302309888 7.60531732625 7.75207760912 1.18825577472 1.90132933156 1.93801940228
7082784 128 238266.857 264714.303 401490.448 4.51615402815 6.84962120842 7.60992412805 1.12903850704 1.7124053021 1.90248103201
7791040 128 261862.193 264755.022 292570.137 6.81719009483 7.53340286025 7.61662543627 1.70429752371 1.88335071506 1.90415635907
8570144 64 140579.26 144676.0 148197.87 7.40212009795 7.58231103984 7.80327362656 1.85053002449 1.89557775996 1.95081840664
9427136 64 155380.626 159748.204 163577.65 7.37676209433 7.553596083 7.76591933669 1.84419052358 1.88839902075 1.94147983417
10369824 64 168263.826 176992.682 181188.245 7.32573722981 7.49939182231 7.88843035104 1.83143430745 1.87484795558 1.97210758776
11406784 64 189435.717 189936.225 202179.865 7.22163085825 7.68715052645 7.70746074247 1.80540771456 1.92178763161 1.92686518562
12547456 64 208647.375 211111.222 263309.503 6.09956856741 7.60771669447 7.69755367399 1.52489214185 1.90192917362 1.9243884185
13802176 64 233645.849 250611.992 253565.869 6.96733568665 7.04945726619 7.56135208719 1.74183392166 1.76236431655 1.8903380218
15182368 64 253465.149 255021.435 276829.265 7.02000600984 7.62031279449 7.66710181525 1.75500150246 1.90507819862 1.91677545381
16700576 64 277790.269 280482.281 301995.205 7.07850221662 7.62142164695 7.6952793764 1.76962555415 1.90535541174 1.9238198441
18370624 32 153083.053 161902.19 171234.625 6.86613432301 7.26191496236 7.680274942 1.71653358075 1.81547874059 1.9200687355
20207680 32 166114.056 173527.445 184953.313 6.99252962287 7.45295085743 7.78556343239 1.74813240572 1.86323771436 1.9463908581
22228448 32 185049.281 187999.767 194530.866 7.31308455698 7.56714061247 7.68779356673 1.82827113924 1.89178515312 1.92194839168
24451264 32 204688.642 213660.297 392639.348 3.98554272253 7.32415389276 7.64517699033 0.996385680632 1.83103847319 1.91129424758
26896384 32 221387.276 242159.673 310864.83 5.53735389108 7.10840312375 7.77537267318 1.38433847277 1.77710078094 1.94384316829
29586016 32 245169.798 272812.951 284740.982 6.64992095869 6.94067131732 7.72323932004 1.66248023967 1.73516782933 1.93080983001
32544608 32 268251.803 293821.408 350072.486 5.94978181747 7.08884667791 7.764551398 1.48744545437 1.77221166948 1.9411378495
35799040 16 146041.695 161473.538 171422.711 6.68271592088 7.0944706742 7.84412478916 1.67067898022 1.77361766855 1.96103119729
39378944 16 167200.754 194750.603 308134.093 4.08953840755 6.47046113639 7.53660601315 1.02238460189 1.6176152841 1.88415150329
43316832 16 179453.432 190196.059 231389.085 5.99050998451 7.28794608725 7.72422465568 1.49762749613 1.82198652181 1.93105616392
47648512 16 196990.397 209483.441 215214.986 7.0847872276 7.27862964596 7.74023712435 1.7711968069 1.81965741149 1.93505928109
52413344 16 231902.067 242263.25 264584.537 6.33909686113 6.92315903465 7.23247976914 1.58477421528 1.73078975866 1.80811994229
57654656 16 257930.832 264128.978 309706.762 5.95708333937 6.98503059365 7.15288272323 1.48927083484 1.74625764841 1.78822068081
63420096 16 274680.706 297128.083 416290.239 4.87506763761 6.83019609425 7.38837139875 1.2187669094 1.70754902356 1.84709284969
69762080 8 144232.688 163541.441 212279.919 5.25811996376 6.8251403019 7.7388371213 1.31452999094 1.70628507548 1.93470928033
76738272 8 156348.456 181189.873 206660.658 5.94120024528 6.77638507976 7.85305070106 1.48530006132 1.69409626994 1.96326267526
84412096 8 190502.535 306678.626 312017.302 4.32858539364 4.40393761253 7.08963550538 1.08214634841 1.10098440313 1.77240887634
92853280 8 193004.412 221888.33 257509.981 5.76930056936 6.69549624354 7.69750527775 1.44232514234 1.67387406088 1.92437631944
102138592 8 228528.87 300001.711 554040.119 2.94963742869 5.44736050522 7.15103291764 0.737409357173 1.36184012631 1.78775822941
112352448 8 234781.799 249089.754 574185.377 3.13076445345 7.21683304565 7.65663767659 0.782691113361 1.80420826141 1.91415941915
123587680 8 273891.597 343943.552 594682.373 3.32514123468 5.7492075909 7.2196551543 0.83128530867 1.43730189773 1.80491378857
135946432 4 144809.704 146857.036 164922.159 6.59445318079 7.40564759866 7.5103492788 1.6486132952 1.85141189967 1.8775873197
149541056 4 155965.788 168173.336 364831.63 3.27912480615 7.11366306012 7.67045429219 0.819781201537 1.77841576503 1.91761357305
164495136 4 170206.248 186437.665 209207.616 6.29021597378 7.0584508125 7.73156745691 1.57255399345 1.76461270313 1.93289186423
180944640 4 187187.286 204781.555 208400.135 6.94604693994 7.0687866395 7.73320213639 1.73651173499 1.76719665987 1.9333005341
199039104 4 204537.162 220876.507 264903.864 6.01090828936 7.20906380505 7.7849561245 1.50272707234 1.80226595126 1.94623903113
218943008 4 226025.46 226234.673 257088.84 6.81299143129 7.74215570396 7.74932197461 1.70324785782 1.93553892599 1.93733049365
240837280 4 249976.874 252282.963 273562.538 7.04299007491 7.63705252661 7.70750593513 1.76074751873 1.90926313165 1.92687648378
264920992 4 275911.07 283323.437 389403.729 5.44259794698 7.48038340365 7.68134434041 1.36064948674 1.87009585091 1.9203360851
291413088 2 152203.236 153341.478 243415.726 4.7887306673 7.60167677528 7.65852542058 1.19718266683 1.90041919382 1.91463135514
320554368 2 166647.54 199614.75 299512.997 4.28100778545 6.42346055089 7.69418781699 1.07025194636 1.60586513772 1.92354695425
352609792 2 183550.397 192913.728 195684.506 7.20772020652 7.31124312729 7.68420657788 1.80193005163 1.82781078182 1.92105164447
387870752 2 201163.435 205687.94 258531.233 6.00114342084 7.54289730356 7.71254978819 1.50028585521 1.88572432589 1.92813744705
426657824 2 220690.954 231177.693 253514.608 6.73188543044 7.38233552664 7.73312754813 1.68297135761 1.84558388166 1.93328188703
469323584 2 241527.972 245873.595 264468.547 7.09836522072 7.63520107151 7.77257524441 1.77459130518 1.90880026788 1.9431438111
516255936 2 268606.538 275308.245 285971.925 7.22107159295 7.50076970633 7.68791318103 1.80526789824 1.87519242658 1.92197829526
567881504 1 148768.68 149797.548 155930.546 7.28377496992 7.5819866424 7.63442283685 1.82094374248 1.8954966606 1.90860570921
624669632 1 160258.167 162993.782 176742.916 7.06868084037 7.66495045805 7.79579154927 1.76717021009 1.91623761451 1.94894788732
687136576 1 178804.683 189497.02 222624.792 6.17304631552 7.25221511135 7.68589015087 1.54326157888 1.81305377784 1.92147253772
755850208 1 195951.0 205792.549 209893.276 7.20223365326 7.34574902418 7.71468589596 1.80055841331 1.83643725604 1.92867147399
831435200 1 214514.119 216672.912 250308.744 6.64327731196 7.67456524515 7.75179931163 1.66081932799 1.91864131129 1.93794982791
914578720 1 235852.141 241943.596 250452.918 7.30339839762 7.56026392201 7.75552612007 1.8258495994 1.8900659805 1.93888153002
1006036576 1 264635.868 269386.54 271795.363 7.40289727459 7.46909311802 7.60317627087 1.85072431865 1.8672732795 1.90079406772

META_DATA
ERT_VERSION  1.1.0
TIMESTAMP_DATA  1535257385.87
UNAME  ('Linux', 'atajo-Inspiron-15-7568', '4.15.0-33-generic', '#36-Ubuntu SMP Wed Aug 15 16:00:05 UTC 2018', 'x86_64', 'x86_64')
HOSTNAME  ('atajo-Inspiron-15-7568', [], ['127.0.1.1'])
FLOPS          4
TIMESTAMP_DATA  1535257470.06
MPI_PROCS      4
CONFIG  {'ERT_WORKING_SET_MIN': ['1'], 'ERT_CFLAGS': [], 'ERT_CC': ['mpicc'], 'ERT_MPI_CFLAGS': ['-I/usr/include/mpi'], 'ERT_MPI_LDFLAGS': ['-lmpi'], 'ERT_MEMORY_MAX': ['1073741824'], 'ERT_PROCS_THREADS': ['1-4'], 'ERT_LDFLAGS': [], 'ERT_LDLIBS': [], 'ERT_RUN': ['export', 'OMP_NUM_THREADS=ERT_OPENMP_THREADS;', 'mpirun', '-np', 'ERT_MPI_PROCS', 'ERT_CODE'], 'ERT_FLOPS': ['1,2,4,8,16,32'], 'ERT_OPENMP_CFLAGS': ['-fopenmp'], 'ERT_MPI': ['True'], 'ERT_TRIALS_MIN': ['1'], 'ERT_DRIVER': ['driver1'], 'ERT_RESULTS': ['Results/myLaptop'], 'ERT_OPENMP': ['False'], 'ERT_MPI_PROCS': ['1,2,4,8'], 'ERT_KERNEL': ['kernel1'], 'ERT_GPU': [False], 'ERT_OPENMP_THREADS': ['1,2,4,8'], 'ERT_LD': ['mpicc'], 'ERT_NUM_EXPERIMENTS': ['3'], 'ERT_OPENMP_LDFLAGS': ['-fopenmp'], 'ERT_ALIGN': ['64'], 'ERT_GNUPLOT': ['gnuplot']}
TIMESTAMP_DATA  1535257549.24
