32 33554432 906589.851 948210.574 1385663.43 1.54978734482 2.26477504774 2.36874882907 0.774893672412 1.13238752387 1.18437441453
64 16777216 698992.062 897131.308 1016936.547 2.11171842957 2.39372277932 3.07225756163 1.05585921478 1.19686138966 1.53612878082
96 8388608 519689.619 605769.977 849460.3 1.89604238833 2.65878600319 3.09918204466 0.948021194163 1.32939300159 1.54959102233
128 8388608 852399.4 865344.05 918038.717 2.3392081491 2.48165298877 2.51933969921 1.16960407455 1.24082649439 1.2596698496
160 4194304 455923.527 518031.359 705190.69 1.90328275604 2.59091897948 2.94386492584 0.951641378022 1.29545948974 1.47193246292
192 4194304 513320.02 585328.165 859315.223 1.87429792106 2.75164058781 3.13763865278 0.937148960528 1.3758202939 1.56881932639
224 4194304 512263.371 702018.047 871513.505 2.1560746692 2.67663801526 3.66812912727 1.0780373346 1.33831900763 1.83406456364
256 4194304 632635.843 828880.256 1041931.342 2.06106061065 2.59082495023 3.3945020216 1.03053030533 1.29541247512 1.6972510108
288 2097152 418685.204 448488.369 514773.191 2.34658597829 2.69340218274 2.88512596208 1.17329298914 1.34670109137 1.44256298104
320 2097152 361675.551 392420.846 489613.101 2.74130181006 3.42024969795 3.71099809287 1.37065090503 1.71012484897 1.85549904644
352 2097152 408903.317 501472.226 603225.082 2.44750268524 2.94412119247 3.61062125598 1.22375134262 1.47206059623 1.80531062799
384 2097152 459424.727 716473.269 737133.798 2.18496661036 2.24797324016 3.50571626067 1.09248330518 1.12398662008 1.75285813034
416 2097152 522155.418 684167.044 738911.283 2.36135312066 2.55029890624 3.34159218472 1.18067656033 1.27514945312 1.67079609236
448 2097152 598229.908 746081.455 892206.306 2.10606916737 2.5185563579 3.14101345799 1.05303458369 1.25927817895 1.57050672899
480 2097152 596988.714 814110.0 979342.484 2.05573224167 2.4729654715 3.37236847663 1.02786612084 1.23648273575 1.68618423832
512 2097152 675182.752 775982.572 1497252.726 1.434282677 2.76743798829 3.18059612992 0.717141338502 1.38371899414 1.59029806496
544 1048576 342397.533 453903.679 681962.913 1.67289256681 2.5134202272 3.33194774508 0.836446283407 1.2567101136 1.66597387254
576 1048576 382550.564 431168.48 743535.532 1.62461577156 2.80159521865 3.15764676797 0.812307885778 1.40079760932 1.57882338399
608 1048576 368510.692 451465.837 712436.965 1.78972804422 2.82428549738 3.46005813042 0.89486402211 1.41214274869 1.73002906521
640 1048576 382011.387 495313.737 646558.099 2.075880392 2.709751779 3.51344835697 1.037940196 1.3548758895 1.75672417849
704 1048576 442846.45 596720.512 666491.499 2.21517455244 2.47418176233 3.33387567632 1.10758727622 1.23709088117 1.66693783816
768 1048576 491894.244 496496.881 737934.714 2.18259516112 3.24395338145 3.27430693822 1.09129758056 1.62197669073 1.63715346911
832 1048576 541502.393 559815.441 725305.974 2.40564744611 3.11679588702 3.22220268378 1.20282372305 1.55839794351 1.61110134189
896 1048576 447431.182 525828.136 600362.6 3.12985551065 3.57350256358 4.19963620685 1.56492775533 1.78675128179 2.09981810342
960 1048576 561022.111 575401.432 1004116.279 2.00501272821 3.49888931107 3.58856786662 1.00250636411 1.74944465554 1.79428393331
1056 524288 314398.188 345400.171 663733.235 1.66828508444 3.20583586509 3.52195495478 0.834142542222 1.60291793254 1.76097747739
1152 524288 343690.496 364650.485 692332.189 1.74476872691 3.31265033694 3.51467255004 0.872384363455 1.65632516847 1.75733627502
1248 524288 347756.789 405660.532 624873.632 2.09421998463 3.22590625602 3.76304040465 1.04710999231 1.61295312801 1.88152020233
1344 524288 412675.668 447467.181 683890.931 2.06068845209 3.14947375772 3.41499694138 1.03034422604 1.57473687886 1.70749847069
1472 524288 459362.801 471119.299 844666.377 1.82735327702 3.27624844764 3.36009765841 0.91367663851 1.63812422382 1.6800488292
1600 524288 437460.141 505037.69 1005226.714 1.66899822362 3.32197305908 3.83514163408 0.834499111809 1.66098652954 1.91757081704
1760 524288 521309.756 551691.101 731536.531 2.52276363762 3.34515774616 3.54010976921 1.26138181881 1.67257887308 1.7700548846
1920 524288 531333.026 603317.296 720745.948 2.79330869023 3.33699354112 3.78908485165 1.39665434512 1.66849677056 1.89454242583
2112 262144 247175.412 342731.144 344985.263 3.20969147021 3.23080138874 4.47979937422 1.60484573511 1.61540069437 2.23989968711
2304 262144 256851.839 334448.093 348900.823 3.4621860207 3.61179978981 4.70294297562 1.73109301035 1.80589989491 2.35147148781
2528 262144 297065.344 377215.599 378365.665 3.50296072452 3.51364065408 4.46164485616 1.75148036226 1.75682032704 2.23082242808
2752 262144 324921.237 443405.286 549683.283 2.62485802393 3.25399949337 4.4405856303 1.31242901196 1.62699974668 2.22029281515
3008 262144 372809.048 451961.426 599538.252 2.63045485211 3.48936482911 4.23020394076 1.31522742606 1.74468241456 2.11510197038
3296 262144 415494.544 653935.28 735346.394 2.3499853431 2.6425447607 4.15902753226 1.17499267155 1.32127238035 2.07951376613
3616 262144 451877.686 610238.756 797566.751 2.37701158633 3.10669453449 4.19543931187 1.18850579317 1.55334726725 2.09771965593
3968 262144 601724.049 708220.422 816631.348 2.54750786765 2.93746793989 3.45735688553 1.27375393383 1.46873396994 1.72867844277
4352 131072 336297.98 389118.453 554356.259 2.05797385612 2.93188534032 3.39238043595 1.02898692806 1.46594267016 1.69619021797
4768 131072 361531.365 433561.979 580848.842 2.15185518438 2.88286946859 3.45724524344 1.07592759219 1.44143473429 1.72862262172
5216 131072 288679.587 341337.8 563804.511 2.42520781108 4.00583557989 4.73654240055 1.21260390554 2.00291778994 2.36827120028
5728 131072 309003.019 417700.568 660632.462 2.27291409122 3.59482592803 4.85937269111 1.13645704561 1.79741296402 2.42968634556
6272 131072 345630.588 443942.475 1282877.791 1.28162415745 3.70355904332 4.75700711998 0.640812078724 1.85177952166 2.37850355999
6880 131072 371313.448 512923.848 1229989.389 1.46631404801 3.51621537394 4.85721896073 0.733157024007 1.75810768697 2.42860948037
7552 131072 417767.163 634434.162 1020545.03 1.93985706638 3.12043645594 4.73879151675 0.969928533188 1.56021822797 2.36939575837
8288 65536 267146.174 330408.283 542423.726 2.00272348706 3.2878253721 4.06640574235 1.00136174353 1.64391268605 2.03320287117
9088 65536 316854.013 381149.054 444324.398 2.68088437493 3.12524017441 3.75940429071 1.34044218747 1.56262008721 1.87970214535
9984 65536 315967.184 411766.302 450047.072 2.90774661011 3.17807174031 4.14164164592 1.45387330506 1.58903587016 2.07082082296
10976 65536 334272.213 379392.835 445507.844 3.22922770356 3.79197006185 4.30381651855 1.61461385178 1.89598503092 2.15190825927
12064 65536 434730.681 458034.284 504590.836 3.13373231376 3.45225818948 3.63731541644 1.56686615688 1.72612909474 1.81865770822
13248 65536 409721.726 810575.892 842181.029 2.06183919633 2.14223229822 4.2381005102 1.03091959817 1.07111614911 2.1190502551
14560 65536 398121.148 823344.596 837801.487 2.27787650131 2.3178731351 4.79353666487 1.13893825066 1.15893656755 2.39676833244
16000 65536 429325.44 947415.947 1003246.901 2.09036479246 2.21354939891 4.88476061423 1.04518239623 1.10677469946 2.44238030712
17600 32768 241703.801 482694.146 560289.594 2.05863826912 2.38957445322 4.77209541277 1.02931913456 1.19478722661 2.38604770638
19360 32768 314253.072 373126.446 394626.551 3.21513328686 3.40039408517 4.03743693554 1.60756664343 1.70019704259 2.01871846777
21280 32768 283571.511 401174.311 429238.638 3.24902270331 3.4763095287 4.91800489789 1.62451135166 1.73815476435 2.45900244894
23392 32768 318013.82 444405.291 505132.395 3.03488377933 3.4495946449 4.82060217383 1.51744188967 1.72479732245 2.41030108692
25728 32768 348920.891 447602.282 474624.456 3.55251438624 3.76698304679 4.83235670747 1.77625719312 1.8834915234 2.41617835373
28288 32768 375888.031 512294.475 519276.365 3.57012660879 3.61878266987 4.93200691458 1.78506330439 1.80939133493 2.46600345729
31104 32768 415968.612 587290.951 699253.973 2.91515218034 3.47090609949 4.90044605577 1.45757609017 1.73545304974 2.45022302789
34208 16384 228417.221 291277.006 516326.512 2.17096685517 3.84832211575 4.90736967682 1.08548342759 1.92416105788 2.45368483841
37600 16384 250048.973 329964.584 506582.272 2.43213564331 3.73396679445 4.92734197313 1.21606782165 1.86698339722 2.46367098656
41344 16384 441611.727 585226.646 726471.259 1.8648503643 2.31493251591 3.06776317106 0.93242518215 1.15746625795 1.53388158553
45472 16384 389115.13 662302.696 683268.705 2.18073282897 2.24976661729 3.82926897754 1.09036641448 1.12488330864 1.91463448877
50016 16384 483957.98 609637.511 797679.563 2.05461486544 2.68835866958 3.38650121649 1.02730743272 1.34417933479 1.69325060824
55008 16384 481228.959 603684.533 699761.257 2.57588159671 2.98583456336 3.74562276498 1.28794079836 1.49291728168 1.87281138249
60480 16384 545172.646 583957.676 861959.444 2.29919012292 3.39375389938 3.6351945655 1.14959506146 1.69687694969 1.81759728275
66528 8192 344309.713 352486.731 460486.395 2.36705093535 3.09230009569 3.16573919017 1.18352546767 1.54615004784 1.58286959508
73152 8192 361618.302 379326.778 458347.674 2.61487607767 3.15960390226 3.31432994782 1.30743803884 1.57980195113 1.65716497391
80448 8192 403392.053 409182.51 619011.209 2.1292991352 3.22120325231 3.2674417411 1.0646495676 1.61060162615 1.63372087055
88480 8192 491379.536 622594.205 794898.908 1.82369897028 2.32841280622 2.95017641923 0.911849485142 1.16420640311 1.47508820962
97312 8192 459505.834 709343.605 800135.051 1.99261337946 2.24765515155 3.46972701983 0.996306689732 1.12382757578 1.73486350992
107040 8192 598480.44 803116.181 847362.955 2.06964837164 2.18367329845 2.93032694602 1.03482418582 1.09183664922 1.46516347301
117728 8192 655086.877 669986.977 752727.567 2.56248825812 2.87894484254 2.94442709772 1.28124412906 1.43947242127 1.47221354886
129472 8192 686469.823 945001.051 1102632.447 1.92382262446 2.24472686645 3.09011288906 0.961911312229 1.12236343322 1.54505644453
142400 4096 460553.832 534887.538 982408.312 1.18742969268 2.18090854082 2.53290868287 0.593714846338 1.09045427041 1.26645434143
156640 4096 459305.704 574227.763 935269.582 1.37200536048 2.23464444369 2.7937708346 0.686002680241 1.11732222184 1.3968854173
172288 4096 433422.979 559271.068 1494936.806 0.944109002023 2.52361221017 3.25636471619 0.472054501011 1.26180610509 1.62818235809
189504 4096 537872.873 665717.132 1095737.763 1.41677764555 2.33194654813 2.88621502576 0.708388822773 1.16597327407 1.44310751288
208448 4096 680728.505 809030.22 1004384.934 1.70015096622 2.11068260961 2.50849788639 0.850075483112 1.0553413048 1.2542489432
229280 4096 820584.714 858585.119 911110.749 2.06150762908 2.18762440489 2.28893096344 1.03075381454 1.09381220245 1.14446548172
252192 4096 655217.593 715179.433 1082876.584 1.90784147938 2.8887252187 3.15308515228 0.953920739688 1.44436260935 1.57654257614
277408 2048 237085.421 372724.886 606951.417 1.87208256901 3.04853045954 4.79263196871 0.936041284504 1.52426522977 2.39631598436
305120 2048 438917.987 445612.745 702125.916 1.77998203957 2.8046134991 2.84739189784 0.889991019787 1.40230674955 1.42369594892
335616 2048 463918.989 695380.434 704397.153 1.95157395249 1.97687922867 2.96319652481 0.975786976243 0.988439614336 1.48159826241
369152 2048 483777.082 703079.555 721178.031 2.09663429417 2.15060526401 3.1255027331 1.04831714709 1.075302632 1.56275136655
406048 2048 619400.014 694477.69 873353.138 1.90435293083 2.39485390524 2.68513492155 0.952176465415 1.19742695262 1.34256746078
446624 2048 664558.2 794905.412 905258.349 2.02082853588 2.30137054847 2.75276402277 1.01041426794 1.15068527424 1.37638201139
491264 2048 672592.661 934385.994 974361.017 2.0651661026 2.15351830712 2.99173253096 1.0325830513 1.07675915356 1.49586626548
540384 1024 460139.204 461584.861 588221.892 1.88144380046 2.39762289778 2.40515570588 0.940721900231 1.19881144889 1.20257785294
594400 1024 274880.521 443986.981 564123.617 2.15791568251 2.7418173327 4.42858299152 1.07895784126 1.37090866635 2.21429149576
653824 1024 281019.235 452047.267 673939.409 1.98687231243 2.96214942496 4.7649106724 0.993436156217 1.48107471248 2.3824553362
719200 1024 374790.111 487432.684 723379.662 2.03616672872 3.02179490286 3.92999056477 1.01808336436 1.51089745143 1.96499528239
791104 1024 389973.757 669811.22 677276.535 2.39220009593 2.41886212656 4.15458979718 1.19610004797 1.20943106328 2.07729489859
870208 1024 421225.002 599012.268 727207.001 2.4507272091 2.97520781995 4.2309596428 1.22536360455 1.48760390998 2.1154798214
957216 1024 713855.678 983881.346 1054509.939 1.85904209671 1.99249470068 2.74618305691 0.929521048355 0.996247350339 1.37309152845
1052928 512 405490.867 522399.539 572301.116 1.88397024199 2.06393419501 2.65899520741 0.941985120994 1.03196709751 1.3294976037
1158208 512 547961.792 663457.899 692489.446 1.71266868954 1.78761153313 2.16439359334 0.856334344769 0.893805766566 1.08219679667
1274016 512 585142.295 729492.66 739729.226 1.76360800432 1.78835573753 2.22953014189 0.881804002158 0.894177868767 1.11476507095
1401408 512 569394.592 755288.85 813285.755 1.76449886547 1.89999070157 2.52029403188 0.882249432735 0.949995350785 1.26014701594
1541536 512 665609.447 737959.909 857979.512 1.83982582558 2.13904962146 2.3715601861 0.919912912792 1.06952481073 1.18578009305
1695680 512 724198.223 846820.827 927944.929 1.87120621681 2.05046482637 2.39765338391 0.935603108404 1.02523241318 1.19882669196
1865248 512 785654.64 902959.604 935627.904 2.04142474143 2.11528172859 2.4311114003 1.02071237072 1.0576408643 1.21555570015
2051744 512 830416.526 893107.502 1330493.528 1.5791026501 2.352444528 2.53003858933 0.789551325048 1.176222264 1.26501929467
2256896 256 545770.643 658714.112 661825.282 1.74597553679 1.7542219469 2.11724607547 0.872987768394 0.877110973448 1.05862303774
2482560 256 544395.998 746540.276 767489.79 1.65614023347 1.70261506427 2.33482745037 0.828070116737 0.851307532134 1.16741372518
2730816 256 704623.392 761831.957 853900.658 1.63740100081 1.83528372517 1.9842909104 0.818700500404 0.917641862587 0.992145455199
3003872 256 737249.633 753804.759 788417.521 1.9507208085 2.0402928552 2.08610814459 0.97536040425 1.0201464276 1.0430540723
3304256 256 844911.702 905908.453 912252.209 1.85450805743 1.86749452044 2.00231464187 0.927254028716 0.933747260221 1.00115732093
3634656 256 599568.138 937131.458 987583.634 1.88434053374 1.98578743261 3.10380714727 0.942170266868 0.992893716305 1.55190357364
3998112 256 862557.945 1024347.177 1142078.949 1.79237463907 1.99837846969 2.37321255443 0.896187319534 0.999189234843 1.18660627722
4397920 128 471300.883 496966.133 613684.497 1.83460316417 2.26548137839 2.38885086069 0.917301582086 1.13274068919 1.19442543035
4837696 128 640979.153 646746.938 702448.69 1.76304717146 1.91489144089 1.93212239463 0.88152358573 0.957445720447 0.966061197313
5321440 128 606770.227 739386.63 773256.479 1.76175522223 1.842457768 2.24514746997 0.880877611114 0.921228884001 1.12257373498
5853568 128 723684.056 799984.111 963750.767 1.5548764881 1.87317896368 2.07067351502 0.777438244052 0.936589481838 1.03533675751
6438912 128 884054.292 923988.525 1029644.881 1.60090289615 1.78396314175 1.86454778504 0.800451448076 0.891981570875 0.932273892518
7082784 128 826112.308 940861.555 1148414.432 1.57886617712 1.92716207221 2.19485012684 0.789433088559 0.963581036107 1.09742506342
7791040 128 806702.571 856967.52 1148978.354 1.73589540052 2.32740003962 2.47241835058 0.867947700258 1.16370001981 1.23620917529
8570144 64 464751.431 499087.951 574407.323 1.90975704535 2.19796616969 2.36035514649 0.954878522675 1.09898308485 1.18017757325
9427136 64 433935.686 511337.168 573239.261 2.10500830996 2.35983903286 2.78076555335 1.05250415498 1.17991951643 1.39038277668
10369824 64 541828.904 552185.057 687772.125 1.92990879356 2.40379100299 2.44973544638 0.964954396778 1.20189550149 1.22486772319
11406784 64 577961.226 643647.228 658590.166 2.21696045185 2.26842948821 2.52623928097 1.10848022593 1.13421474411 1.26311964049
12547456 64 617642.238 735064.915 916128.602 1.7531101687 2.18494222106 2.60033117748 0.876555084348 1.09247111053 1.30016558874
13802176 64 749125.793 855173.369 1080471.234 1.6351000123 2.06587177763 2.35832025076 0.817550006149 1.03293588882 1.17916012538
15182368 64 697673.875 859141.938 1275829.493 1.52319970236 2.26195814457 2.7854606194 0.76159985118 1.13097907228 1.3927303097
16700576 64 879299.956 993769.622 1163123.566 1.83787328405 2.15107574299 2.43110864889 0.918936642025 1.07553787149 1.21555432444
18370624 32 396555.797 399844.063 576004.888 2.04116312291 2.94044615088 2.96482851819 1.02058156145 1.47022307544 1.4824142591
20207680 32 360495.787 522498.566 738157.718 1.75205310256 2.47520587454 3.58753574005 0.87602655128 1.23760293727 1.79376787003
22228448 32 326087.994 755425.393 918041.003 1.54962650617 1.88320472833 4.3626895138 0.774813253085 0.941602364166 2.1813447569
24451264 32 562538.782 771523.003 824971.426 1.89689102759 2.02830102267 2.78181868712 0.948445513796 1.01415051134 1.39090934356
26896384 32 597562.881 670985.655 1003333.163 1.71565003478 2.56543275281 2.88064843171 0.857825017392 1.2827163764 1.44032421585
29586016 32 921618.397 980713.25 1027504.157 1.84281981839 1.93074277726 2.0545434316 0.921409909196 0.96537138863 1.0272717158
32544608 32 935560.71 982832.053 1051462.293 1.98091260701 2.11923787553 2.22631721249 0.990456303505 1.05961893776 1.11315860624
35799040 16 532313.527 540063.336 552331.562 2.07406086998 2.12117580224 2.15205742837 1.03703043499 1.06058790112 1.07602871418
39378944 16 273848.289 526286.999 762821.222 1.65192861926 2.39437077183 4.60154858956 0.82596430963 1.19718538592 2.30077429478
43316832 16 299959.944 629423.774 704189.802 1.96841621401 2.20223429946 4.62107908648 0.984208107007 1.10111714973 2.31053954324
47648512 16 331959.813 780412.875 851617.318 1.79041965419 1.95377656218 4.5931836454 0.895209827097 0.976888281091 2.2965918227
52413344 16 455390.706 859788.974 895008.123 1.87397964879 1.9507426342 3.68305058909 0.936989824393 0.975371317102 1.84152529455
57654656 16 406263.286 1029725.25 1030789.747 1.78984026313 1.7916905427 4.54126438587 0.894920131564 0.895845271348 2.27063219294
63420096 16 449178.076 1107338.324 1142835.391 1.77579648651 1.83272178702 4.51812584014 0.887898243256 0.916360893511 2.25906292007
69762080 8 243774.305 467885.426 608478.757 1.83439975046 2.38561241273 4.5787979172 0.917199875229 1.19280620636 2.2893989586
76738272 8 281001.954 476470.412 703839.302 1.74444983182 2.57689107461 4.36940859137 0.872224915908 1.28844553731 2.18470429569
84412096 8 304403.02 577792.484 676378.074 1.99680265804 2.33750623866 4.43685984456 0.998401329018 1.16875311933 2.21842992228
92853280 8 338021.469 626759.873 762982.969 1.94716335798 2.37036948918 4.3951423689 0.97358167899 1.18518474459 2.19757118445
102138592 8 380220.917 552417.337 764497.558 2.1376359609 2.95830228804 4.29807356443 1.06881798045 1.47915114402 2.14903678221
112352448 8 413103.654 704296.527 904933.054 1.98648856957 2.55238965277 4.35154506767 0.993244284787 1.27619482639 2.17577253383
123587680 8 603692.084 738030.413 1118502.041 1.76790279098 2.67929728256 3.27551566835 0.88395139549 1.33964864128 1.63775783417
135946432 4 455848.475 473143.016 781194.087 1.3921911009 2.29861039733 2.38581791022 0.696095550452 1.14930519866 1.19290895511
149541056 4 295394.755 365400.422 722685.697 1.65539245202 3.2740204334 4.04993124539 0.827696226012 1.6370102167 2.0249656227
164495136 4 370147.135 548798.542 802845.691 1.63912082079 2.39789465038 3.55523780564 0.819560410395 1.19894732519 1.77761890282
180944640 4 355170.292 621741.062 823126.908 1.75860745886 2.32823149133 4.07567060817 0.879303729432 1.16411574566 2.03783530409
199039104 4 350270.705 808188.596 822214.418 1.93661506919 1.9702243262 4.54594920235 0.968307534593 0.985112163102 2.27297460117
218943008 4 386037.016 791473.094 816288.072 2.14574256819 2.2130178237 4.53724381705 1.0728712841 1.10650891185 2.26862190853
240837280 4 493695.881 983453.974 1142317.848 1.6866568647 1.95911378767 3.90260140736 0.843328432351 0.979556893834 1.95130070368
264920992 4 459351.976 986987.381 1215332.003 1.74385923416 2.14731006373 4.61382131074 0.871929617079 1.07365503187 2.30691065537
291413088 2 257382.738 469682.032 718200.235 1.62301861681 2.48179038708 4.52886763525 0.811509308403 1.24089519354 2.26443381762
320554368 2 304969.703 357860.016 793157.119 1.61659958826 3.58301406883 4.20440935407 0.808299794129 1.79150703442 2.10220467703
352609792 2 329818.676 336578.282 691456.095 2.03981016033 4.190523404 4.2764078284 1.01990508016 2.095261702 2.1382039142
387870752 2 370311.175 374863.263 675444.237 2.29698163521 4.13879715922 4.18967374668 1.14849081761 2.06939857961 2.09483687334
426657824 2 401976.187 492277.427 776173.129 2.19877657733 3.46680794689 4.24560297648 1.09938828867 1.73340397345 2.12280148824
469323584 2 443006.721 589055.645 893906.908 2.10010049055 3.18695585372 4.23762044007 1.05005024528 1.59347792686 2.11881022004
516255936 2 452739.594 478530.822 944000.838 2.18752321065 4.31534114223 4.56117329115 1.09376160533 2.15767057111 2.28058664558
567881504 1 239424.507 266277.646 500835.949 2.26773459507 4.26533366605 4.74372077542 1.13386729753 2.13266683302 2.37186038771
624669632 1 273521.538 546675.629 548372.821 2.27826620167 2.28533923542 4.56760836143 1.13913310084 1.14266961771 2.28380418072
687136576 1 315140.747 444114.544 601816.328 2.28354248308 3.09441149939 4.36082342598 1.14177124154 1.5472057497 2.18041171299
755850208 1 387838.479 450820.376 634646.142 2.38195793838 3.35322114189 3.89775769516 1.19097896919 1.67661057095 1.94887884758
831435200 1 363493.948 399341.568 725270.897 2.29275765356 4.16403032704 4.57468524345 1.14637882678 2.08201516352 2.28734262173
914578720 1 427166.232 440865.038 812465.578 2.25136607572 4.14901904741 4.28207405683 1.12568303786 2.07450952371 2.14103702841
1006036576 1 518919.128 719259.446 875645.728 2.29781644295 2.79742332644 3.87743107439 1.14890822148 1.39871166322 1.93871553719

META_DATA
ERT_VERSION  1.1.0
FLOPS          8
TIMESTAMP_DATA  1535259425.15
UNAME  ('Linux', 'atajo-Inspiron-15-7568', '4.15.0-33-generic', '#36-Ubuntu SMP Wed Aug 15 16:00:05 UTC 2018', 'x86_64', 'x86_64')
HOSTNAME  ('atajo-Inspiron-15-7568', [], ['127.0.1.1'])
TIMESTAMP_DATA  1535259861.92
TIMESTAMP_DATA  1535259657.43
MPI_PROCS      4
CONFIG  {'ERT_WORKING_SET_MIN': ['1'], 'ERT_CFLAGS': [], 'ERT_CC': ['mpicc'], 'ERT_MPI_CFLAGS': ['-I/usr/include/mpi'], 'ERT_MPI_LDFLAGS': ['-lmpi'], 'ERT_MEMORY_MAX': ['1073741824'], 'ERT_PROCS_THREADS': ['1-4'], 'ERT_LDFLAGS': [], 'ERT_LDLIBS': [], 'ERT_RUN': ['export', 'OMP_NUM_THREADS=ERT_OPENMP_THREADS;', 'mpirun', '-np', 'ERT_MPI_PROCS', 'ERT_CODE'], 'ERT_FLOPS': ['1,2,4,8,16,32'], 'ERT_OPENMP_CFLAGS': ['-fopenmp'], 'ERT_MPI': ['True'], 'ERT_TRIALS_MIN': ['1'], 'ERT_DRIVER': ['driver1'], 'ERT_RESULTS': ['Results/myLaptop'], 'ERT_OPENMP': ['False'], 'ERT_MPI_PROCS': ['1,2,4,8'], 'ERT_KERNEL': ['kernel1'], 'ERT_GPU': [False], 'ERT_OPENMP_THREADS': ['1,2,4,8'], 'ERT_LD': ['mpicc'], 'ERT_NUM_EXPERIMENTS': ['3'], 'ERT_OPENMP_LDFLAGS': ['-fopenmp'], 'ERT_ALIGN': ['64'], 'ERT_GNUPLOT': ['gnuplot']}
