16 67108864 315859.46 316198.219 322049.199 6.66818503095 6.79157414229 6.79885809974 0.416761564434 0.424473383893 0.424928631234
32 33554432 226410.106 226695.537 226750.529 9.47068859098 9.47298599884 9.4849284157 0.591918036937 0.592061624927 0.592808025981
48 16777216 154678.26 154693.735 155475.485 10.3592713411 10.4116222677 10.4126639128 0.647454458817 0.650726391731 0.650791494551
64 16777216 198591.719 198915.096 198946.579 10.7942728083 10.7959812562 10.8135609018 0.674642050517 0.674748828515 0.675847556363
80 8388608 121709.233 121789.842 121917.345 11.0089116524 11.0204369918 11.0277359155 0.688056978275 0.688777311986 0.689233494718
96 8388608 143751.989 144311.165 144472.49 11.1482313069 11.1606938798 11.2041074854 0.69676445668 0.697543367487 0.700256717839
112 8388608 166946.077 167123.245 168358.754 11.1609770645 11.2434879541 11.2554198683 0.697561066531 0.702717997128 0.703463741769
128 8388608 189795.383 190006.748 190133.629 11.2946019034 11.3021441112 11.3147307066 0.705912618961 0.706384006951 0.707170669162
144 4194304 106334.0 106405.721 106452.015 11.3474559594 11.3523929038 11.3600499558 0.709215997461 0.709524556485 0.710003122237
160 4194304 117695.335 118021.164 118119.618 11.3628650577 11.3723440314 11.403827348 0.710179066106 0.710771501966 0.712739209247
176 4194304 129095.699 129242.675 129396.371 11.4098640989 11.4234327632 11.4364383898 0.713116506181 0.713964547701 0.714777399362
192 4194304 140579.092 140631.56 140712.603 11.4461157115 11.4527118664 11.4569863348 0.715382231967 0.715794491649 0.716061645924
208 4194304 152090.872 152195.319 152443.645 11.4457409097 11.4644160902 11.472289172 0.715358806856 0.716526005639 0.717018073248
224 4194304 163342.3 163380.699 163445.052 11.4965131646 11.5010414541 11.5037451536 0.718532072785 0.718815090882 0.718984072099
240 4194304 174952.621 175108.539 175171.68 11.4931016246 11.4972458311 11.5074921913 0.71831885154 0.718577864441 0.719218261954
256 4194304 186370.94 186643.507 187678.346 11.4423623917 11.5058042067 11.5226314145 0.715147649479 0.719112762921 0.720164463408
272 2097152 98978.05 99222.52 100379.783 11.3653432385 11.4979007588 11.5262999018 0.710333952406 0.718618797426 0.720393743865
288 2097152 104667.33 104698.473 104743.022 11.5326016849 11.5375087849 11.5409416864 0.720787605307 0.721094299054 0.721308855399
304 2097152 128699.278 130033.925 130220.948 9.79157682065 9.80565968458 9.90734707929 0.611973551291 0.612853730286 0.619209192456
320 2097152 134784.099 134905.226 136101.436 9.86159528838 9.9490384457 9.95797939043 0.616349705524 0.621814902856 0.622373711902
352 2097152 127646.903 127956.489 127991.617 11.5350914584 11.5382581965 11.5662422926 0.720943216148 0.721141137281 0.722890143288
384 2097152 139130.6 139330.896 139338.885 11.5589609892 11.5596237607 11.5762652932 0.722435061828 0.722476485043 0.723516580824
416 2097152 150637.262 150695.803 150746.505 11.5745997826 11.5784940872 11.5829937483 0.723412486412 0.723655880449 0.723937109266
448 2097152 162137.025 162158.758 162238.63 11.5820023382 11.5877071037 11.5892603309 0.723875146135 0.72423169398 0.72432877068
480 2097152 173560.964 173688.613 173823.139 11.5822665014 11.5912372448 11.5997622599 0.723891656335 0.724452327799 0.724985141244
528 1048576 103779.054 104449.66 104623.176 10.5836612721 10.6012432783 10.6697470571 0.661478829509 0.662577704896 0.666859191066
576 1048576 104138.822 104218.557 104239.675 11.5882896987 11.5906378554 11.5995123509 0.72426810617 0.724414865963 0.724969521933
624 1048576 112636.726 112709.701 112718.143 11.6096913343 11.6105609046 11.6180831463 0.725605708391 0.725660056538 0.726130196647
672 1048576 133258.368 133276.475 133594.497 10.5489834959 10.5741552963 10.5755921009 0.659311468496 0.660884706022 0.660974506306
736 1048576 132806.412 132884.0 132914.633 11.6127459946 11.6154230156 11.6222089638 0.725796624665 0.725963938473 0.726388060239
800 1048576 144286.33 144380.69 144543.749 11.6070159492 11.6201245471 11.627723846 0.725438496825 0.726257784195 0.726732740378
880 1048576 158617.731 158694.364 160187.777 11.5208150994 11.6292331592 11.6348515917 0.720050943712 0.726827072447 0.727178224482
960 1048576 173138.317 174302.907 176943.741 11.3780001972 11.5503863627 11.6280783762 0.711125012328 0.721899147672 0.726754898513
1056 524288 95218.831 95222.387 97755.065 11.3272520048 11.6285286568 11.6289629307 0.7079532503 0.726783041051 0.726810183166
1152 524288 103763.512 103772.417 106016.662 11.3940538139 11.6404685072 11.6414674939 0.71212836337 0.727529281697 0.727591718368
1264 524288 120784.845 122199.026 131070.442 10.1121201987 10.8462408203 10.9732314845 0.632007512418 0.677890051268 0.685826967779
1376 524288 130985.077 132087.069 133789.162 10.7844354089 10.9234051972 11.0153050183 0.674027213056 0.682712824826 0.688456563644
1504 524288 142400.402 143828.662 143913.763 10.9583563874 10.9648402625 11.0748163759 0.68489727421 0.685302516407 0.692176023492
1648 524288 154850.963 156544.93 156875.365 11.0154532421 11.0387046581 11.1594607778 0.688465827633 0.689919041134 0.697466298611
1808 524288 167768.386 168658.531 170163.862 11.1411752514 11.2406137819 11.3002541969 0.696323453214 0.702538361371 0.706265887305
1984 524288 185315.903 187424.705 193346.472 10.7598280045 11.0997895608 11.2260995971 0.672489250282 0.693736847552 0.701631224817
2176 262144 101613.327 102230.011 102565.455 11.1231475354 11.1596455565 11.2273726457 0.695196720962 0.697477847283 0.701710790357
2384 262144 111029.64 111252.015 111850.286 11.1747822621 11.2348759885 11.2573776876 0.698423891379 0.702179749284 0.703586105476
2608 262144 121818.214 122094.625 122207.57 11.1886939901 11.1990442167 11.2244553512 0.699293374379 0.699940263546 0.701528459447
2864 262144 132245.459 133309.011 133467.132 11.2504165595 11.2637609471 11.3543470101 0.703151034968 0.703985059195 0.709646688133
3136 262144 144444.074 145545.594 146532.254 11.2205137307 11.2965780881 11.3827249708 0.70128210817 0.706036130506 0.711420310673
3440 262144 159199.644 159296.69 159824.809 11.2845479452 11.3219597972 11.3288615143 0.705284246578 0.707622487322 0.708053844643
3776 262144 174812.724 175140.436 175313.838 11.2923857614 11.3035660594 11.324756246 0.705774110085 0.706472878713 0.707797265375
4144 131072 95626.534 95698.883 95858.2 11.3326218936 11.3514881464 11.3600764407 0.708288868349 0.709468009151 0.710004777544
4544 131072 104714.359 104783.031 105342.002 11.3077624631 11.3680843609 11.3755395857 0.706735153942 0.710505272557 0.710971224109
4992 131072 114702.854 114827.031 114970.35 11.3822637576 11.3964702963 11.4088080842 0.711391484848 0.712279393517 0.713050505265
5488 131072 125863.631 125923.7 125946.029 11.4227203781 11.4247458739 11.4301983867 0.713920023632 0.714046617118 0.714387399169
6032 131072 138458.094 138807.824 138880.711 11.3856891761 11.3916677204 11.420441827 0.711605573505 0.711979232525 0.713777614186
6624 131072 151612.804 151657.662 151682.772 11.4478515464 11.4497469703 11.453134631 0.715490721649 0.715609185641 0.715820914439
7280 131072 166094.318 166127.144 166293.23 11.4761636418 11.4876369632 11.4899073188 0.717260227611 0.717977310198 0.718119207425
8000 131072 182069.261 182565.388 182580.589 11.486171731 11.4871281078 11.5184297914 0.717885733187 0.717945506735 0.719901861962
8800 65536 100038.914 100088.843 100115.162 11.5210681075 11.5240976459 11.5298492745 0.720066756722 0.720256102871 0.720615579653
9680 65536 110225.541 110270.001 110399.558 11.4925909395 11.5060936655 11.5107347035 0.718286933721 0.719130854093 0.719420918968
10640 65536 121292.108 121759.763 121769.815 11.4528060998 11.4537515977 11.4979127908 0.715800381236 0.715859474858 0.718619549427
11696 65536 132916.536 132949.04 133002.375 11.5262461441 11.5308701138 11.533689924 0.720390384006 0.720679382115 0.720855620252
12864 65536 145916.379 146008.226 146761.359 11.4887884624 11.5480494092 11.5553183238 0.718049278898 0.721753088076 0.722207395237
14144 65536 160462.769 160484.127 161386.833 11.4871971495 11.5518114013 11.5533489765 0.717949821842 0.721988212579 0.722084311034
15552 65536 176234.076 176314.942 176436.662 11.5533343291 11.5613102377 11.5666152101 0.72208339557 0.722581889855 0.722913450631
17104 32768 96998.373 97074.939 97176.373 11.5349823151 11.5470352652 11.5561499573 0.720936394693 0.721689704075 0.72225937233
18800 32768 106586.363 106655.097 106956.805 11.5193867281 11.551972992 11.5594224751 0.719961670508 0.721998311998 0.722463904693
20672 32768 117211.653 117457.328 117661.52 11.5140463254 11.5340627534 11.5582380875 0.719627895339 0.720878922088 0.722389880467
22736 32768 128507.327 129248.755 129445.967 11.5107989112 11.5283624666 11.5948758004 0.719424931949 0.720522654164 0.724679737522
25008 32768 141374.697 142072.995 142161.428 11.5286144143 11.5357903731 11.5927695887 0.720538400895 0.720986898319 0.724548099297
27504 32768 155328.169 155988.158 156008.573 11.5538659789 11.5553780948 11.6044768673 0.722116623681 0.722211130924 0.725279804206
30240 32768 170784.961 171444.837 174296.827 11.3703081927 11.5594536101 11.6041168285 0.710644262044 0.722465850634 0.725257301783
33264 16384 93873.845 94282.714 95652.405 11.3953721498 11.5609182824 11.6112720428 0.712210759364 0.722557392652 0.725704502676
36576 16384 103569.552 103812.52 104902.343 11.4251248707 11.5450657397 11.5721497762 0.714070304416 0.721566608729 0.723259361014
40224 16384 113792.273 113867.397 115292.122 11.4323512234 11.5753944213 11.583036328 0.714521951465 0.72346215133 0.723939770497
44240 16384 125274.577 125411.711 126782.127 11.434232524 11.5591782334 11.5718316894 0.714639532747 0.722448639585 0.723239480585
48656 16384 137695.044 137839.384 139279.704 11.4471797556 11.5667943496 11.57891934 0.715448734727 0.722924646848 0.723682458753
53520 16384 151510.277 153108.798 153861.038 11.3982290955 11.4542298216 11.5750785671 0.712389318471 0.71588936385 0.723442410445
58864 16384 166367.222 168337.744 169424.011 11.3847827154 11.4582476049 11.5939638158 0.71154891971 0.716140475305 0.724622738486
64736 16384 182995.441 186069.05 186235.382 11.3902590647 11.4004411158 11.5919240196 0.711891191546 0.712527569738 0.724495251223
71200 8192 100826.122 102458.651 102554.648 11.3748213538 11.3854788113 11.5698271129 0.710926334611 0.711592425709 0.723114194554
78320 8192 110692.406 112395.502 112433.765 11.4128961171 11.4167814296 11.5924382383 0.713306007319 0.713548839348 0.724527389892
86144 8192 121751.972 123393.356 124436.896 11.3421608974 11.4380817716 11.592282842 0.708885056085 0.714880110725 0.724517677627
94752 8192 133878.77 135572.298 135742.038 11.4365217354 11.4508405545 11.5956903996 0.714782608465 0.715677534654 0.724730649975
104224 8192 147280.34 148883.625 148903.41 11.4678771695 11.4694011245 11.5942563413 0.716742323094 0.716837570284 0.724641021334
114640 8192 161903.114 163624.07 163765.471 11.4692172198 11.4791287125 11.6011465968 0.716826076237 0.717445544534 0.725071662303
126096 8192 178940.006 179771.495 179840.828 11.4876965758 11.4921270694 11.5455280805 0.717981035986 0.718257941839 0.721595505032
138704 4096 98425.932 98806.096 99319.953 11.4404319946 11.4999298019 11.5443475608 0.71502699966 0.718745612619 0.721521722548
152560 4096 108167.215 108627.194 108960.213 11.4699805148 11.5051440986 11.5540695025 0.716873782176 0.719071506164 0.722129343905
167808 4096 118935.339 119558.589 119742.559 11.4803220132 11.4979872839 11.5582395237 0.717520125823 0.718624205242 0.722389970234
184576 4096 131166.956 131257.637 131544.7 11.4945458996 11.5196846946 11.5276487166 0.718409118725 0.719980293413 0.72047804479
203024 4096 144273.968 144304.822 144784.677 11.487214272 11.5254125604 11.5278773507 0.717950891999 0.720338285023 0.720492334418
223312 4096 158574.379 158610.063 158889.569 11.5134801832 11.5337694809 11.5363649256 0.719592511451 0.720860592559 0.721022807852
245632 4096 174287.747 174486.508 174813.735 11.5106364154 11.5322231333 11.5453746958 0.719414775961 0.720763945829 0.721585918487
270192 2048 95887.659 96026.614 96109.62 11.51504326 11.5249969347 11.5416983118 0.719690203749 0.720312308419 0.721356144486
297200 2048 105393.82 105511.587 105569.646 11.5310721038 11.5374172128 11.5503091168 0.720692006488 0.721088575798 0.7218943198
326912 2048 116061.692 116125.039 116149.62 11.5285056636 11.5309459831 11.537239626 0.720531603978 0.720684123947 0.721077476623
359600 2048 127568.9 127586.847 127636.587 11.5399638506 11.5444627298 11.5460868597 0.721247740665 0.72152892061 0.721630428733
395552 2048 140288.841 140391.27 140804.723 11.5065812956 11.5404682357 11.5488942702 0.719161330973 0.721279264729 0.721805891888
435104 2048 154263.184 154394.917 154462.87 11.5379572062 11.5430353449 11.5528925165 0.721122325385 0.721439709055 0.722055782279
478608 2048 169884.899 170191.857 170277.829 11.512822189 11.5186378629 11.5394504134 0.71955138681 0.719914866432 0.721215650839
526464 1024 93416.818 93460.893 93580.97 11.5215547776 11.5363574795 11.5418004497 0.720097173603 0.721022342468 0.721362528105
579104 1024 102725.748 102871.208 102939.531 11.5213755151 11.5290275584 11.5453526997 0.720085969694 0.720564222401 0.721584543731
637008 1024 112951.622 113168.024 113175.68 11.5271442062 11.5279240362 11.5500101805 0.72044651289 0.720495252263 0.721875636279
700704 1024 124467.885 124482.505 124704.1 11.5075750677 11.5280600435 11.5294141296 0.719223441731 0.720503752716 0.7205883831
770768 1024 136897.333 136973.396 137165.351 11.5082479102 11.5243756094 11.5307787917 0.719265494389 0.720273475588 0.720673674483
847840 1024 150528.399 150775.151 150909.841 11.506050954 11.5163295045 11.5352075192 0.719128184622 0.719770594028 0.720950469951
932624 1024 165619.669 165793.792 165902.61 11.5128625885 11.5204190034 11.5325309097 0.71955391178 0.720026187712 0.720783181857
1025872 1024 182290.1 182530.228 183319.98 11.4607576108 11.5103447742 11.5255071778 0.716297350676 0.71939654839 0.720344198615
1128448 512 100292.933 100389.64 100405.184 11.5086762054 11.5104581708 11.5215570772 0.719292262838 0.719403635674 0.720097317325
1241280 512 110273.582 110435.731 110509.087 11.5019565767 11.509596654 11.5265206493 0.718872286041 0.719349790875 0.720407540584
1365408 512 121341.366 121434.865 121455.498 11.5118526129 11.513808592 11.5226805012 0.719490788305 0.719613036997 0.720167531326
1501936 512 133533.201 133533.941 135890.431 11.3178128341 11.5175396793 11.517603506 0.70736330213 0.719846229956 0.719850219123
1652128 512 147034.462 147043.689 147923.071 11.43688446 11.5052817534 11.5060037558 0.714805278752 0.719080109586 0.719125234736
1817328 512 161504.95 161615.808 161995.854 11.4876018494 11.514615402 11.5225191055 0.717975115585 0.719663462624 0.720157444091
1999056 512 177882.741 178324.249 178531.375 11.4659585409 11.4792764051 11.5077681651 0.716622408806 0.717454775318 0.719235510319
2198960 256 97852.583 97877.641 97964.599 11.4925956059 11.5028060392 11.5057516673 0.718287225368 0.718925377452 0.719109479205
2418848 256 107548.456 107769.448 107965.86 11.4707572931 11.4916629804 11.5152762026 0.716922330818 0.718228936275 0.719704762661
2660720 256 118262.91 118477.388 118592.452 11.4871445613 11.4983007559 11.5191537228 0.71794653508 0.718643797245 0.719947107677
2926784 256 130422.883 130602.681 131450.733 11.3998102087 11.4738334353 11.4896509994 0.712488138046 0.717114589707 0.71810318746
3219456 256 143708.033 143792.465 143989.313 11.4478042686 11.4634760034 11.4702110772 0.71548776679 0.716467250214 0.716888192325
3541392 256 158243.318 158313.14 158812.037 11.4172246528 11.4532040992 11.4582576182 0.713576540801 0.715825256198 0.716141101136
3895520 256 174519.8 175272.254 175659.533 11.3543865564 11.3794750423 11.4285384237 0.709649159775 0.711217190144 0.714283651483
4285072 128 96376.573 96462.897 97742.578 11.2231379041 11.3720245412 11.382210405 0.701446119009 0.710751533825 0.711388150313
4713568 128 106157.391 106548.305 108384.046 11.1333120744 11.3251300244 11.3668336857 0.695832004648 0.707820626522 0.710427105353
5184912 128 116595.994 116638.652 117322.214 11.3136074299 11.3799109407 11.3840744134 0.707100464367 0.711244433792 0.711504650837
5703392 128 128510.673 128686.078 128851.858 11.331372125 11.3459697793 11.3614559625 0.708210757815 0.709123111204 0.710090997656
6273728 128 141361.915 141452.153 141900.052 11.3183493971 11.3541882109 11.3614361266 0.707396837318 0.709636763182 0.71008975791
6901088 128 155641.242 155781.696 156072.768 11.3195822092 11.3407324054 11.350966526 0.707473888078 0.708795775339 0.709435407872
7591184 128 171301.066 171316.503 171526.797 11.3296764004 11.343583776 11.3446060166 0.708104775022 0.708973986003 0.70903787604
8350288 128 188366.673 188609.519 188655.763 11.3310809805 11.3338591781 11.3484710111 0.708192561284 0.708366198633 0.709279438194
9185312 64 103629.396 103670.549 103725.926 11.3348704739 11.3409251455 11.3454288202 0.708429404622 0.708807821593 0.709089301264
10103840 64 114084.625 114162.968 114230.507 11.3217699366 11.3284679144 11.3362472813 0.70761062104 0.70802924465 0.708515455084
11114224 64 125534.735 125589.134 125595.995 11.3269588891 11.3275776868 11.3324863593 0.707934930568 0.707973605424 0.708280397453
12225632 64 137993.308 138137.511 138169.139 11.3258351852 11.3284283514 11.3402665584 0.707864699077 0.708026771961 0.708766659902
13448192 64 151258.059 151398.867 151790.481 11.3404250692 11.3697586389 11.380342888 0.708776566826 0.710609914934 0.711271430503
14793008 64 166325.547 166452.558 167319.724 11.3166874696 11.3756438877 11.3843306585 0.707292966847 0.710977742979 0.711520666155
16272304 64 183127.505 183406.366 184325.684 11.2998626496 11.3565028163 11.3737961537 0.706241415602 0.709781426017 0.710862259604
17899520 32 100717.696 100772.415 100922.797 11.3509466053 11.3678855469 11.3740616148 0.709434162828 0.710492846678 0.710878850922
19689472 32 110805.476 110996.296 111049.611 11.3474166785 11.3528671984 11.3724181646 0.709213542405 0.709554199899 0.710776135288
21658416 32 121937.494 121939.945 122543.767 11.3113759919 11.3673876432 11.3676161329 0.706960999493 0.710461727697 0.710476008306
23824256 32 134078.499 134325.798 138668.777 10.9956431216 11.3511507596 11.3720872129 0.6872276951 0.709446922474 0.710755450805
26206672 32 147498.508 147663.069 151739.339 11.0533433126 11.3584731738 11.3711455847 0.69083395704 0.709904573364 0.710696599046
28827328 32 162497.109 163161.332 164079.005 11.2442721846 11.30751367 11.3537342501 0.702767011538 0.706719604373 0.709608390633
31710048 32 178380.193 178554.08 182989.289 11.0905019801 11.3659854314 11.3770651207 0.693156373759 0.710374089464 0.711066570042
34881040 16 98199.2 98238.933 101572.863 10.9890894776 11.3620256849 11.366622946 0.686818092348 0.710126605304 0.710413934126
38369136 16 108033.223 108143.239 111737.557 10.988358659 11.3535747898 11.3651367413 0.686772416189 0.709598424364 0.710321046332
42206048 16 118935.758 118965.753 122704.382 11.0068891916 11.3527927319 11.3556558491 0.687930574476 0.709549545742 0.709728490569
46426640 16 130755.722 131245.675 133732.908 11.1091017328 11.3196299992 11.3620456319 0.694318858302 0.707476874952 0.710127851996
51069296 16 143809.665 143938.931 148505.511 11.0044230749 11.3535473735 11.3637527213 0.687776442182 0.709596710844 0.710234545084
56176224 16 158400.477 159268.576 160958.213 11.1683593803 11.2868414671 11.3486979462 0.698022461271 0.705427591693 0.709293621635
61793840 16 174295.663 174505.439 178244.441 11.093770268 11.3314684707 11.3451066192 0.693360641749 0.708216779421 0.7090691637
67973216 8 95869.966 96849.581 99123.878 10.9718412752 11.2294905643 11.3442353364 0.685740079701 0.701843160271 0.709014708527
74770528 8 106438.318 108909.335 121093.981 9.87933866011 10.9846272406 11.2396406715 0.617458666257 0.686539202539 0.702477541969
82247568 8 115940.38 115973.963 118655.863 11.0905694395 11.3470390591 11.350325814 0.693160589966 0.709189941194 0.709395363376
90472320 8 127612.697 127681.741 131422.245 11.0145517602 11.3372288681 11.3433628003 0.688409485015 0.708576804259 0.708960175021
99519552 8 140424.206 140576.054 147138.06 10.8218963333 11.3270559721 11.3393045071 0.67636852083 0.707940998258 0.708706531693
109471504 8 154406.595 154624.241 158103.532 11.0784625861 11.3277455894 11.3437127734 0.692403911634 0.707984099337 0.708982048338
120418640 8 170164.868 173847.726 175090.148 11.0040357039 11.0826772621 11.3225383279 0.687752231496 0.692667328878 0.707658645497
132460496 8 187509.056 190979.622 191716.441 11.0547010207 11.0973511928 11.3027497509 0.690918813791 0.693584449549 0.706421859433
145706544 4 105459.155 105799.765 105972.617 10.9995618208 11.0175325248 11.0531167446 0.687472613798 0.688595782798 0.690819796536
160277184 4 113336.869 115136.576 115180.228 11.1322706533 11.1364912571 11.3133306338 0.695766915829 0.696030703571 0.707083164614
176304896 4 128152.882 128277.418 128403.102 10.9844633504 10.995225738 11.0059106435 0.686528959402 0.687201608626 0.687869415219
193935376 4 137813.736 139120.197 139177.548 11.1475092807 11.1521047372 11.2578256205 0.696719330046 0.697006546073 0.703614101282
213328912 4 152877.418 153053.965 155274.722 10.991043964 11.1505199882 11.1633969119 0.68694024775 0.69690749926 0.697712306994
234661792 4 170369.238 170491.449 170667.106 10.9997431843 11.0110761977 11.0189747752 0.687483949016 0.688192262358 0.688685923453
258127968 4 185887.953 187512.142 187603.972 11.0073561982 11.0127468119 11.1089702731 0.687959762387 0.688296675743 0.694310642067
283940752 2 100465.03 101752.678 103138.516 11.01201619 11.1619962278 11.305058168 0.688251011872 0.697624764235 0.7065661355
312334816 2 112813.542 113122.965 114442.214 10.9167694361 11.0440816681 11.0743731812 0.682298089759 0.690255104258 0.692148323824
343568288 2 122313.007 124440.663 125546.485 10.9463291784 11.0436019776 11.235707352 0.684145573649 0.6902251236 0.702231709502
377925104 2 136249.744 137422.294 138054.396 10.9500346226 11.0004015506 11.0950697713 0.684377163912 0.68752509691 0.693441860705
415717600 2 148099.898 149102.412 149652.901 11.1115146375 11.1525385652 11.2280320409 0.694469664841 0.697033660327 0.701752002557
457289360 2 164877.471 166058.169 166123.775 11.0108107042 11.015160838 11.0940411016 0.688175669015 0.688447552375 0.693377568849
503018288 2 179534.787 181575.192 182713.743 11.0121609845 11.081211755 11.2071492418 0.688260061532 0.692575734685 0.700446827611
553320112 1 98889.944 100472.06 100641.596 10.9958532852 11.0144076274 11.190624438 0.687240830322 0.68840047671 0.699414027376
608652112 1 108890.772 110348.101 110810.712 10.9854381587 11.0314922773 11.1791311756 0.68658988492 0.689468267333 0.698695698475
669517312 1 118309.485 118914.347 121594.937 11.0122564067 11.2604968011 11.3180665439 0.688266025418 0.70378105007 0.707379158991
736469040 1 132113.56 133772.831 133829.091 11.0061128638 11.0107416356 11.1490302737 0.687882053985 0.688171352223 0.696814392103
810115936 1 145220.931 146276.107 147101.596 11.0143731683 11.0765312615 11.1570133922 0.68839832302 0.692283203845 0.697313337015
891127520 1 159166.508 159367.117 161605.935 11.0284009062 11.183329871 11.1974250261 0.689275056637 0.698958116937 0.699839064133
980240272 1 175092.188 177838.693 178362.656 10.9915415478 11.0239257325 11.1968475944 0.686971346738 0.688995358282 0.699802974648

META_DATA
ERT_VERSION  1.1.0
HOSTNAME  ('atajo-Inspiron-15-7568', [], ['127.0.1.1'])
OPENMP_THREADS 1
TIMESTAMP_DATA  1535285429.22
FLOPS          1
TIMESTAMP_DATA  1535285525.93
MPI_PROCS      2
UNAME  ('Linux', 'atajo-Inspiron-15-7568', '4.15.0-33-generic', '#36-Ubuntu SMP Wed Aug 15 16:00:05 UTC 2018', 'x86_64', 'x86_64')
TIMESTAMP_DATA  1535285477.62
CONFIG  {'ERT_WORKING_SET_MIN': ['1'], 'ERT_CFLAGS': [], 'ERT_CC': ['mpicc'], 'ERT_MPI_CFLAGS': ['-I/usr/include/mpi'], 'ERT_MPI_LDFLAGS': ['-lmpi'], 'ERT_MEMORY_MAX': ['1073741824'], 'ERT_PROCS_THREADS': ['1-4'], 'ERT_LDFLAGS': [], 'ERT_LDLIBS': [], 'ERT_RUN': ['export', 'OMP_NUM_THREADS=ERT_OPENMP_THREADS;', 'mpirun', '-np', 'ERT_MPI_PROCS', 'ERT_CODE'], 'ERT_FLOPS': ['1,2,4,8,16'], 'ERT_OPENMP_CFLAGS': ['-fopenmp'], 'ERT_MPI': ['True'], 'ERT_TRIALS_MIN': ['1'], 'ERT_DRIVER': ['driver1'], 'ERT_RESULTS': ['Results/myLaptop'], 'ERT_OPENMP': ['True'], 'ERT_MPI_PROCS': ['1,2,4'], 'ERT_KERNEL': ['kernel1'], 'ERT_GPU': [False], 'ERT_OPENMP_THREADS': ['1,2,4'], 'ERT_LD': ['mpicc'], 'ERT_NUM_EXPERIMENTS': ['3'], 'ERT_OPENMP_LDFLAGS': ['-fopenmp'], 'ERT_ALIGN': ['64'], 'ERT_GNUPLOT': ['gnuplot']}
