32 33554432 303539.747 304588.942 305238.975 7.03541757077 7.05043208036 7.07480212797 0.439713598173 0.440652005023 0.442175132998
64 16777216 245423.145 245712.702 247115.206 8.69021248332 8.73981536372 8.7501268391 0.543138280208 0.546238460232 0.546882927444
96 8388608 174215.954 174260.703 175082.631 9.19915771656 9.24254699007 9.24492102486 0.574947357285 0.577659186879 0.577807564054
128 8388608 218894.663 220321.613 220380.105 9.74445332985 9.74704033235 9.81058020588 0.609028333116 0.609190020772 0.613161262867
160 4194304 135502.252 135505.328 135555.347 9.90132303671 9.90497790611 9.90520275634 0.618832689794 0.619061119132 0.619075172271
192 4194304 159417.643 159455.347 159565.441 10.093744146 10.1007132486 10.1031021767 0.630859009126 0.631294578036 0.631443886045
224 4194304 183310.238 183330.249 183337.905 10.2490981993 10.2495262088 10.2506450949 0.640568637457 0.640595388053 0.640665318431
256 4194304 206539.868 206779.907 207556.201 10.3465164503 10.385359386 10.3974291685 0.646657278141 0.649084961625 0.649839323031
288 2097152 116125.324 116583.884 117366.421 10.2922074449 10.361291034 10.4022060856 0.643262965308 0.647580689626 0.650137880347
320 2097152 127728.088 127795.928 128042.461 10.4822827484 10.5025042738 10.5080824509 0.655142671774 0.656406517115 0.656755153181
352 2097152 139688.029 139724.078 139746.495 10.5648088562 10.5665038491 10.5692307248 0.660300553513 0.660406490569 0.660576920303
384 2097152 151682.551 151701.452 152082.796 10.5903677363 10.6169895856 10.6183125573 0.661897983517 0.663561849098 0.663644534829
416 2097152 163635.508 163669.842 163932.066 10.6436190708 10.6606717687 10.6629085907 0.665226191928 0.666291985545 0.66643178692
448 2097152 175662.711 175672.683 175707.446 10.6941864718 10.6963026915 10.696909898 0.668386654485 0.66851891822 0.668556868623
480 2097152 187289.013 187954.055 188190.031 10.6980476559 10.7114790367 10.7495142814 0.668627978493 0.669467439795 0.67184464259
512 2097152 199567.798 199812.055 200757.262 10.6969163985 10.7475179513 10.7606721601 0.668557274904 0.671719871957 0.672542010009
544 1048576 105912.57 106003.432 106319.839 10.7303650827 10.7623938817 10.7716268994 0.670647817666 0.672649617609 0.673226681215
576 1048576 112381.49 112620.264 112664.118 10.7217770258 10.7259520542 10.7487412028 0.67011106411 0.67037200339 0.671796325178
608 1048576 124856.775 127638.42 127711.401 9.98398268296 9.98969131708 10.2122485224 0.623998917685 0.624355707318 0.638265532647
640 1048576 125229.627 130960.604 131186.108 10.2310930667 10.2487102152 10.7177295992 0.639443316666 0.640544388448 0.669858099953
704 1048576 135847.927 142013.508 142647.795 10.3499322089 10.3961589907 10.8679980667 0.646870763057 0.649759936921 0.679249879168
768 1048576 148033.455 148056.405 148408.338 10.8525757899 10.878372577 10.8800590785 0.67828598687 0.679898286062 0.680003692409
832 1048576 160291.495 160323.61 162903.327 10.7108338186 10.8831784913 10.8853589768 0.669427113665 0.680198655706 0.680334936049
896 1048576 171737.427 172107.908 172181.57 10.9131784081 10.9178492368 10.9414017947 0.682073650507 0.682365577298 0.683837612171
960 1048576 185718.858 185779.893 185832.724 10.8337534782 10.8368343177 10.8403957556 0.677109592388 0.677302144856 0.677524734726
1056 524288 109157.947 109178.989 109194.737 10.1405643387 10.1420270158 10.1439820593 0.633785271171 0.63387668849 0.633998878707
1152 524288 111038.15 111043.393 111060.103 10.8766291348 10.8782658686 10.8787795186 0.679789320923 0.679891616784 0.679923719911
1248 524288 120384.437 120472.0 120794.351 10.8334772046 10.8624647055 10.8703656437 0.677092325286 0.678904044093 0.679397852731
1344 524288 137352.18 137446.795 137506.299 10.2488842638 10.2533212506 10.2603842473 0.64055526649 0.640832578162 0.641274015454
1472 524288 141087.69 141297.762 143390.614 10.7643298884 10.9237672993 10.9400322027 0.672770618027 0.682735456206 0.683752012667
1600 524288 153078.305 153180.136 153272.459 10.9460082454 10.9526054997 10.9598914098 0.684125515335 0.684537843732 0.684993213114
1760 524288 168206.094 168241.646 168697.572 10.9396581001 10.9693039974 10.9716224669 0.683728631257 0.685581499839 0.685726404181
1920 524288 183367.634 183440.794 183511.064 10.9708149259 10.9750174762 10.9793962876 0.685675932869 0.685938592263 0.686212267973
2112 262144 101151.365 101163.879 101717.24 10.8860234116 10.9455693766 10.9469235141 0.680376463223 0.684098086037 0.68418271963
2304 262144 110249.235 110342.94 114943.51 10.5091583857 10.9473207076 10.9566252501 0.656822399107 0.684207544225 0.684789078128
2528 262144 125613.65 129058.064 130734.101 10.1381357569 10.2697965778 10.5514015714 0.633633484809 0.64186228611 0.659462598213
2752 262144 136313.68 137282.734 137945.526 10.4594952648 10.5099930192 10.5847085634 0.653718454051 0.656874563702 0.66154428521
3008 262144 146822.105 146852.315 146877.861 10.7372090883 10.7390769019 10.7412865658 0.671075568019 0.671192306366 0.671330410363
3296 262144 159187.67 159245.896 164605.038 10.4981795758 10.8514774409 10.8554465808 0.656136223485 0.678217340056 0.678465411297
3616 262144 174998.244 175054.066 175217.792 10.8198224984 10.8299421506 10.8333967511 0.676238906149 0.67687138441 0.677087296945
3968 262144 190789.844 190791.893 191225.424 10.8791746436 10.9038950832 10.9040121863 0.679948415227 0.681493442701 0.681500761644
4352 131072 104573.001 104574.719 104577.82 10.9091075718 10.9094310643 10.9096102922 0.681819223235 0.681839441519 0.681850643265
4768 131072 114339.236 114361.215 114907.976 10.8774223993 10.9294273587 10.9315282813 0.679838899956 0.683089209921 0.683220517583
5216 131072 124866.577 125071.424 126108.326 10.84260768 10.9324980901 10.9504331491 0.67766298 0.683281130628 0.684402071821
5728 131072 136817.077 136843.206 136934.454 10.9655443764 10.9728562776 10.9749518476 0.685346523527 0.685803517348 0.685934490473
6272 131072 149765.669 149791.23 164711.986 9.98207360574 10.9763913949 10.9782647717 0.623879600359 0.68602446218 0.686141548234
6880 131072 164049.476 164098.618 164181.889 10.9850771665 10.9906514874 10.9939438027 0.686567322904 0.686915717962 0.687121487666
7552 131072 179816.006 179832.311 180018.025 10.9972958986 11.0086528777 11.0096510986 0.68733099366 0.688040804858 0.688103193661
8288 65536 98680.907 98744.932 98792.419 10.9960333697 11.0013214248 11.0084591744 0.687252085608 0.687582589049 0.688028698399
9088 65536 108170.679 108195.49 108232.137 11.0058100026 11.0095377913 11.0120630379 0.687863125164 0.688096111954 0.688253939868
9984 65536 118578.959 118591.1 118681.548 11.0263378769 11.0347475316 11.0358773516 0.689146117305 0.689671720728 0.689742334473
10976 65536 130252.483 130262.332 130788.072 10.999827813 11.0442232218 11.0450583272 0.687489238315 0.690263951362 0.690316145451
12064 65536 142941.268 142997.102 143317.146 11.0332409773 11.0579346426 11.0622539601 0.689577561083 0.691120915164 0.691390872509
13248 65536 156903.915 157014.236 157404.729 11.0317006804 11.0591364212 11.066912231 0.689481292522 0.691196026327 0.691682014435
14560 65536 172615.822 172711.874 175144.072 10.8962198846 11.0496648308 11.0558134121 0.681013742789 0.690604051925 0.690988338253
16000 65536 189472.613 189487.345 191219.546 10.9672470407 11.0675042705 11.0683647985 0.685452940046 0.691719016908 0.691772799903
17600 32768 104187.95 104190.742 106824.328 10.797480514 11.0704039328 11.0707005945 0.674842532124 0.691900245801 0.691918787153
19360 32768 114487.433 114523.32 115954.124 10.9420598098 11.0787650934 11.0822378208 0.683878738112 0.69242281834 0.692639863801
21280 32768 125722.14 125723.644 127218.817 10.962262603 11.092631709 11.0927644089 0.685141412689 0.69328948181 0.693297775555
23392 32768 138058.82 138149.384 139603.34 10.9812423686 11.0968146771 11.1040939797 0.686327648035 0.693550917317 0.694005873728
25728 32768 151750.265 151802.458 153526.915 10.9825056278 11.1072655227 11.1110857566 0.686406601735 0.694204095167 0.694442859787
28288 32768 166712.898 166719.394 168624.64 10.9941368474 11.1197763111 11.1202095953 0.687133552961 0.694986019443 0.695013099706
31104 32768 183304.172 183487.318 185178.357 11.0079373045 11.1093876472 11.1204874486 0.687996081529 0.694336727948 0.695030465537
34208 16384 100930.553 100950.27 102036.153 10.9855939394 11.1037617235 11.1059308671 0.686599621215 0.693985107717 0.694120679196
37600 16384 110819.243 110912.495 111995.489 11.0011288044 11.1085482298 11.1178958333 0.687570550275 0.694284264365 0.694868489582
41344 16384 121746.507 121813.376 122795.734 11.0326323877 11.1216045108 11.1277130275 0.689539524231 0.695100281926 0.695482064221
45472 16384 133837.953 133973.661 134856.722 11.0489597693 11.1217868115 11.1330639972 0.690559985582 0.69511167572 0.695816499823
50016 16384 147222.458 147286.086 148298.706 11.051507678 11.1274889062 11.13229809 0.690719229876 0.695468056636 0.695768630626
55008 16384 161892.514 161928.837 162918.284 11.0638419442 11.1314462414 11.1339437474 0.691490121514 0.695715390088 0.695871484212
60480 16384 177973.366 177978.379 178908.205 11.0772372905 11.1351089449 11.135422589 0.692327330655 0.695944309056 0.695963911814
66528 8192 98152.192 98193.737 98764.986 11.036246712 11.1004508567 11.1051493583 0.689765419498 0.693778178541 0.694071834891
73152 8192 108154.773 108244.235 108665.353 11.0294802797 11.0723898414 11.0815485508 0.689342517481 0.692024365085 0.692596784425
80448 8192 119006.153 119352.685 120054.673 10.9788315529 11.0434049473 11.075562051 0.686176972053 0.690212809205 0.692222628186
88480 8192 130667.103 131034.192 131185.224 11.0504542798 11.0631912013 11.0942715245 0.690653392489 0.691449450079 0.69339197028
97312 8192 143636.68 144028.66 144203.085 11.0563502022 11.0697399254 11.0999488988 0.691021887639 0.691858745336 0.693746806178
107040 8192 157962.418 158382.595 158550.993 11.0610682836 11.0728288042 11.1022823163 0.691316767723 0.692051800263 0.693892644768
117728 8192 174102.087 174344.385 183671.779 10.5016435432 11.0634796297 11.0788766823 0.656352721449 0.691467476856 0.692429792642
129472 8192 190923.28 192511.12 197937.457 10.7168662271 11.0189439862 11.1105845657 0.669804139193 0.688683999137 0.694411535356
142400 4096 105135.784 105410.376 105492.158 11.0580807343 11.0666600791 11.0955638092 0.691130045894 0.691666254942 0.693472738074
156640 4096 115616.266 115991.836 116184.208 11.0444861835 11.0628034201 11.0987400337 0.69028038647 0.691425213754 0.693671252106
172288 4096 127105.627 127444.894 127653.384 11.0563719643 11.0744593346 11.1040189904 0.691023247766 0.69215370841 0.694001186903
189504 4096 140002.196 140172.896 140231.371 11.0703957105 11.0750138743 11.0885172687 0.691899731908 0.692188367143 0.693032329293
208448 4096 154110.658 154169.51 154195.97 11.0742583999 11.0761590667 11.0803888463 0.692141149992 0.692259941671 0.692524302894
229280 4096 169516.593 169521.054 169767.438 11.0637339064 11.0798140743 11.0801056508 0.691483369149 0.692488379644 0.692506603174
252192 4096 186165.326 186353.543 186563.712 11.0737336959 11.0862226215 11.0974310221 0.692108355992 0.692888913843 0.693589438884
277408 2048 102689.348 102776.313 102898.32 11.0425823084 11.055691091 11.0650538749 0.690161394277 0.690980693188 0.691565867182
305120 2048 112884.469 112899.403 114285.613 10.9355104916 11.0697797047 11.0712441762 0.683469405725 0.691861231543 0.691952761013
335616 2048 124072.108 124209.424 124284.785 11.0607516117 11.0674624495 11.0797112918 0.691296975732 0.691716403097 0.692481955735
369152 2048 136672.019 136738.233 136928.654 11.0425871272 11.0579649804 11.0633222737 0.690161695448 0.691122811277 0.691457642109
406048 2048 150160.186 150258.306 150422.753 11.0566558239 11.0687565451 11.0759892639 0.691040988992 0.691797284072 0.692249328993
446624 2048 165145.903 165235.115 165359.223 11.0630170535 11.0713264792 11.0773072221 0.691438565843 0.691957904953 0.69233170138
491264 2048 181535.238 181728.892 182428.964 11.0301418145 11.0726330957 11.0844449054 0.689383863409 0.69203956848 0.692777806588
540384 1024 100210.219 100281.57 100359.322 11.027440301 11.0359902822 11.0438480531 0.68921501881 0.689749392635 0.690240503316
594400 1024 110065.042 110161.23 110163.804 11.0501921303 11.0504503263 11.0601075317 0.690637008141 0.690653145394 0.691256720731
653824 1024 121089.103 121132.451 121150.498 11.0526293668 11.0542760503 11.0582333077 0.690789335426 0.690892253142 0.691139581734
719200 1024 133107.515 133177.422 133196.483 11.0582619513 11.0598446635 11.0656532052 0.691141371953 0.691240291466 0.691603325327
791104 1024 146435.462 146499.164 158970.164 10.1917300155 11.0593190279 11.0641300261 0.636983125966 0.691207439245 0.691508126631
870208 1024 161027.31 161084.605 161123.727 11.060977903 11.0636642403 11.0676007939 0.691311118939 0.691479015018 0.69172504962
957216 1024 177086.557 177156.998 177235.381 11.0608748487 11.0657687257 11.0701704365 0.691304678043 0.691610545354 0.69188565228
1052928 512 97545.418 97631.605 98833.936 10.9091908674 11.0435373054 11.0532949072 0.681824429212 0.690221081585 0.6908309317
1158208 512 107287.104 107299.744 107313.323 11.0517963552 11.0531949825 11.0544972115 0.690737272202 0.690824686404 0.69090607572
1274016 512 117945.366 117986.911 118041.535 11.0519774586 11.0570941551 11.0609888989 0.690748591163 0.691068384696 0.69131180618
1401408 512 129730.724 129740.493 129955.559 11.0425579563 11.0608627948 11.0616957013 0.690159872268 0.691303924674 0.691355981333
1541536 512 142732.769 142749.436 142910.847 11.045577695 11.0580672557 11.0593585135 0.690348605939 0.691129203481 0.691209907096
1695680 512 156864.426 156970.708 156997.083 11.0599272727 11.0617856167 11.0692804244 0.691245454541 0.691361601045 0.691830026522
1865248 512 172461.958 172559.793 172672.168 11.0615044342 11.0687079464 11.0749870531 0.691344027139 0.691794246647 0.692186690818
2051744 512 189741.443 189808.967 189888.847 11.0642930809 11.0689494243 11.0728885729 0.691518317556 0.691809339018 0.692055535806
2256896 256 104492.948 104597.247 104643.145 11.0425843184 11.0474298812 11.0584568061 0.690161519897 0.690464367576 0.691153550381
2482560 256 115030.968 115060.994 115434.599 11.0111762939 11.0469297701 11.049813299 0.688198518366 0.690433110633 0.690613331186
2730816 256 126508.558 126663.933 126916.162 11.0165464348 11.0384839542 11.052041175 0.688534152175 0.689905247139 0.690752573435
3003872 256 139204.437 139713.816 139785.105 11.0024774385 11.0080914546 11.0483724308 0.687654839906 0.688005715913 0.690523276927
3304256 256 153359.708 153662.856 153908.134 10.9921355554 11.0096812986 11.0314442696 0.68700847221 0.688105081165 0.689465266848
3634656 256 169221.932 169247.553 170542.89 10.911881885 10.995396028 10.9970607829 0.68199261781 0.687212251748 0.68731629893
3998112 256 186462.755 186796.346 187583.179 10.9126700748 10.9586369746 10.9782425128 0.682041879672 0.684914810914 0.686140157052
4397920 128 102855.111 102899.863 102963.753 10.9346006453 10.9413898831 10.9461504543 0.683412540333 0.683836867693 0.684134403394
4837696 128 113416.4 113557.065 113582.792 10.903501791 10.9059720415 10.9194982031 0.681468861938 0.681623252591 0.682468637693
5321440 128 124737.096 124798.36 124880.132 10.9087700196 10.9159178053 10.9212791037 0.681798126222 0.682244862833 0.682579943981
5853568 128 137382.242 137474.631 137572.464 10.8925388441 10.9002904543 10.9076208554 0.680783677757 0.681268153395 0.681726303462
6438912 128 151174.765 151263.362 162375.683 10.1515291055 10.8972949577 10.9036813915 0.634470569094 0.681080934853 0.681480086971
7082784 128 166034.973 166159.879 166197.071 10.9098956624 10.9123376528 10.9205468657 0.681868478898 0.682021103301 0.682534179109
7791040 128 182576.83 182613.042 183398.641 10.875250924 10.9220361161 10.9242023755 0.679703182752 0.682627257258 0.68276264847
8570144 64 100413.604 100428.727 100438.307 10.9219128116 10.9229546642 10.9245997385 0.682619550726 0.68268466651 0.682787483656
9427136 64 110405.663 110432.86 110486.789 10.9214270676 10.9267604588 10.9294521242 0.682589191727 0.682922528675 0.683090757763
10369824 64 121299.874 121316.478 121364.323 10.9368011883 10.9411144626 10.9426121251 0.683550074267 0.683819653914 0.683913257816
11406784 64 133401.616 133427.873 133446.615 10.9412168454 10.9427537078 10.944907534 0.683826052838 0.68392210674 0.684056720872
12547456 64 146525.518 146570.889 146586.825 10.9564714837 10.9576627321 10.9610557255 0.684779467732 0.684853920754 0.685065982841
13802176 64 161033.727 161071.522 161199.369 10.9595871185 10.9682860512 10.9708603341 0.684974194905 0.685517878201 0.685678770883
15182368 64 176877.861 177038.895 177086.735 10.9739620192 10.9769274373 10.9869211048 0.685872626202 0.686057964833 0.686682569053
16700576 64 194483.876 194556.405 194658.165 10.9816802599 10.9874240738 10.9915216211 0.686355016241 0.68671400461 0.686970101316
18370624 32 107106.677 107148.536 107204.371 10.9670895415 10.9728044814 10.9770928287 0.685443096345 0.68580028009 0.686068301792
20207680 32 117739.157 117800.191 117919.766 10.9675550069 10.978687802 10.9843789692 0.685472187928 0.686167987622 0.686523685574
22228448 32 129472.012 129669.048 130019.753 10.9415734085 10.9711661645 10.9878625506 0.683848338029 0.685697885281 0.68674140941
24451264 32 142416.42 142420.267 142848.587 10.9548223673 10.9877683069 10.9880651122 0.684676397954 0.68673551918 0.68675406951
26896384 32 156595.977 157458.683 158273.405 10.8759180104 10.9321921358 10.9924188921 0.679744875647 0.683262008485 0.687026180756
29586016 32 172282.283 172390.275 172784.484 10.9587677097 10.9838273882 10.9907123996 0.684922981858 0.686489211761 0.686919524975
32544608 32 189680.58 189699.222 189798.18 10.9740510262 10.979775721 10.9808548245 0.685878189138 0.68623598256 0.686303426529
35799040 16 104549.573 104561.905 104597.451 10.9521720563 10.9558952661 10.9571875535 0.684510753517 0.684743454129 0.684824222094
39378944 16 115174.221 115207.69 115564.891 10.9040574269 10.9378654151 10.9410438991 0.681503589183 0.683616588441 0.683815243691
43316832 16 126793.078 126826.954 127471.569 10.8741002788 10.9293693516 10.9322894109 0.679631267424 0.683085584473 0.683268088184
47648512 16 139522.372 139629.014 139635.692 10.9195031883 10.9200254325 10.9283720033 0.682468949271 0.682501589534 0.683023250207
52413344 16 153869.662 153892.16 154306.423 10.8694568599 10.8987163998 10.9003099519 0.679341053742 0.68116977499 0.681269371996
57654656 16 169337.163 169392.495 169807.751 10.8649280209 10.8915627696 10.8951216574 0.679058001304 0.680722673103 0.680945103586
63420096 16 186411.341 186419.6 186544.729 10.8791231083 10.8864254188 10.8869077445 0.67994519427 0.680401588674 0.680431734033
69762080 8 102759.581 103100.495 104642.913 10.666687767 10.8262649951 10.8621820869 0.666667985437 0.676641562196 0.678886380434
76738272 8 113179.205 113321.057 113357.885 10.8312919917 10.8348120332 10.8483917342 0.676955749483 0.677175752076 0.678024483385
84412096 8 124723.207 124849.002 124854.048 10.8173788326 10.8178160367 10.8287268142 0.676086177038 0.676113502293 0.676795425891
92853280 8 137330.45 137414.226 137421.613 10.8109084704 10.8114896343 10.8180849913 0.675681779401 0.675718102142 0.676130311959
102138592 8 151175.76 151247.393 151397.535 10.7942145293 10.8049298542 10.8100496535 0.674638408082 0.675308115889 0.675628103341
112352448 8 166618.866 166653.772 166715.214 10.7826941817 10.786669551 10.7889293161 0.673918386357 0.674166846941 0.674308082255
123587680 8 183169.48 183632.615 183952.229 10.7495456334 10.7682553015 10.7954823041 0.671846602087 0.673015956343 0.674717644009
135946432 4 100900.981 100915.299 101272.733 10.7390353137 10.7770721266 10.7786014092 0.671189707105 0.673567007912 0.673662588077
149541056 4 111137.65 111200.2 111228.843 10.7555595809 10.758330003 10.7643849587 0.672222473806 0.672395625188 0.672774059916
164495136 4 122269.579 122273.862 122336.279 10.7569160903 10.7624071611 10.7627841591 0.672307255642 0.672650447567 0.672674009943
180944640 4 134616.626 134713.765 134811.511 10.7376373817 10.7454284275 10.7531823001 0.671102336358 0.671589276716 0.672073893755
199039104 4 148233.002 148258.189 148378.976 10.7313911642 10.7401341048 10.741959014 0.670711947763 0.671258381552 0.671372438372
218943008 4 163076.204 163104.715 163132.825 10.736919832 10.7387702679 10.7406477526 0.671057489503 0.671173141745 0.671290484539
240837280 4 179324.271 179555.732 180521.156 10.6729775207 10.7303633169 10.7442134255 0.667061095044 0.670647707309 0.671513339095
264920992 4 197915.126 198239.701 198845.591 10.6583602148 10.6909358989 10.7084687201 0.666147513424 0.668183493679 0.669279295004
291413088 2 108583.651 108667.222 108743.298 10.719302922 10.7268073164 10.7350631634 0.669956432625 0.670425457274 0.670941447714
320554368 2 119507.038 119549.213 121007.411 10.5961896168 10.7254363272 10.7292214204 0.662261851053 0.670339770451 0.670576338776
352609792 2 131467.455 131476.549 131504.728 10.7253875161 10.7276862583 10.7284283247 0.670336719757 0.670480391146 0.670526770295
387870752 2 144755.164 144806.979 198468.431 7.81727854744 10.7141452623 10.7179803824 0.488579909215 0.669634078893 0.669873773899
426657824 2 159311.534 159330.755 159413.657 10.7056780963 10.711248409 10.7125407254 0.66910488102 0.669453025563 0.669533795337
469323584 2 175104.679 175180.356 175399.949 10.7029354723 10.7163518722 10.7209832811 0.668933467022 0.669771992015 0.670061455068
516255936 2 192681.858 192857.229 193352.275 10.6801109219 10.7075257417 10.7172712856 0.667506932618 0.669220358859 0.66982945535
567881504 1 105968.782 106073.491 106099.142 10.7047332013 10.707321851 10.7179018817 0.669045825083 0.66920761569 0.669868867607
624669632 1 116620.364 116716.902 127803.565 9.77546490194 10.7040132371 10.7128739883 0.610966556371 0.669000827318 0.669554624268
687136576 1 128257.778 128335.807 128832.586 10.6671238595 10.7084155554 10.7149303023 0.666695241218 0.669275972216 0.669683143895
755850208 1 141128.063 141132.892 141407.095 10.6904141974 10.7111842929 10.7115507991 0.668150887337 0.669449018305 0.669471924942
831435200 1 155175.528 155249.18 155319.193 10.7061488531 10.7109770242 10.7160608469 0.669134303318 0.66943606401 0.669753802932
914578720 1 170736.742 170763.995 170915.396 10.7021221189 10.7116107233 10.7133205107 0.668882632434 0.669475670208 0.669582531919
1006036576 1 187688.754 188001.451 188229.049 10.6894932673 10.7024341637 10.7202648487 0.668093329208 0.668902135229 0.670016553043

META_DATA
ERT_VERSION  1.1.0
HOSTNAME  ('atajo-Inspiron-15-7568', [], ['127.0.1.1'])
UNAME  ('Linux', 'atajo-Inspiron-15-7568', '4.15.0-33-generic', '#36-Ubuntu SMP Wed Aug 15 16:00:05 UTC 2018', 'x86_64', 'x86_64')
FLOPS          1
TIMESTAMP_DATA  1535268661.98
OPENMP_THREADS 4
CONFIG  {'ERT_WORKING_SET_MIN': ['1'], 'ERT_CFLAGS': [], 'ERT_CC': ['gcc'], 'ERT_MPI_CFLAGS': ['-I/usr/include/mpi'], 'ERT_MPI_LDFLAGS': ['-mpicc'], 'ERT_MEMORY_MAX': ['1073741824'], 'ERT_PROCS_THREADS': ['1-4'], 'ERT_LDFLAGS': [], 'ERT_LDLIBS': [], 'ERT_RUN': ['export', 'OMP_NUM_THREADS=ERT_OPENMP_THREADS;', 'mpirun', '-np', 'ERT_MPI_PROCS', 'ERT_CODE'], 'ERT_FLOPS': ['1,2,4,8,16'], 'ERT_OPENMP_CFLAGS': ['-fopenmp'], 'ERT_MPI': ['False'], 'ERT_TRIALS_MIN': ['1'], 'ERT_DRIVER': ['driver1'], 'ERT_RESULTS': ['Results/myLaptop'], 'ERT_OPENMP': ['True'], 'ERT_MPI_PROCS': ['1,2,4,8'], 'ERT_KERNEL': ['kernel1'], 'ERT_GPU': [False], 'ERT_OPENMP_THREADS': ['1,2,4,8'], 'ERT_LD': ['gcc'], 'ERT_NUM_EXPERIMENTS': ['3'], 'ERT_OPENMP_LDFLAGS': ['-fopenmp'], 'ERT_ALIGN': ['64'], 'ERT_GNUPLOT': ['gnuplot']}
TIMESTAMP_DATA  1535268613.57
TIMESTAMP_DATA  1535268565.09
