16 67108864 322071.408 323408.007 329614.763 6.51513187229 6.64016846064 6.66772521453 0.407195742018 0.41501052879 0.416732825908
32 33554432 234503.877 234689.536 235086.104 9.13488126886 9.15031698729 9.15756138224 0.570930079304 0.571894811706 0.57234758639
48 16777216 159804.633 160007.63 160533.662 10.0328661038 10.0658495848 10.0786360556 0.627054131488 0.62911559905 0.629914753473
64 16777216 204166.289 205599.637 224823.5 9.55186467607 10.4449778187 10.5183067122 0.596991542254 0.652811113669 0.657394169514
80 8388608 125960.824 126407.893 129448.382 10.3684361231 10.617828113 10.655513654 0.648027257691 0.663614257062 0.665969603374
96 8388608 147969.006 149600.811 157783.582 10.2077333749 10.7660695503 10.8847979691 0.637983335934 0.672879346891 0.680299873069
112 8388608 173801.459 173919.036 175402.248 10.7127942397 10.8041548252 10.8114638554 0.66954963998 0.675259676577 0.675716490965
128 8388608 194490.199 199069.988 206236.861 10.4127052632 10.7875811396 11.041603428 0.65079407895 0.674223821222 0.690100214253
144 4194304 115555.617 115584.475 121966.054 9.90406356838 10.4508806395 10.4534905646 0.619003973024 0.653180039966 0.65334316029
160 4194304 124049.366 128463.167 131035.114 10.2428825299 10.4479541595 10.8197028593 0.640180158122 0.652997134969 0.676231428704
176 4194304 143876.893 159602.849 159896.89 9.23341916156 9.25043015993 10.2615157807 0.577088697598 0.578151884995 0.641344736295
192 4194304 163672.117 165532.346 177848.029 9.05611799611 9.72989735795 9.84048331213 0.566007374757 0.608118584872 0.615030207008
208 4194304 163757.292 168400.243 189072.266 9.22837865602 10.3612110821 10.6549787352 0.576773666001 0.647575692631 0.665936170952
224 4194304 171151.064 190686.738 201137.088 9.34212685827 9.8541105255 10.9788870024 0.583882928642 0.615881907844 0.686180437651
240 4194304 181846.44 182038.81 224390.572 8.97215022029 11.0595423031 11.0712418676 0.560759388768 0.691221393943 0.691952616724
256 4194304 195919.659 197158.867 204438.069 10.5043236737 10.892148452 10.9610421892 0.656520229606 0.680759278252 0.685065136827
272 2097152 103170.98 103193.089 104529.887 10.9141100286 11.0554950826 11.0578642172 0.68213187679 0.690968442664 0.691116513578
288 2097152 108790.893 113124.727 114283.301 10.569869276 10.6781212564 11.1034988195 0.66061682975 0.667382578523 0.69396867622
304 2097152 141121.627 142804.504 144512.93 8.82321336921 8.92876891334 9.03524458374 0.551450835576 0.558048057084 0.564702786484
320 2097152 137876.296 139027.371 139820.203 9.59930862066 9.65405064014 9.7346485142 0.599956788791 0.603378165009 0.608415532138
352 2097152 132285.592 135059.544 155017.89 9.52402982649 10.9314378257 11.1606637252 0.595251864156 0.683214864105 0.697541482825
384 2097152 144346.088 161476.346 166304.046 9.68474775412 9.97429515776 11.1579936687 0.605296734633 0.62339344736 0.697374604291
416 2097152 156210.175 182129.522 243599.642 7.16269716029 9.58016275912 11.1697619185 0.447668572518 0.598760172445 0.698110119907
448 2097152 170745.771 190422.722 316102.5 5.94442686154 9.86777298562 11.0049471855 0.371526678846 0.616735811601 0.687809199093
480 2097152 179925.575 188796.237 255650.072 7.87508450223 10.6636972854 11.1894371881 0.492192781389 0.666481080341 0.699339824258
528 1048576 108499.945 110176.936 186471.228 5.93816144118 10.0501638201 10.2055006203 0.371135090074 0.628135238758 0.637843788769
576 1048576 108967.039 112258.848 159684.679 7.5646552917 10.7604841268 11.085549934 0.472790955731 0.672530257927 0.692846870878
624 1048576 117770.339 118735.953 247403.183 5.28943416221 11.0212855916 11.111650515 0.330589635138 0.688830349473 0.694478157187
672 1048576 135319.923 147436.118 219496.362 6.42054442798 9.55862215526 10.4144763961 0.401284026748 0.597413884704 0.650904774754
736 1048576 139708.627 140879.855 277033.754 5.57153722142 10.95617164 11.0480211934 0.348221076339 0.684760727501 0.690501324589
800 1048576 152099.873 153414.584 180278.05 9.30629990728 10.9358677399 11.030394483 0.581643744205 0.683491733745 0.689399655186
880 1048576 166466.847 167803.411 205047.252 9.00033403032 10.9979514064 11.0862540696 0.562520876895 0.687371962898 0.692890879347
960 1048576 182684.299 184665.149 192010.832 10.4851684617 10.9022516209 11.0204649826 0.655323028859 0.681390726303 0.688779061412
1056 524288 100159.662 102844.334 104400.307 10.6062547881 10.7667210524 11.0553114287 0.662890924258 0.672920065776 0.690956964292
1152 524288 108871.31 109457.617 172590.627 6.99898698439 11.0358656173 11.095297301 0.437436686524 0.68974160108 0.693456081313
1264 524288 122748.929 131766.106 150159.174 8.82663395578 10.0587328884 10.7976507396 0.551664622236 0.628670805526 0.674853171224
1376 524288 139064.12 141344.785 196028.193 7.36037278066 10.2079505516 10.3753619266 0.460023298792 0.637996909472 0.648460120411
1504 524288 149112.561 158085.21 178961.262 8.81228868402 9.97600157535 10.5762941326 0.550768042751 0.62350009846 0.661018383287
1648 524288 161727.228 190506.589 201309.925 8.58404397101 9.07083191752 10.6849865009 0.536502748188 0.566926994845 0.667811656303
1808 524288 176709.544 179263.797 182953.128 10.3623558051 10.575617831 10.7284833919 0.647647237821 0.660976114435 0.670530211996
1984 524288 194171.124 195653.8 253147.813 8.21802392581 10.6329383022 10.714130614 0.513626495363 0.66455864389 0.669633163374
2176 262144 106431.854 107955.976 251052.162 4.54427748764 10.5677400202 10.7190718298 0.284017342978 0.660483751265 0.66994198936
2384 262144 115856.801 116133.316 180880.248 6.91011100339 10.7626530874 10.7883402719 0.431881937712 0.672665817964 0.674271266993
2608 262144 128476.967 139805.809 203234.892 6.72789544425 9.78030250517 10.6427100198 0.420493465266 0.611268906573 0.665169376235
2864 262144 138213.687 160545.776 183624.246 8.17735601212 9.35285168761 10.8640530804 0.511084750758 0.584553230476 0.679003317522
3136 262144 150859.778 165255.977 171476.45 9.58829721516 9.9492145328 10.8986450186 0.599268575947 0.6218259083 0.68116531366
3440 262144 167789.775 168038.013 202330.478 8.9138855294 10.7329924212 10.7488714375 0.557117845587 0.670812026324 0.671804464843
3776 262144 181264.642 181555.992 232454.291 8.51656245829 10.90413743 10.921663851 0.532285153643 0.681508589372 0.682603990689
4144 131072 99764.178 100631.381 117010.29 9.28401028662 10.7950892177 10.8889258427 0.580250642914 0.674693076109 0.680557865169
4544 131072 112463.171 117111.173 118359.421 10.0641108746 10.1713807956 10.5917548421 0.629006929664 0.635711299724 0.661984677633
4992 131072 120295.79 120521.144 122188.093 10.709904835 10.8580354 10.8783761094 0.669369052187 0.6786272125 0.679898506839
5488 131072 131624.479 132025.418 140712.564 10.2240072322 10.8967371116 10.92992947 0.639000452014 0.681046069477 0.683120591877
6032 131072 144486.372 145768.15 161839.958 9.77047094884 10.8477236488 10.9439567629 0.610654434302 0.677982728051 0.683997297683
6624 131072 159294.071 162180.381 176330.497 9.847654748 10.7068552022 10.9008567933 0.61547842175 0.669178450136 0.681303549584
7280 131072 173488.676 185536.182 195238.456 9.77475626011 10.2859091926 11.0001895455 0.610922266257 0.64286932454 0.687511846595
8000 131072 190801.44 209906.807 212165.666 9.8845022361 9.99087180627 10.9912797304 0.617781389756 0.624429487892 0.686954983149
8800 65536 105242.143 117401.015 126736.907 9.10100796448 9.82473277595 10.9598072324 0.56881299778 0.614045798497 0.684987952022
9680 65536 119634.669 122209.636 163075.21 7.78031780551 10.3819715166 10.6054287658 0.486269862844 0.648873219784 0.662839297863
10640 65536 126222.796 128059.778 130222.033 10.7094479165 10.8902740718 11.0487655494 0.669340494784 0.68064212949 0.690547846841
11696 65536 139058.52 141310.501 148865.137 10.2980331251 10.8485788469 11.0242659853 0.643627070319 0.678036177934 0.68901662408
12864 65536 153465.99 157005.492 158454.905 10.6409467602 10.7391797989 10.9868656111 0.665059172513 0.67119873743 0.686679100692
14144 65536 167088.795 173589.4 177801.953 10.4266704427 10.679698 11.0951926369 0.651666902669 0.667481125 0.693449539809
15552 65536 188064.306 188405.939 299699.432 6.80158694462 10.8193603387 10.839014523 0.425099184038 0.676210021171 0.67743840769
17104 32768 101933.033 103751.849 140064.664 8.00293030368 10.8039302895 10.996707456 0.50018314398 0.675245643092 0.687294215998
18800 32768 113310.854 115400.0 143209.106 8.60334118698 10.6765753899 10.8734225937 0.537708824186 0.667285961872 0.679588912109
20672 32768 122987.108 124335.926 151148.106 8.96313045431 10.8959673651 11.0154650681 0.560195653394 0.680997960316 0.688466566756
22736 32768 134588.933 140374.372 190756.525 7.81114300546 10.6146618843 11.0709436711 0.488196437841 0.663416367768 0.691933979445
25008 32768 147999.064 154492.465 168776.2 9.7106362627 10.6084415703 11.0738827916 0.606914766418 0.663027598142 0.692117674474
27504 32768 164151.353 165835.455 192293.137 9.37372062322 10.8692206018 10.9807327875 0.585857538951 0.679326287614 0.686295799219
30240 32768 179031.521 186391.777 247875.075 7.99519128739 10.6324896511 11.0696073458 0.499699455462 0.664530603193 0.691850459116
33264 16384 99763.382 102200.491 164403.341 6.63000365668 10.6652594458 10.9257999293 0.414375228542 0.666578715361 0.68286249558
36576 16384 112512.197 113477.301 150578.613 7.95944619307 10.5617807036 10.6523772529 0.497465387067 0.660111293976 0.665773578308
40224 16384 122814.142 126110.364 132924.899 9.91582496519 10.4516392642 10.7321519374 0.619739060325 0.65322745401 0.670759496085
44240 16384 134333.296 134880.24 205821.452 7.04327127184 10.7477293931 10.7914892522 0.44020445449 0.67173308707 0.674468078264
48656 16384 146651.26 154324.539 156338.1 10.1981526448 10.3312138065 10.8717770853 0.637384540301 0.645700862907 0.679486067832
53520 16384 158915.081 163151.663 163238.362 10.7434511013 10.7491601848 11.035726433 0.67146569383 0.671822511549 0.689732902065
58864 16384 177560.084 180481.556 182881.885 10.5470017 10.6872723992 10.8631146626 0.659187606252 0.667954524949 0.678944666415
64736 16384 197424.742 197973.06 224597.574 9.44475583694 10.7149389316 10.7446980886 0.590297239809 0.669683683224 0.671543630534
71200 8192 108172.394 109618.515 110697.906 10.5380566097 10.6418226884 10.7840897004 0.658628538104 0.665113918027 0.674005606273
78320 8192 121065.351 121672.278 161075.568 7.96641536599 10.5463208308 10.5991918365 0.497900960374 0.659145051924 0.66244948978
86144 8192 128554.609 130750.246 140910.566 10.0161636992 10.7944982069 10.9788618781 0.626010231199 0.674656137932 0.686178867379
94752 8192 149452.532 151556.756 158890.476 9.77035758896 10.2431380096 10.3873567562 0.61064734931 0.640196125602 0.649209797262
104224 8192 160251.028 160719.885 192813.396 8.85626233148 10.6247339338 10.6558194185 0.553516395718 0.664045870864 0.665988713657
114640 8192 175264.026 177154.948 208660.985 9.00149953764 10.6023669178 10.7167557591 0.562593721102 0.662647932363 0.669797234944
126096 8192 192490.79 197327.504 208826.478 9.89317486837 10.4696852802 10.732756949 0.618323429273 0.65435533001 0.670797309315
138704 4096 104463.369 105595.761 106516.032 10.6675318885 10.7604998273 10.8771445807 0.666720743033 0.672531239204 0.679821536294
152560 4096 113852.371 118756.742 118992.777 10.5029191814 10.5237942617 10.9771233486 0.656432448837 0.657737141357 0.686070209289
167808 4096 124693.724 128897.693 129455.668 10.618948998 10.6649165241 11.0244773506 0.663684312378 0.666557282759 0.689029834413
184576 4096 140368.357 143449.357 143846.895 10.5114996886 10.540629973 10.7719903853 0.656968730538 0.658789373312 0.673249399079
203024 4096 152339.787 153409.206 153765.163 10.8163160989 10.8414133113 10.917519584 0.676019756178 0.677588331954 0.682344974002
223312 4096 166892.185 172871.903 177891.806 10.2836209555 10.5822396367 10.9613994448 0.642726309721 0.661389977294 0.6850874653
245632 4096 186931.844 187477.68 192518.992 10.4520459156 10.7331035033 10.7644438793 0.653252869722 0.670818968957 0.672777742459
270192 2048 102449.882 104471.076 106177.123 10.4232098284 10.5934242699 10.80241783 0.651450614272 0.662089016868 0.675151114376
297200 2048 109862.988 112246.899 113908.389 10.6869319344 10.8451209864 11.0804486767 0.6679332459 0.677820061648 0.692528042292
326912 2048 122915.95 123708.817 127016.122 10.542217247 10.8240591453 10.8938795331 0.65888857794 0.67650369658 0.680867470821
359600 2048 139219.534 139508.511 146918.815 10.0254116534 10.5579336303 10.5798486583 0.626588228335 0.659870851894 0.661240541144
395552 2048 149587.063 152031.745 153082.955 10.5836798878 10.6568598025 10.8310234823 0.661479992988 0.666053737659 0.676938967643
435104 2048 162836.27 166110.19 175719.43 10.1422249321 10.728938327 10.9446500095 0.633889058256 0.670558645439 0.684040625593
478608 2048 179498.793 186116.826 250972.189 7.81113786277 10.5330528686 10.9214013935 0.488196116423 0.65831580429 0.682587587093
526464 1024 100652.294 106730.232 136857.264 7.87826850024 10.1020887128 10.7121082804 0.492391781265 0.631380544549 0.669506767526
579104 1024 109177.594 115081.871 162131.33 7.31508828059 10.3057499995 10.8630804962 0.457193017537 0.644109374968 0.678942531011
637008 1024 120979.708 122804.719 229689.374 5.67981165729 10.623308246 10.78356367 0.35498822858 0.663956765375 0.673972729377
700704 1024 133709.566 133884.571 198005.365 7.2474894405 10.7185001325 10.73252898 0.452968090031 0.66990625828 0.670783061251
770768 1024 145734.286 151987.988 156873.51 10.0624564593 10.3859053914 10.8315819656 0.628903528709 0.649119086964 0.676973872847
847840 1024 158975.49 162223.865 172023.968 10.0938046029 10.7035812517 10.9222894674 0.630862787679 0.668973828234 0.682643091712
932624 1024 180962.761 184564.558 187811.541 10.1698433538 10.3487580319 10.5547348054 0.635615209611 0.646797376992 0.659670925335
1025872 1024 199499.067 208081.521 210235.562 9.99348462274 10.0969362676 10.5313066752 0.624592788921 0.631058516724 0.658206667202
1128448 512 113501.232 113897.992 124062.551 9.31409795048 10.1453127637 10.1807771743 0.582131121905 0.634082047733 0.636298573393
1241280 512 120482.239 123044.652 124118.117 10.2408153678 10.3301581933 10.5498597183 0.64005096049 0.645634887081 0.659366232395
1365408 512 133878.325 140172.934 156375.107 8.94117880284 9.97466309723 10.443645691 0.558823675177 0.623416443577 0.652727855685
1501936 512 148462.356 162244.845 256425.308 5.99777953274 9.47939186604 10.3594103276 0.374861220797 0.592461991628 0.647463145472
1652128 512 156777.484 165987.94 279572.845 6.05129969615 10.1921806608 10.7909568953 0.378206231009 0.637011291302 0.674434805957
1817328 512 177778.535 185452.566 189809.241 9.804284882 10.0346083753 10.4677646939 0.612767805125 0.627163023455 0.654235293367
1999056 512 197756.274 202145.364 203660.131 10.0512227599 10.126541136 10.3512940581 0.628201422496 0.632908821001 0.646955878629
2198960 256 112261.945 112712.344 115312.071 9.76365709363 9.98885729854 10.0289329568 0.610228568352 0.624303581159 0.626808309797
2418848 256 115603.626 124884.77 134011.18 9.24139445679 9.91674305842 10.7129007874 0.577587153549 0.619796441151 0.669556299212
2660720 256 125039.332 132620.683 132900.625 10.2504306507 10.2720677438 10.8948809803 0.64065191567 0.642004233985 0.680930061271
2926784 256 147961.968 156324.405 158754.154 9.43920754351 9.58592107227 10.127693138 0.589950471469 0.599120067017 0.632980821126
3219456 256 165073.389 169819.829 170506.12 9.66746221191 9.70653122021 9.98562810145 0.604216388245 0.606658201263 0.624101756341
3541392 256 174391.802 178341.871 184142.583 9.84667790828 10.1669489831 10.3972358976 0.615417369268 0.635434311441 0.649827243599
3895520 256 202506.306 206534.272 212790.589 9.37309422082 9.65702312108 9.84910682238 0.585818388801 0.603563945068 0.615569176399
4285072 128 110193.408 115650.172 122414.432 8.96118549159 9.48531604432 9.95502772725 0.560074093225 0.59283225277 0.622189232953
4713568 128 124530.833 127842.105 196939.56 6.12712554044 9.43877925039 9.68975617468 0.382945346278 0.589923703149 0.605609760918
5184912 128 142800.008 152019.945 198483.238 6.68740335645 8.73133766757 9.2950798154 0.417962709778 0.545708604223 0.580942488463
5703392 128 157687.149 160423.621 222407.813 6.56482491467 9.10133023366 9.25927294177 0.410301557167 0.568833139604 0.57870455886
6273728 128 176785.485 183644.962 188642.182 8.51386657519 8.74554003828 9.08487689473 0.532116660949 0.546596252393 0.567804805921
6901088 128 200317.437 210102.857 219173.484 8.06063989018 8.40863638518 8.81939462914 0.503789993136 0.525539774074 0.551212164321
7591184 128 213766.038 223417.654 235310.194 8.25864392428 8.698252216 9.09098153375 0.516165245268 0.5436407635 0.568186345859
8350288 128 234045.873 242493.803 246589.954 8.66894086042 8.81537466753 9.13356728149 0.541808803776 0.550960916721 0.570847955093
9185312 64 130016.639 138086.984 138705.681 8.47636468473 8.5143429304 9.04284209346 0.529772792796 0.53214643315 0.565177630842
10103840 64 145111.031 145520.792 148416.678 8.71392310775 8.8873315093 8.91242733986 0.544620194235 0.555458219331 0.557026708741
11114224 64 159694.57 163180.356 164027.865 8.6730426687 8.71808780709 8.90838474971 0.542065166793 0.544880487943 0.556774046857
12225632 64 179492.194 183232.253 185292.317 8.44547103375 8.54042271695 8.7183785608 0.527841939609 0.53377641981 0.54489866005
13448192 64 196555.699 199662.612 201424.237 8.54598533741 8.62138664198 8.75766301744 0.534124083588 0.538836665124 0.54735393859
14793008 64 203841.967 221270.003 224008.435 8.45282912672 8.55744112771 9.28908336133 0.52830182042 0.534840070482 0.580567710083
16272304 64 236511.084 244101.786 244523.449 8.51801706756 8.5327311452 8.80658477723 0.532376066722 0.533295696575 0.550411548577
17899520 32 127186.897 139740.569 142045.749 8.06479101321 8.19782893542 9.00697561636 0.504049438326 0.512364308464 0.562935976023
19689472 32 145756.957 149024.498 151656.791 8.30906548722 8.4558325974 8.64539322126 0.519316592951 0.528489537338 0.540337076329
21658416 32 152751.648 158669.781 164393.365 8.43184044563 8.73599632686 9.07445937343 0.526990027852 0.545999770429 0.567153710839
23824256 32 171467.202 176457.597 178823.154 8.52659373182 8.64089962644 8.89238505216 0.532912108239 0.540056226653 0.55577406576
26206672 32 192178.023 197373.971 201230.466 8.33485625382 8.49771122049 8.72746520033 0.520928515864 0.531106951281 0.54546657502
28827328 32 209862.02 219548.417 221864.97 8.31563897627 8.40338098179 8.79124765882 0.519727436017 0.525211311362 0.549452978676
31710048 32 222885.131 223459.681 237822.842 8.53342368182 9.08192056356 9.1053318043 0.533338980114 0.567620035222 0.569083237769
34881040 16 128876.565 129263.513 135845.527 8.2166362386 8.6350220112 8.66094840439 0.513539764913 0.5396888757 0.541309275274
38369136 16 137486.373 137549.061 138920.569 8.83823296174 8.92635938823 8.93042943245 0.552389560109 0.557897461765 0.558151839528
42206048 16 152959.254 153383.129 160297.666 8.42553463006 8.80535913438 8.82976021837 0.526595914378 0.550334945899 0.551860013648
46426640 16 168576.346 169524.429 172868.427 8.59412274284 8.76364833531 8.81293559418 0.537132671428 0.547728020957 0.550808474636
51069296 16 188522.746 188633.562 190027.956 8.5998792304 8.66345020829 8.66854269139 0.5374924519 0.541465638018 0.541783918212
56176224 16 203622.85 206050.132 208748.54 8.61150534514 8.72428059401 8.82827820159 0.538219084071 0.545267537125 0.551767387599
61793840 16 226030.564 226544.716 234679.04 8.42598844788 8.72853233973 8.7483871429 0.526624277993 0.545533271233 0.546774196431
67973216 8 125449.983 132060.75 135005.182 8.05577563682 8.23538754702 8.6693631198 0.503485977301 0.514711721689 0.541835194988
74770528 8 133439.518 152420.584 171461.936 6.97722465936 7.84886408781 8.96532351084 0.43607654121 0.490554005488 0.560332719427
82247568 8 142568.426 171791.256 314591.638 4.1830771357 7.66023323096 9.23038238495 0.261442320981 0.478764576935 0.576898899059
90472320 8 165999.096 166783.83 252472.213 5.73353044598 8.67924138689 8.72027110316 0.358345652874 0.542452586681 0.545016943948
99519552 8 184848.685 187241.4 197227.069 8.0735004585 8.50406390894 8.61414205895 0.504593778656 0.531503994309 0.538383878684
109471504 8 204571.496 204896.049 206992.051 8.46189047134 8.54845211779 8.56201425051 0.528868154459 0.534278257362 0.535125890657
120418640 8 215619.052 220716.169 227482.473 8.46965576992 8.72930265476 8.93565861703 0.52935348562 0.545581415922 0.558478663564
132460496 8 233452.213 236882.441 237694.028 8.91637014961 8.94691867854 9.07838014797 0.557273134351 0.559182417408 0.567398759248
145706544 4 135705.078 137296.31 139505.896 8.35557768827 8.49004865462 8.58960010325 0.522223605517 0.530628040914 0.536850006453
160277184 4 159500.197 159550.79 234236.146 5.47403760648 8.03642195692 8.03897108666 0.342127350405 0.502276372308 0.502435692916
176304896 4 181208.819 184271.807 262439.227 5.37434584046 7.65412349812 7.78350179524 0.335896615029 0.478382718633 0.486468862203
193935376 4 189110.031 195208.996 200208.778 7.7493255965 7.94780486448 8.20412856894 0.484332849781 0.49673780403 0.512758035559
213328912 4 190021.517 198558.412 204471.795 8.34653647952 8.59510951367 8.98125287569 0.52165852997 0.537194344604 0.561328304731
234661792 4 218318.208 219379.47 221622.3 8.47069241678 8.55729269471 8.59889036832 0.529418276049 0.534830793419 0.53743064802
258127968 4 235786.232 237393.696 240553.057 8.5844834805 8.69873033191 8.75803360732 0.536530217531 0.543670645745 0.547377100458
283940752 2 133853.17 134959.413 135911.112 8.35666040316 8.41558941872 8.48514090477 0.522291275198 0.52597433867 0.530321306548
312334816 2 147067.55 147216.942 147991.929 8.44194188455 8.48638238933 8.49500290173 0.527621367784 0.530398899333 0.530937681358
343568288 2 152765.898 157672.0 159254.966 8.62938962921 8.71602536912 8.99594196082 0.539336851825 0.54475158557 0.562246372551
377925104 2 173387.459 174893.352 178006.804 8.49237434767 8.6435556224 8.7186260455 0.530773396729 0.5402222264 0.544914127844
415717600 2 191246.568 192991.423 194945.883 8.52990775907 8.61629171987 8.69490322043 0.533119234942 0.538518232492 0.543431451277
457289360 2 217477.009 220946.083 224968.416 8.13072995989 8.27875025058 8.41080833515 0.508170622493 0.517421890661 0.525675520947
503018288 2 233017.208 243714.545 249108.242 8.07710389606 8.25585995288 8.63486936982 0.504818993504 0.515991247055 0.539679335614
553320112 1 124628.789 126613.434 127177.725 8.7015255541 8.74030653019 8.8794911102 0.543845347131 0.546269158137 0.554968194387
608652112 1 139589.315 140505.833 141091.948 8.6277370272 8.66372732013 8.72061177462 0.5392335642 0.541482957508 0.545038235914
669517312 1 157411.358 159502.493 161669.705 8.28253273549 8.39507018865 8.50659470202 0.517658295968 0.524691886791 0.531662168876
736469040 1 169534.373 172921.043 172928.78 8.5175994418 8.51798054445 8.68813830455 0.532349965113 0.532373784028 0.543008644035
810115936 1 178242.573 180481.894 186838.931 8.6718108658 8.97725437212 9.09003861833 0.541988179112 0.561078398258 0.568127413645
891127520 1 192639.695 203667.045 208534.592 8.54656785192 8.7508268213 9.25175385063 0.534160490745 0.546926676331 0.578234615664
980240272 1 220741.035 222410.529 223277.177 8.7804789112 8.814693049 8.88135975262 0.54877993195 0.550918315562 0.555084984539

META_DATA
ERT_VERSION  1.1.0
TIMESTAMP_DATA  1535252527.87
OPENMP_THREADS 2
UNAME  ('Linux', 'atajo-Inspiron-15-7568', '4.15.0-33-generic', '#36-Ubuntu SMP Wed Aug 15 16:00:05 UTC 2018', 'x86_64', 'x86_64')
FLOPS          1
HOSTNAME  ('atajo-Inspiron-15-7568', [], ['127.0.1.1'])
TIMESTAMP_DATA  1535252471.57
TIMESTAMP_DATA  1535252588.12
CONFIG  {'ERT_WORKING_SET_MIN': ['1'], 'ERT_CFLAGS': [], 'ERT_CC': ['gcc'], 'ERT_MPI_CFLAGS': ['-I/usr/include/mpi'], 'ERT_MPI_LDFLAGS': ['-lmpi'], 'ERT_MEMORY_MAX': ['1073741824'], 'ERT_PROCS_THREADS': ['1-4'], 'ERT_LDFLAGS': [], 'ERT_LDLIBS': [], 'ERT_RUN': ['export', 'OMP_NUM_THREADS=ERT_OPENMP_THREADS;', 'mpirun', '-np', 'ERT_MPI_PROCS', 'ERT_CODE'], 'ERT_FLOPS': ['1,2,4'], 'ERT_OPENMP_CFLAGS': ['-fopenmp'], 'ERT_MPI': ['False'], 'ERT_TRIALS_MIN': ['1'], 'ERT_DRIVER': ['driver1'], 'ERT_RESULTS': ['Results/myLaptop'], 'ERT_OPENMP': ['True'], 'ERT_MPI_PROCS': ['1,2,4,8'], 'ERT_KERNEL': ['kernel1'], 'ERT_GPU': [False], 'ERT_OPENMP_THREADS': ['1,2,4'], 'ERT_LD': ['gcc'], 'ERT_NUM_EXPERIMENTS': ['3'], 'ERT_OPENMP_LDFLAGS': ['-fopenmp'], 'ERT_ALIGN': ['64'], 'ERT_GNUPLOT': ['gnuplot']}
