8 134217728 618610.923 634330.943 637490.45 3.36865226452 3.38543101467 3.47146092666 0.210540766532 0.211589438417 0.216966307916
16 67108864 444213.827 456873.561 458758.368 4.68107787845 4.70038941036 4.83434669853 0.292567367403 0.293774338148 0.302146668658
24 33554432 304294.813 309466.902 316459.287 5.08947849585 5.20447493929 5.29293522989 0.318092405991 0.325279683706 0.330808451868
32 33554432 390882.891 394565.497 401602.137 5.34729138655 5.44265442449 5.49393104033 0.334205711659 0.340165901531 0.343370690021
40 16777216 239920.018 246862.184 247474.061 5.42350691049 5.43694971118 5.59426967032 0.338969181905 0.339809356949 0.349641854395
48 16777216 283606.102 289114.175 296901.003 5.42474669915 5.57085357714 5.67904824558 0.339046668697 0.348178348571 0.354940515349
56 16777216 330922.368 337437.572 339479.61 5.53508410122 5.56858022912 5.67821451102 0.345942756326 0.34803626432 0.354888406939
64 16777216 375067.057 378385.878 384742.582 5.58161157218 5.67538000982 5.72559921732 0.348850723261 0.354711250614 0.357849951082
72 8388608 211764.453 214306.452 217251.172 5.56019809182 5.63659908849 5.70426025184 0.347512380739 0.35228744303 0.35651626574
80 8388608 232774.65 236040.842 236781.748 5.66841528681 5.68620781314 5.76599419224 0.354275955425 0.355387988321 0.360374637015
88 8388608 260191.594 260797.088 275784.435 5.35343848539 5.66108701336 5.67426097555 0.334589905337 0.353817938335 0.354641310972
96 8388608 279782.761 292918.254 307016.136 5.24601982483 5.49850585959 5.75665466394 0.327876239052 0.343656616224 0.359790916496
104 8388608 309174.14 325403.893 354648.588 4.91988555161 5.36204545039 5.6435200693 0.307492846976 0.335127840649 0.352720004332
112 8388608 325882.486 352459.306 408917.699 4.5951745219 5.33124862931 5.76603000383 0.287198407619 0.333203039332 0.36037687524
120 8388608 348435.305 355383.486 386159.84 5.21355592026 5.66505197712 5.77801930835 0.325847245016 0.35406574857 0.361126206772
128 8388608 371319.296 377291.812 400449.861 5.36267797081 5.69183740462 5.78338823523 0.335167373176 0.355739837789 0.361461764702
136 4194304 197485.261 203266.412 205037.547 5.56410620734 5.61258831095 5.77689029664 0.347756637959 0.350786769434 0.36105564354
144 4194304 208371.7 212870.159 212998.108 5.671221981 5.67463075931 5.79713824862 0.354451373812 0.354664422457 0.362321140539
152 4194304 260013.85 271480.708 279533.488 4.56141561114 4.69671832446 4.90384806809 0.285088475696 0.293544895279 0.306490504256
160 4194304 234715.692 262882.417 288394.286 4.65396627172 5.10561830387 5.71831081494 0.290872891982 0.319101143992 0.357394425934
176 4194304 254271.936 256877.472 306331.683 4.81959617608 5.74746783556 5.80636239778 0.301224761005 0.359216739723 0.362897649861
192 4194304 276169.016 282591.098 381272.662 4.22430689772 5.69944611631 5.83198202075 0.264019181108 0.356215382269 0.364498876297
208 4194304 300687.8 305598.061 311990.451 5.59257649844 5.70955999619 5.80279766588 0.349536031152 0.356847499762 0.362674854118
224 4194304 323775.266 330248.336 367317.614 5.11559511546 5.68980366339 5.80355694002 0.319724694716 0.355612728962 0.362722308751
240 4194304 348443.996 352747.516 420618.193 4.78644517404 5.70738510884 5.77787519117 0.299152823378 0.356711569303 0.361117199448
264 2097152 203840.079 211735.628 288009.976 3.84464549242 5.22961707701 5.43218125421 0.240290343276 0.326851067313 0.339511328388
288 2097152 211022.251 215251.946 219453.327 5.50440300228 5.61184033152 5.72432312837 0.344025187643 0.35074002072 0.357770195523
312 2097152 224955.984 233603.877 238019.187 5.49797209416 5.60188839674 5.81723955385 0.343623255885 0.350118024796 0.363577472116
336 2097152 262391.22 264502.044 297680.812 4.73421895933 5.32807279176 5.3709348354 0.295888684958 0.333004549485 0.335683427212
368 2097152 269149.145 287527.241 299800.314 5.14843981117 5.368200476 5.73475301956 0.321777488198 0.33551252975 0.358422063722
400 2097152 299122.515 305203.444 322521.953 5.20188342032 5.49705985624 5.60881082455 0.32511771377 0.343566241015 0.350550676535
440 2097152 321729.993 348924.701 357755.967 5.15852684576 5.28908889142 5.73615702655 0.32240792786 0.330568055714 0.35850981416
480 2097152 357480.881 375524.666 382015.578 5.27011471768 5.36120820356 5.63181425079 0.329382169855 0.335075512723 0.351988390674
528 1048576 191444.828 206757.016 229036.302 4.83458843131 5.35554380413 5.78389224492 0.302161776957 0.334721487758 0.361493265308
576 1048576 212410.285 214692.648 225245.023 5.36286900333 5.62645979382 5.68691648806 0.335179312708 0.351653737114 0.355432280504
632 1048576 239456.448 250327.565 255814.346 5.1811013914 5.29466287103 5.53503601624 0.323818836962 0.330916429439 0.345939751015
688 1048576 262624.826 273548.692 354440.54 4.07075493114 5.27452924542 5.49392301549 0.254422183196 0.329658077839 0.343370188468
752 1048576 293275.967 295844.186 307942.828 5.12126979622 5.33070575198 5.37738676691 0.320079362264 0.333169109499 0.336086672932
824 1048576 314085.786 319696.541 326851.113 5.28697372984 5.40529228935 5.50185116623 0.330435858115 0.337830768085 0.343865697889
904 1048576 342709.596 343847.842 353000.278 5.37060599142 5.51355912828 5.53187138653 0.335662874464 0.344597445518 0.345741961658
992 1048576 381183.938 381582.518 382388.538 5.44047369955 5.45196565845 5.45766643504 0.340029606222 0.340747853653 0.34110415219
1088 524288 205654.47 208582.968 208765.309 5.46475223046 5.46952945842 5.54741498203 0.341547014404 0.341845591151 0.346713436377
1192 524288 222675.605 225120.211 227269.505 5.49964937883 5.55215627441 5.61310967135 0.343728086177 0.347009767151 0.35081935446
1304 524288 242651.185 246178.567 251164.819 5.44400728352 5.55427355299 5.63501515148 0.34025045522 0.347142097062 0.352188446968
1432 524288 269100.091 269242.401 286166.539 5.24715725761 5.57698500096 5.57993431522 0.327947328601 0.34856156256 0.348745894701
1568 524288 291046.981 292745.408 312342.899 5.26398126311 5.61637218918 5.64914696023 0.328998828944 0.351023261823 0.353071685014
1720 524288 317268.282 319641.208 348259.13 5.17876076932 5.64242242508 5.68462346324 0.323672548082 0.352651401568 0.355288966453
1888 524288 348993.199 362310.291 384696.51 5.14616440893 5.46413264314 5.67263629685 0.321635275558 0.341508290196 0.354539768553
2072 262144 191028.277 191634.409 197026.92 5.51358533139 5.66873528438 5.68672215999 0.344599083212 0.354295955274 0.355420134999
2272 262144 211794.951 215944.389 221936.897 5.36721181607 5.51615321665 5.62422442261 0.335450738504 0.344759576041 0.351514026413
2496 262144 230483.118 233927.464 235358.381 5.56012852587 5.59413942093 5.67773839297 0.347508032867 0.349633713808 0.354858649561
2744 262144 253274.376 256379.308 257020.76 5.59739326893 5.61139774977 5.68018879257 0.349837079308 0.350712359361 0.355011799536
3016 262144 277930.616 281084.881 289980.167 5.45296812661 5.62553418873 5.68937899235 0.340810507913 0.351595886795 0.355586187022
3312 262144 304724.332 305619.905 315781.899 5.49886444251 5.68170406309 5.6984023711 0.343679027657 0.355106503943 0.356150148194
3640 262144 333371.966 335419.746 360574.985 5.29268085527 5.68961232235 5.72456149477 0.330792553455 0.355600770147 0.357785093423
4000 262144 365481.411 365920.929 368521.239 5.69072221099 5.73116166307 5.73805380214 0.355670138187 0.358197603942 0.358628362634
4400 131072 200758.118 202564.808 209091.397 5.5164086928 5.69414604337 5.7453895837 0.3447755433 0.355884127711 0.359086848981
4840 131072 220788.433 221979.738 222529.437 5.70161402961 5.71573320805 5.74657350822 0.356350876851 0.357233325503 0.359160844264
5320 131072 243543.547 245618.293 246255.112 5.66325737839 5.67794060844 5.72631095005 0.353953586149 0.354871288027 0.357894434378
5848 131072 266221.708 266388.524 268101.678 5.71804743423 5.75482039909 5.7584264015 0.357377964639 0.359676274943 0.359901650094
6432 131072 293326.137 294044.508 294515.934 5.72502202207 5.73420064693 5.74824400323 0.357813876379 0.358387540433 0.359265250202
7072 131072 320675.828 323355.599 332061.628 5.58294669326 5.73326199928 5.78117277988 0.348934168329 0.358328874955 0.361323298743
7776 131072 354282.677 362513.717 365058.304 5.58385255633 5.62304720734 5.75368731337 0.348990784771 0.351440450459 0.359605457085
8552 65536 195091.271 196225.511 199277.084 5.62497062633 5.71244655339 5.74565811302 0.351560664145 0.357027909587 0.359103632064
9400 65536 214849.127 218344.476 219862.762 5.60384482025 5.64281186578 5.73461394609 0.350240301266 0.352675741611 0.358413371631
10336 65536 234560.089 239124.04 239805.159 5.64942054478 5.66551230901 5.7757489681 0.353088784049 0.354094519313 0.360984310506
11368 65536 263637.917 264128.582 273203.585 5.45390535779 5.64129214914 5.65179133926 0.340869084862 0.352580759321 0.353236958703
12504 65536 287837.925 289222.577 302520.087 5.4175717859 5.66665405239 5.69391364255 0.338598236619 0.354165878274 0.355869602659
13752 65536 316550.371 318823.647 327884.096 5.4973759508 5.65360242554 5.69420322682 0.343585996925 0.353350151597 0.355887701676
15120 65536 348282.522 350721.871 359653.066 5.51033433982 5.65065598661 5.6902328277 0.344395896239 0.353165999163 0.355639551732
16632 32768 190149.921 190563.271 275597.652 3.95502190998 5.71985748502 5.73229137445 0.247188869374 0.357491092814 0.358268210903
18288 32768 210603.233 211424.849 256305.037 4.67615612252 5.66878668079 5.69090203853 0.292259757657 0.35429916755 0.355681377408
20112 32768 229178.863 230400.222 255190.617 5.16500194049 5.72074115449 5.75122860261 0.322812621281 0.357546322156 0.359451787663
22120 32768 253833.771 254902.33 276643.002 5.24016985617 5.68710501783 5.71104591122 0.32751061601 0.355444063614 0.356940369451
24328 32768 277789.633 279181.134 296222.189 5.38231053312 5.71084365608 5.73945035595 0.33639440832 0.356927728505 0.358715647247
26760 32768 306743.203 308229.375 318780.218 5.50141840985 5.68973466594 5.71730145232 0.343838650615 0.355608416622 0.35733134077
29432 32768 336580.629 339220.426 347641.145 5.5484098466 5.68614211928 5.7307384496 0.346775615412 0.355383882455 0.3581711531
32368 32768 370160.181 371301.05 387402.455 5.47562159357 5.71307096492 5.7306791948 0.342226349598 0.357066935308 0.358167449675
35600 16384 203966.488 204640.345 206662.26 5.64467261705 5.70044386897 5.71927678629 0.352792038566 0.356277741811 0.357454799143
39160 16384 221917.264 223336.644 228100.462 5.62556896531 5.74556354487 5.78231209628 0.351598060332 0.359097721554 0.361394506017
43072 16384 245955.474 246401.917 249153.314 5.66471813415 5.72797205957 5.73836911635 0.354044883385 0.357998253723 0.358648069772
47376 16384 269957.715 271200.123 282055.261 5.50394544139 5.72424802329 5.75059233999 0.343996590087 0.357765501456 0.359412021249
52112 16384 295895.327 299466.982 326519.045 5.2297286855 5.70215121746 5.77098000605 0.326858042844 0.356384451091 0.360686250378
57320 16384 324824.297 328450.409 343897.545 5.46168993443 5.71855509548 5.78239305787 0.341355620902 0.357409693468 0.361399566117
63048 16384 357708.743 359961.251 369501.626 5.59119830233 5.73938683195 5.77552800827 0.349449893896 0.358711676997 0.360970500517
69352 8192 197468.214 197845.744 203424.412 5.58567753412 5.74317720982 5.75415731466 0.349104845883 0.358948575614 0.359634832166
76280 8192 217614.726 217777.446 217978.887 5.73345215769 5.73875551833 5.74304663555 0.358340759855 0.358672219896 0.358940414722
83904 8192 238086.599 238816.533 245952.037 5.58923257058 5.75623102275 5.77387867177 0.349327035661 0.359764438922 0.360867416986
92288 8192 262724.34 263007.293 268189.723 5.63797365196 5.7490671637 5.75525888465 0.352373353247 0.359316697731 0.359703680291
101512 8192 288992.468 289490.788 303478.995 5.48035493527 5.74516591526 5.75507250936 0.342522183455 0.359072869704 0.359692031835
111656 8192 317775.103 318657.538 320041.121 5.71605266937 5.74087126726 5.75681318873 0.357253291836 0.358804454204 0.359800824296
122816 8192 349732.812 357602.888 370010.171 5.43827576026 5.62696055184 5.75358466508 0.339892235016 0.35168503449 0.359599041568
135096 4096 192158.284 193397.322 194924.14 5.67762634223 5.7224496211 5.75934801749 0.354851646389 0.357653101319 0.359959251093
148600 4096 212559.507 212624.545 225949.975 5.38761378487 5.72526186946 5.72701365929 0.336725861554 0.357828866841 0.357938353705
163456 4096 232911.9 233358.042 246697.559 5.4278265153 5.73809901953 5.74909032986 0.339239157206 0.358631188721 0.359318145616
179800 4096 258466.536 259263.094 261955.145 5.62280080431 5.68118499735 5.69869362121 0.35142505027 0.355074062335 0.356168351326
197776 4096 282055.83 283049.996 290636.085 5.57460369038 5.72400994487 5.74418544017 0.348412730649 0.357750621555 0.35901159001
217552 4096 311018.216 311187.1 313268.162 5.68901088646 5.72705611512 5.730165927 0.355563180404 0.357941007195 0.358135370438
239304 4096 341740.13 343529.137 356853.054 5.49351713829 5.70658543004 5.73645936168 0.343344821143 0.356661589378 0.358528710105
263232 2048 188018.916 188028.874 205249.09 5.25312083966 5.73421650124 5.73452020115 0.328320052479 0.358388531327 0.358407512572
289552 2048 206252.541 206590.04 212416.026 5.5834063669 5.74086239588 5.75025639078 0.348962897931 0.358803899743 0.359391024424
318504 2048 227007.112 229775.394 233213.358 5.59398653314 5.67768533127 5.74692295984 0.349624158321 0.354855333204 0.35918268499
350352 2048 249331.997 250904.095 258607.633 5.54910841321 5.71948334283 5.75554605613 0.346819275825 0.357467708927 0.359721628508
385384 2048 276155.943 288801.152 290578.044 5.43238863567 5.46581221393 5.71609231672 0.339524289729 0.341613263371 0.357255769795
423920 2048 301673.57 303602.922 315948.287 5.49576114651 5.71923454676 5.75581188634 0.343485071657 0.357452159173 0.359738242896
466312 2048 333363.655 335157.786 396332.454 4.81922167292 5.69885000971 5.72952067015 0.301201354558 0.356178125607 0.358095041885
512936 2048 367795.787 370138.953 374560.078 5.60920925481 5.67620845894 5.71237064224 0.350575578426 0.354763028683 0.35702316514
564224 1024 202265.846 203477.882 241162.399 4.79150463253 5.67890102178 5.71293065464 0.299469039533 0.354931313861 0.357058165915
620640 1024 223206.724 226585.954 256884.072 4.94803243387 5.60966245948 5.69458973826 0.309252027117 0.350603903718 0.355911858641
682704 1024 246428.306 247830.416 280871.696 4.97799462143 5.64167148878 5.67377106427 0.311124663839 0.352604468049 0.354610691517
750968 1024 270241.291 273277.93 303770.761 5.06297070507 5.62790586126 5.69114534018 0.316435669067 0.351744116329 0.355696583762
826064 1024 298737.934 299215.103 324110.099 5.21976660777 5.65405641305 5.6630875408 0.326235412985 0.353378525816 0.3539429713
908664 1024 328443.358 330715.38 366519.626 5.07733758301 5.62702548639 5.66595069339 0.317333598938 0.351689092899 0.354121918337
999528 1024 364621.517 376318.154 403999.072 5.0669258567 5.43963484685 5.61413204805 0.316682866044 0.339977177928 0.350883253003
1099480 512 199382.302 200027.025 204998.979 5.49206403608 5.62857703853 5.6467776162 0.343254002255 0.351786064908 0.352923601012
1209424 512 219000.294 220555.415 228867.949 5.41119969577 5.61514291544 5.65501604304 0.338199980986 0.350946432215 0.35343850269
1330360 512 243436.071 243926.083 244060.265 5.58177153499 5.58484202774 5.59608374553 0.348860720937 0.349052626734 0.349755234096
1463392 512 266310.361 268444.96 308941.042 4.85048343949 5.58219982227 5.62694369972 0.303155214968 0.348887488892 0.351683981233
1609728 512 292234.448 293363.95 293418.931 5.61777478495 5.61882764396 5.64054471771 0.35111092406 0.351176727747 0.352534044857
1770696 512 321905.276 321928.887 344516.72 5.26300350241 5.63227711839 5.63269023276 0.328937718901 0.3520173199 0.352043139548
1947760 512 353078.996 353702.759 400923.943 4.97477457963 5.63893322642 5.64889518378 0.310923411227 0.352433326651 0.353055948987
2142536 256 193694.571 195637.896 220815.897 4.96784174918 5.60718784258 5.66344439256 0.310490109324 0.350449240162 0.353965274535
2356784 256 215528.07 216572.811 257821.967 4.68025832725 5.57167542144 5.5986833084 0.292516145453 0.34822971384 0.349917706775
2592456 256 236249.386 236728.869 311259.754 4.26440442409 5.60699452334 5.61837427167 0.266525276506 0.350437157709 0.351148391979
2851696 256 260728.343 260740.187 262218.129 5.56814419189 5.59970585585 5.5999602314 0.348009011993 0.349981615991 0.349997514463
3136864 256 290142.757 302553.574 315734.363 5.08678989749 5.30839661474 5.53546255852 0.317924368593 0.331774788421 0.345966409908
3450544 256 320909.133 322980.114 328832.273 5.37258253845 5.46992973072 5.50522981844 0.335786408653 0.34187060817 0.344076863652
3795592 256 356459.433 356610.831 432032.943 4.49813639327 5.44947863347 5.45179317502 0.281133524579 0.340592414592 0.340737073439
4175144 256 391537.007 392445.24 500290.828 4.27286212011 5.44706244367 5.45969778024 0.267053882507 0.340441402729 0.341231111265
4592656 128 220006.797 220284.494 274098.804 4.28940191946 5.3372795999 5.34401642146 0.268087619966 0.333579974994 0.334001026341
5051920 128 242188.006 243343.072 290279.025 4.45533920338 5.31468395369 5.34003124829 0.278458700211 0.332167747106 0.333751953018
5557112 128 271153.973 275594.613 302970.846 4.69556952684 5.16200464339 5.24654186793 0.293473095428 0.322625290212 0.327908866746
6112816 128 302151.071 304853.213 378809.41 4.1310507466 5.13322749857 5.17913403656 0.258190671663 0.320826718661 0.323695877285
6724096 128 333589.983 335902.814 397038.352 4.33552216638 5.12460302283 5.160132689 0.270970135399 0.320287688927 0.322508293062
7396504 128 366632.143 370904.99 391605.184 4.8352399339 5.10509449873 5.16459088531 0.302202495869 0.319068406171 0.322786930332
8136152 128 405672.889 407916.809 473254.229 4.40113322685 5.10607767575 5.13432119443 0.275070826678 0.319129854735 0.320895074652
8949760 64 221187.704 221417.834 264576.105 4.32982895413 5.17378956927 5.1791725276 0.270614309633 0.32336184808 0.323698282975
9844736 64 244259.742 245771.636 281885.757 4.47034366479 5.12722390797 5.15895987477 0.279396479049 0.320451494248 0.322434992173
10829208 64 269878.093 270371.643 321682.783 4.30902335236 5.12678995704 5.13616577245 0.269313959523 0.320424372315 0.321010360778
11912128 64 298182.382 298677.867 305656.751 4.98844661213 5.10500627085 5.11348917992 0.311777913258 0.319062891928 0.319593073745
13103336 64 326066.124 329089.451 398302.472 4.21093798283 5.09656873808 5.14382477831 0.263183623927 0.31853554613 0.321489048645
14413664 64 361454.865 377431.947 423659.714 4.35478977829 4.88816330113 5.10423062642 0.272174361143 0.305510206321 0.319014414151
15855024 64 397366.919 399897.485 773302.852 2.62438327591 5.07490831556 5.10722703618 0.164023954744 0.317181769723 0.319201689761
17440520 32 216776.638 218564.563 423206.533 2.63746703551 5.10692705478 5.14904784159 0.164841689719 0.319182940924 0.321815490099
19184568 32 237587.201 243581.914 607008.314 2.02272740534 5.04065483285 5.16783878438 0.126420462834 0.315040927053 0.322989924024
21103024 32 261970.702 267402.074 673572.331 2.00512027267 5.05079678627 5.15551367267 0.125320017042 0.315674799142 0.322219604542
23213320 32 292459.952 292938.223 678622.472 2.18921792498 5.07155558187 5.07984929164 0.136826120312 0.316972223867 0.317490580727
25534648 32 319783.267 322892.586 666701.142 2.45119944912 5.0611799182 5.11039081979 0.15319996557 0.316323744888 0.319399426237
28088112 32 352164.761 356022.954 563027.8 3.19280711894 5.04922266332 5.10454016721 0.199550444934 0.315576416458 0.319033760451
30896920 32 387453.442 387769.294 450022.345 4.39401043519 5.09943131289 5.10358836869 0.2746256522 0.318714457055 0.318974273043
33986608 16 212652.322 214980.258 252198.225 4.31236760687 5.05893641638 5.11431733155 0.269522975429 0.316183526024 0.319644833222
37385264 16 235040.333 239177.712 339933.446 3.51930197536 5.00183916802 5.08988577718 0.21995637346 0.312614948002 0.318117861074
41123784 16 255170.482 259416.694 270941.907 4.85698614353 5.07276948029 5.15718384699 0.30356163397 0.317048092518 0.322323990437
45236160 16 283163.511 287457.394 463185.445 3.125221519 5.03572755551 5.11208917734 0.195326344937 0.314732972219 0.319505573584
49759776 16 311078.066 315820.804 506113.494 3.14615763238 5.04182375522 5.11869207776 0.196634852024 0.315113984701 0.31991825486
54735752 16 344922.467 345021.154 479888.433 3.6498984838 5.07662803771 5.07808052991 0.228118655238 0.317289252357 0.317380033119
60209320 16 377133.426 382961.96 596035.174 3.23252439461 5.03104339658 5.10879733052 0.202032774663 0.314440212286 0.319299833158
66230248 16 411469.11 419727.493 609297.539 3.47837928162 5.04939031001 5.15073400285 0.217398705101 0.315586894376 0.321920875178
72853272 8 227675.04 228333.227 292585.299 3.98397443749 5.10504917447 5.11980738864 0.248998402343 0.319065573404 0.31998796179
80138592 8 247537.863 256715.92 307462.27 4.17032461251 4.99469402599 5.17988422644 0.260645288282 0.312168376624 0.323742764152
88152448 8 277331.546 279433.97 334695.774 4.21409314836 5.04748641692 5.08575093004 0.263380821773 0.315467901057 0.317859433128
96967688 8 301690.583 308052.65 504785.077 3.07355165335 5.03642155976 5.14262988447 0.192096978334 0.314776347485 0.32141436778
106664456 8 331959.9 336761.422 431541.801 3.95472997528 5.06777553636 5.14107666619 0.247170623455 0.316735971022 0.321317291637
117330896 8 367230.569 374251.879 474085.058 3.95982599393 5.01612534589 5.11203177097 0.24748912462 0.313507834118 0.319501985686
129063984 8 400328.004 406481.071 475913.048 4.33907780566 5.08024577607 5.15832947824 0.271192362854 0.317515361004 0.32239559239
141970376 4 226082.412 232167.667 236625.288 4.79983782629 4.89199474964 5.02366813036 0.299989864143 0.305749671852 0.313979258148
156167408 4 244464.929 250538.698 279078.777 4.4766545039 4.98661194447 5.11050509008 0.279790906494 0.31166324653 0.31940656813
171784144 4 268600.852 270955.584 279739.386 4.91269095729 5.07194991781 5.11641397176 0.307043184831 0.316996869863 0.319775873235
188962552 4 293995.463 296731.997 342065.339 4.41933234282 5.09449749701 5.14191749959 0.276208271426 0.318406093563 0.321369843724
207858800 4 323813.245 327992.575 351605.212 4.72936789117 5.06984159626 5.13527604468 0.295585493198 0.316865099766 0.320954752793
228644680 4 355233.918 363665.142 405089.034 4.51544546131 5.02978490031 5.14916326205 0.282215341332 0.314361556269 0.321822703878
251509144 4 389234.46 395248.197 407688.452 4.93532044415 5.09065738256 5.16930888391 0.308457527759 0.31816608641 0.323081805244
276660056 2 217903.412 220113.436 234273.956 4.72370144294 5.02759051928 5.07858144048 0.295231340184 0.314224407455 0.31741134003
304326056 2 241513.758 242006.638 273893.17 4.44444899447 5.03004477092 5.04031005969 0.277778062155 0.314377798183 0.31501937873
334758656 2 265421.154 266756.26 288707.344 4.63803450736 5.01969334853 5.04494311708 0.28987715671 0.313730834283 0.315308944818
368234520 2 290132.105 290187.546 325339.846 4.5273829754 5.075814246 5.07678417733 0.282961435963 0.317238390375 0.317299011083
405057968 2 320837.798 324191.847 339874.789 4.76714344352 4.99775638096 5.05000309222 0.29794646522 0.31235977381 0.315625193264
445563760 2 355320.079 361931.711 397769.599 4.480621557 4.92428539924 5.0159142287 0.280038847313 0.307767837453 0.313494639294
490120136 2 381254.894 387265.249 425124.971 4.61153937721 5.06237146003 5.14217804113 0.288221211075 0.316398216252 0.321386127571
539132144 1 211250.263 213057.375 224909.791 4.79420786088 5.06091041439 5.10420329276 0.299637991305 0.316306900899 0.319012705797
593045352 1 235049.753 235197.1 270156.744 4.39037977153 5.04296483247 5.04612614505 0.274398735721 0.31518530203 0.315382884065
652349880 1 253033.567 256358.149 289352.965 4.50902502416 5.08936331882 5.15623193977 0.28181406401 0.318085207426 0.322264496236
717584864 1 278716.19 284100.204 335954.562 4.27191617657 5.05163216285 5.14921550844 0.266994761036 0.315727010178 0.321825969277
789343344 1 307678.107 314491.81 350145.798 4.50865524309 5.01980222633 5.13096854174 0.281790952693 0.313737639146 0.320685533859
868277672 1 341752.517 348320.644 489218.992 3.54964826059 4.98550796203 5.08132422621 0.221853016287 0.311594247627 0.317582764138
955105432 1 370479.348 378949.135 444568.099 4.29677898234 5.04081072517 5.15605221806 0.268548686396 0.315050670323 0.322253263629
1050615968 1 414296.215 421618.873 424835.142 4.9459937003 4.98372361998 5.07181060295 0.309124606269 0.311482726249 0.316988162685

META_DATA
ERT_VERSION  1.1.0
HOSTNAME  ('atajo-Inspiron-15-7568', [], ['127.0.1.1'])
OPENMP_THREADS 1
TIMESTAMP_DATA  1535268080.33
FLOPS          1
UNAME  ('Linux', 'atajo-Inspiron-15-7568', '4.15.0-33-generic', '#36-Ubuntu SMP Wed Aug 15 16:00:05 UTC 2018', 'x86_64', 'x86_64')
CONFIG  {'ERT_WORKING_SET_MIN': ['1'], 'ERT_CFLAGS': [], 'ERT_CC': ['gcc'], 'ERT_MPI_CFLAGS': ['-I/usr/include/mpi'], 'ERT_MPI_LDFLAGS': ['-mpicc'], 'ERT_MEMORY_MAX': ['1073741824'], 'ERT_PROCS_THREADS': ['1-4'], 'ERT_LDFLAGS': [], 'ERT_LDLIBS': [], 'ERT_RUN': ['export', 'OMP_NUM_THREADS=ERT_OPENMP_THREADS;', 'mpirun', '-np', 'ERT_MPI_PROCS', 'ERT_CODE'], 'ERT_FLOPS': ['1,2,4,8,16'], 'ERT_OPENMP_CFLAGS': ['-fopenmp'], 'ERT_MPI': ['False'], 'ERT_TRIALS_MIN': ['1'], 'ERT_DRIVER': ['driver1'], 'ERT_RESULTS': ['Results/myLaptop'], 'ERT_OPENMP': ['True'], 'ERT_MPI_PROCS': ['1,2,4,8'], 'ERT_KERNEL': ['kernel1'], 'ERT_GPU': [False], 'ERT_OPENMP_THREADS': ['1,2,4,8'], 'ERT_LD': ['gcc'], 'ERT_NUM_EXPERIMENTS': ['3'], 'ERT_OPENMP_LDFLAGS': ['-fopenmp'], 'ERT_ALIGN': ['64'], 'ERT_GNUPLOT': ['gnuplot']}
TIMESTAMP_DATA  1535268303.7
TIMESTAMP_DATA  1535268198.29
