16 67108864 403971.452 404043.268 404862.014 5.30423594642 5.3149843546 5.31592922561 0.663029493303 0.664373044325 0.664491153202
32 33554432 245781.817 246046.619 246953.47 8.69590392069 8.7279543069 8.73735768663 1.08698799009 1.09099428836 1.09216971083
48 16777216 169082.799 169713.984 170044.674 9.47170351245 9.49015925523 9.52558595863 1.18396293906 1.1862699069 1.19069824483
64 16777216 213425.826 213532.247 213581.818 10.0546182634 10.056952419 10.0619671398 1.25682728293 1.25711905237 1.25774589248
80 8388608 131418.158 131433.312 131666.605 10.193756268 10.2118500978 10.2130276396 1.2742195335 1.27648126222 1.27662845495
96 8388608 156244.227 156273.161 158323.722 10.1729084919 10.3063937895 10.3083023733 1.27161356149 1.28829922369 1.28853779666
112 8388608 181336.366 181473.903 181575.674 10.3485679034 10.3543714051 10.3622248171 1.29357098793 1.29429642564 1.29527810213
128 8388608 206057.3 206074.459 206668.464 10.3909595418 10.4209112494 10.4217790294 1.29886994273 1.30261390617 1.30272237868
144 4194304 114432.915 114567.324 124292.222 9.71870590583 10.5436655918 10.5560498219 1.21483823823 1.31795819897 1.31950622773
160 4194304 126386.988 126816.764 127890.542 10.4947344738 10.5835950837 10.6195843515 1.31184180922 1.32294938546 1.32744804394
176 4194304 138452.121 138453.292 138710.597 10.6437074018 10.6634879292 10.6635781188 1.33046342523 1.33293599115 1.33294726485
192 4194304 150522.595 150568.823 150626.095 10.6927869039 10.696854129 10.7001393113 1.33659836299 1.33710676612 1.33751741391
208 4194304 162677.4 163152.967 163425.944 10.6765818284 10.6944451951 10.7257090659 1.33457272855 1.33680564939 1.34071363324
224 4194304 174997.643 175970.774 176578.104 10.6414563835 10.678183367 10.7375628596 1.33018204794 1.33477292087 1.34219535745
240 4194304 187268.378 187380.071 187506.009 10.7370741382 10.7442905174 10.7506987645 1.34213426728 1.34303631468 1.34383734557
256 4194304 199399.701 199774.708 199924.41 10.7414779816 10.7495271524 10.7697435715 1.3426847477 1.34369089404 1.34621794644
272 2097152 105798.905 105820.391 105823.372 10.7807062508 10.7810099473 10.7831993913 1.34758828135 1.34762624341 1.34789992392
288 2097152 111923.577 112193.947 112450.573 10.7421378102 10.7667087601 10.7927175344 1.34276722627 1.34583859502 1.3490896918
304 2097152 130902.478 131872.919 131955.913 9.66283652632 9.66891781625 9.74059800457 1.20785456579 1.20861472703 1.21757475057
320 2097152 136451.768 137173.15 159731.761 8.40269506576 9.78454806936 9.83627621446 1.05033688322 1.22306850867 1.22953452681
352 2097152 135812.093 135945.214 136218.742 10.8384131752 10.8602205591 10.8708655863 1.3548016469 1.35752756989 1.35885819829
384 2097152 148758.212 148864.496 148870.65 10.8188735389 10.8193207869 10.8270509194 1.35235919236 1.35241509836 1.35338136492
416 2097152 160472.462 160632.634 160853.665 10.8473155647 10.8622415044 10.8730834079 1.35591444559 1.35778018805 1.35913542599
448 2097152 172449.693 172478.919 173298.447 10.8428449564 10.8943643832 10.8962107111 1.35535561955 1.3617955479 1.36202633889
480 2097152 184946.901 185042.3 185114.344 10.8757964213 10.8800307822 10.8856429014 1.35947455266 1.36000384777 1.36070536267
528 1048576 108188.916 108366.846 109367.76 10.1245216689 10.2180352836 10.2348401014 1.26556520861 1.27725441045 1.27935501267
576 1048576 110940.544 111050.226 111633.425 10.8207694246 10.8775965211 10.8883507187 1.35259617807 1.35969956513 1.36104383984
624 1048576 119678.988 119837.842 121703.45 10.7525534239 10.919946706 10.9344411234 1.34406917799 1.36499333825 1.36680514043
672 1048576 135398.644 135671.408 138915.047 10.1449495532 10.3874955289 10.4084214019 1.26811869415 1.29843694111 1.30105267524
736 1048576 140954.592 141115.402 146430.351 10.5408739476 10.937883818 10.9503624543 1.31760924346 1.36723547724 1.36879530679
800 1048576 152990.025 153850.306 158503.136 10.5847848966 10.9048960878 10.9662156078 1.32309811208 1.36311201097 1.37077695098
880 1048576 168413.32 168591.047 173195.742 10.6555377095 10.9465703716 10.9581223148 1.33194221368 1.36832129644 1.36976528935
960 1048576 184148.942 184527.808 190433.071 10.5720393492 10.9103659867 10.9328128532 1.32150491865 1.36379574834 1.36660160665
1056 524288 101403.289 101939.179 103873.727 10.6600223943 10.8623226797 10.919727229 1.33250279929 1.35779033496 1.36496590362
1152 524288 110857.735 111143.689 113271.942 10.6642433304 10.8684493278 10.896484147 1.33303041631 1.35855616597 1.36206051838
1264 524288 124206.223 124350.566 127550.156 10.3912069226 10.6585768496 10.6709634347 1.29890086532 1.3323221062 1.33387042934
1376 524288 134747.793 134781.309 138200.167 10.4402231005 10.7050494368 10.7077121181 1.30502788756 1.3381311796 1.33846401477
1504 524288 146788.629 148064.232 150267.132 10.4950316347 10.6511767406 10.7437361786 1.31187895434 1.33139709258 1.34296702233
1648 524288 160408.637 160874.966 163332.871 10.5799477926 10.7415920013 10.7728192217 1.32249347408 1.34269900017 1.34660240271
1808 524288 175327.193 175638.021 178738.231 10.6067146206 10.7939351469 10.8130711247 1.32583932757 1.34924189336 1.35163389059
1984 524288 192178.961 194007.092 195454.461 10.6437825638 10.7231893564 10.8251952928 1.33047282047 1.34039866955 1.3531494116
2176 262144 105649.999 106657.953 106706.334 10.6914992319 10.6963489914 10.7983975277 1.33643740399 1.33704362393 1.34979969096
2384 262144 114546.978 114780.111 116461.435 10.7323303375 10.8895398437 10.9117028997 1.34154129219 1.36119248046 1.36396286247
2608 262144 125533.695 125742.845 127171.0 10.7520040261 10.8741225316 10.8922397608 1.34400050326 1.35926531645 1.3615299701
2864 262144 137693.206 137901.563 139259.873 10.7824371777 10.8886425892 10.9051192548 1.34780464722 1.36108032365 1.36313990684
3136 262144 150336.583 150560.526 151999.572 10.8169197213 10.9203070133 10.9365740207 1.35211496517 1.36503837666 1.36707175259
3440 262144 164794.409 165013.602 166367.151 10.8407862319 10.9297094187 10.9442470224 1.35509827899 1.36621367734 1.3680308778
3776 262144 180502.856 180569.507 182988.066 10.8188010906 10.9637087728 10.9677571417 1.35235013632 1.3704635966 1.37096964272
4144 131072 99040.044 99163.341 100005.17 10.8626857591 10.954902538 10.9685405229 1.35783571989 1.36936281725 1.37106756536
4544 131072 108572.87 108710.55 109783.724 10.8502635236 10.9573756733 10.9712705946 1.35628294045 1.36967195916 1.37140882432
4992 131072 119182.725 120473.974 128927.851 10.1500400251 10.8622867209 10.9799708641 1.26875500314 1.35778584012 1.37249635801
5488 131072 131008.59 131776.164 141423.668 10.1725990589 10.9173482391 10.9813125384 1.27157488236 1.36466852989 1.3726640673
6032 131072 144371.182 145085.243 145163.456 10.8929110092 10.8987831933 10.9526886605 1.36161387615 1.36234789916 1.36908608257
6624 131072 158445.849 158767.859 159219.009 10.9059958789 10.9369860307 10.959213302 1.36324948487 1.36712325383 1.36990166274
7280 131072 173348.417 173925.911 174329.364 10.9471421005 10.9725360013 11.0090899763 1.36839276256 1.37156700016 1.37613624704
8000 131072 191172.96 192378.678 192659.377 10.885283824 10.9011665004 10.9699195953 1.360660478 1.36264581255 1.37123994942
8800 65536 104855.417 104972.777 105730.874 10.9091465564 10.9879307089 11.0002290106 1.36364331955 1.37349133862 1.37502862632
9680 65536 115346.34 115595.605 116941.473 10.8496748626 10.9759965355 10.9997158124 1.35620935782 1.37199956694 1.37496447655
10640 65536 126793.971 127074.307 128286.924 10.8709916531 10.9747289828 10.9989936351 1.35887395663 1.37184112285 1.37487420439
11696 65536 139041.835 139391.635 140452.761 10.9148307309 10.9979204419 11.0255888956 1.36435384136 1.37474005524 1.37819861195
12864 65536 152854.224 152979.65 155102.417 10.8709473431 11.0217941275 11.0308381664 1.35886841789 1.37772426594 1.3788547708
14144 65536 168383.213 170565.818 178489.721 10.3864937298 10.8690146111 11.0099001852 1.29831171622 1.35862682639 1.37623752315
15552 65536 185013.791 185023.924 186677.782 10.9195198387 11.0171252448 11.0177286406 1.36493997984 1.37714065561 1.37721608007
17104 32768 101740.299 102760.319 104675.354 10.7086119241 10.9081769589 11.0175393135 1.33857649051 1.36352211986 1.37719241419
18800 32768 111882.647 112658.173 115521.734 10.6653246739 10.9364173694 11.0122242639 1.33316558424 1.36705217117 1.37652803298
20672 32768 123787.662 123797.801 126198.731 10.73513324 10.9433300192 10.9442263479 1.341891655 1.36791625241 1.36802829348
22736 32768 135017.546 136076.094 138154.163 10.785245002 10.9499505181 11.0357989768 1.34815562525 1.36874381477 1.3794748721
25008 32768 148870.796 149577.981 151868.054 10.7917645932 10.9569889702 11.0090382535 1.34897057415 1.36962362127 1.37612978169
27504 32768 163190.154 164334.994 166863.078 10.8022827195 10.9684620428 11.0454099087 1.35028533994 1.37105775536 1.38067623859
30240 32768 179383.287 180645.563 182834.452 10.8393610631 10.9707020039 11.0479001313 1.35492013289 1.37133775049 1.38098751641
33264 16384 98865.825 99354.526 100702.073 10.8239554512 10.9707609294 11.0249902026 1.35299443141 1.37134511618 1.37812377533
36576 16384 108671.114 109461.018 110098.193 10.8859404078 10.949307707 11.028895572 1.36074255097 1.36866346337 1.3786119465
40224 16384 119634.356 120263.862 120958.576 10.8967885998 10.9597347872 11.0174039972 1.36209857497 1.3699668484 1.37717549965
44240 16384 131411.302 132195.424 133087.817 10.8924795122 10.9660098371 11.0314432468 1.36155993903 1.37075122963 1.37893040585
48656 16384 144556.425 146431.201 146467.122 10.8854450489 10.8881153546 11.0293251096 1.36068063111 1.36101441932 1.37866563869
53520 16384 159033.605 159978.018 160635.979 10.917500369 10.962402097 11.0275017661 1.36468754612 1.37030026213 1.37843772076
58864 16384 174941.742 175933.63 176523.306 10.9269172196 10.9635409217 11.0257022135 1.36586465246 1.37044261521 1.37821277669
64736 16384 193501.14 193909.31 194119.993 10.9276186096 10.9394914973 10.9625671869 1.3659523262 1.36743643717 1.37032089837
71200 8192 105603.777 106255.672 106325.625 10.9713984752 10.9786214519 11.046392782 1.3714248094 1.37232768148 1.38079909774
78320 8192 115916.736 116692.541 117495.254 10.9212486149 10.9963744812 11.0699707763 1.36515607686 1.37454681015 1.38374634703
86144 8192 127386.345 128131.684 128216.903 11.007778717 11.0150998718 11.0795493504 1.37597233962 1.37688748397 1.38494366881
94752 8192 140168.84 140926.771 141033.375 11.0074425149 11.0157690905 11.0753343468 1.37593031437 1.37697113631 1.38441679335
104224 8192 154105.931 154965.34 155049.423 11.0133013265 11.019277059 11.0807287229 1.37666266581 1.37740963237 1.38509109036
114640 8192 170053.801 170316.77 171199.594 10.9711811583 11.0280494399 11.045103073 1.37139764479 1.37850617998 1.38063788412
126096 8192 186918.601 187486.819 188341.88 10.9691846763 11.0192112439 11.0527087885 1.37114808454 1.37740140548 1.38158859856
138704 4096 102772.457 103341.063 103440.797 10.9846714348 10.9952726923 11.0561058981 1.37308392935 1.37440908654 1.38201323726
152560 4096 113246.077 113511.231 113664.066 10.9953089308 11.0101133517 11.0358923956 1.37441361635 1.37626416896 1.37948654945
167808 4096 124367.572 124807.07 125244.765 10.9759728161 11.0144652543 11.0533888689 1.37199660201 1.37680815678 1.38167360862
184576 4096 137233.495 137543.162 137853.903 10.9684713969 10.9932516456 11.0180578874 1.37105892461 1.3741564557 1.37725723592
203024 4096 150465.631 150882.601 151540.293 10.9751180698 11.022958227 11.0535050227 1.37188975872 1.37786977837 1.38168812784
223312 4096 165446.576 165968.905 166380.66 10.9950994545 11.0223773785 11.0571759672 1.37438743181 1.37779717231 1.3821469959
245632 4096 181910.687 182744.575 182747.258 11.0109304294 11.0110920885 11.0615675043 1.37636630367 1.37638651106 1.38269593803
270192 2048 100181.862 100525.461 110273.65 10.0360007309 11.0092151878 11.046974072 1.25450009136 1.37615189847 1.380871759
297200 2048 110331.798 110435.074 110552.374 11.0113528634 11.0230487101 11.0333668269 1.37641910792 1.37788108876 1.37917085336
326912 2048 121344.786 121498.551 121691.795 11.003466191 11.0209672542 11.0349327412 1.37543327387 1.37762090677 1.37936659264
359600 2048 133470.047 133733.492 133799.507 11.0084232224 11.0138573215 11.0355966234 1.3760529028 1.37673216519 1.37944957793
395552 2048 146945.608 147487.958 147503.232 10.9840372311 10.985174749 11.0257190674 1.37300465389 1.37314684362 1.37821488343
435104 2048 161912.35 162216.701 162332.203 10.9786348677 10.9864519067 11.0071034359 1.37232935846 1.37330648834 1.37588792949
478608 2048 178228.468 178459.34 180194.391 10.879241896 10.9850141102 10.9992437796 1.35990523701 1.37312676378 1.37490547245
526464 1024 98198.818 98227.041 98299.065 10.9685506368 10.9765932173 10.979747964 1.3710688296 1.37207415217 1.3724684955
579104 1024 107823.386 107981.255 108027.715 10.978710343 10.9834340414 10.9995153742 1.37233879287 1.37292925517 1.37493942177
637008 1024 118591.167 118678.346 118702.289 10.9904568395 10.9926741311 11.00075509 1.37380710493 1.37408426639 1.37509438625
700704 1024 130487.618 130576.282 130664.33 10.982659093 10.9900647347 10.9975322869 1.37283238662 1.37375809184 1.37469153587
770768 1024 143546.96 143839.426 144485.72 10.9251825301 10.9742711571 10.9966303989 1.36564781627 1.37178389463 1.37457879986
847840 1024 157832.323 157975.815 168037.899 10.3332422646 10.9914059946 11.0013987439 1.29165528307 1.37392574933 1.37517484299
932624 1024 173723.731 173734.485 173742.227 10.993377862 10.9938677517 10.9945483038 1.37417223275 1.37423346896 1.37431853798
1025872 1024 190976.226 190995.003 191237.752 10.9862505391 11.0002137386 11.0012952921 1.37328131738 1.37502671732 1.37516191151
1128448 512 105093.579 105097.478 105174.647 10.9867804168 10.9948475833 10.9952554951 1.3733475521 1.37435594791 1.37440693689
1241280 512 115512.812 115678.522 116916.373 10.8716229163 10.9879578164 11.0037206955 1.35895286454 1.37349472705 1.37546508694
1365408 512 127052.027 127196.991 127249.696 10.9876709804 10.9922238019 11.0047657248 1.37345887255 1.37402797524 1.3755957156
1501936 512 139842.702 140164.283 140184.42 10.9711369067 10.9727130984 10.9979458492 1.37139211333 1.3715891373 1.37474323115
1652128 512 153865.992 153877.616 154006.15 10.9851396973 10.9943155865 10.9951461659 1.37314246217 1.37428944831 1.37439327074
1817328 512 169144.446 169214.54 170631.464 10.9062175778 10.9975411806 11.0020985968 1.36327719722 1.37469264757 1.37526232461
1999056 512 186375.802 186525.178 200961.049 10.18621944 10.9745685057 10.9833643747 1.27327743 1.37182106321 1.37292054684
2198960 256 102348.274 102605.147 103021.027 10.9285216114 10.9728171824 11.0003566841 1.36606520143 1.37160214779 1.37504458551
2418848 256 112519.82 112801.075 112861.977 10.973139129 10.9790635949 11.006506907 1.37164239113 1.37238294936 1.37581336337
2660720 256 123894.819 123938.954 124165.723 10.9715355179 10.9916099502 10.9955254868 1.37144193974 1.37395124377 1.37444068585
2926784 256 136311.811 136955.785 137036.74 10.9351215448 10.9415853299 10.9932763493 1.3668901931 1.36769816624 1.37415954367
3219456 256 150121.34 150254.611 150548.008 10.9490752744 10.9704551563 10.9801942349 1.3686344093 1.37130689454 1.37252427936
3541392 256 165353.664 165536.209 165778.476 10.9374434351 10.9534506979 10.9655429468 1.36718042938 1.36918133724 1.37069286835
3895520 256 182504.097 182637.446 182922.53 10.9035570413 10.9205767146 10.9285559765 1.36294463017 1.36507208932 1.36606949706
4285072 128 100468.503 100486.451 100571.641 10.9074329611 10.9166800209 10.9186302099 1.36342912014 1.36458500261 1.36482877624
4713568 128 110876.482 111010.753 111988.063 10.7750181196 10.8698785964 10.8830419782 1.34687726495 1.35873482454 1.36038024727
5184912 128 121562.433 121602.067 121676.168 10.9087711572 10.9154186664 10.9189775101 1.36359639465 1.3644273333 1.36487218876
5703392 128 133835.287 134046.925 134097.737 10.8880909154 10.8922181691 10.9094423805 1.36101136442 1.36152727114 1.36368029756
6273728 128 147213.612 147280.699 150784.422 10.6514608518 10.9048529706 10.9098224422 1.33143260648 1.36310662132 1.36372780528
6901088 128 161981.187 162183.496 162277.953 10.8867439806 10.8930845097 10.9066896022 1.36084299757 1.36163556371 1.36333620027
7591184 128 178083.852 178133.519 178233.072 10.903381074 10.9094746172 10.9125172337 1.36292263425 1.36368432715 1.36406465422
8350288 128 195873.239 195987.803 196084.254 10.9018122791 10.9071773614 10.9135568438 1.36272653489 1.36339717018 1.36419460547
9185312 64 107792.014 107815.689 108022.296 10.8840487523 10.9049058343 10.9073009435 1.36050609404 1.36311322928 1.36341261793
10103840 64 118541.843 118642.645 118695.668 10.8958611699 10.9007306774 10.9100001086 1.36198264624 1.36259133468 1.36375001357
11114224 64 130422.994 130508.769 130746.397 10.8807638653 10.9005753629 10.90774432 1.36009548317 1.36257192036 1.36346804
12225632 64 143557.345 143960.096 144244.883 10.8487792666 10.8702407089 10.900737235 1.35609740832 1.35878008862 1.36259215438
13448192 64 157993.457 158095.099 158279.437 10.8755035311 10.8881843073 10.8951890077 1.35943794139 1.36102303842 1.36189862597
14793008 64 173806.83 173821.789 173849.873 10.8916100502 10.8933697835 10.8943073411 1.36145125628 1.36167122293 1.36178841764
16272304 64 191103.317 191295.597 191406.834 10.8818210326 10.8881487325 10.8991039229 1.36022762907 1.36101859156 1.36238799037
17899520 32 105264.509 105303.176 105796.926 10.8280015622 10.8787723554 10.8827684742 1.35350019527 1.35984654442 1.36034605928
19689472 32 115715.607 115761.041 116164.565 10.8477676303 10.8855811689 10.8898552293 1.35597095379 1.36069764611 1.36123190366
21658416 32 127382.352 127851.424 129977.477 10.6644524574 10.8417926108 10.8817163621 1.33305655718 1.35522407635 1.36021454526
23824256 32 139998.627 140059.187 140094.099 10.8837730845 10.8864860396 10.8911952687 1.36047163557 1.36081075496 1.36139940858
26206672 32 154038.559 154046.173 154369.949 10.8649838836 10.8878200304 10.8883582065 1.35812298545 1.3609775038 1.36104477581
28827328 32 169385.569 169391.892 169608.155 10.8777139401 10.8916015414 10.8920081143 1.35971424251 1.36145019267 1.36150101429
31710048 32 186652.879 186896.596 188513.011 10.7655331652 10.8586411708 10.8728195508 1.34569164566 1.35733014634 1.35910244385
34881040 16 102648.883 102662.004 102898.957 10.8474693286 10.8725062488 10.873896017 1.35593366607 1.35906328109 1.35923700212
38369136 16 112883.661 113093.775 116490.55 10.5400167825 10.8565865097 10.8767942245 1.31750209781 1.35707331372 1.35959927806
42206048 16 124041.681 124186.082 125260.826 10.782249959 10.8755628187 10.888223419 1.34778124487 1.35944535234 1.36102792738
46426640 16 136527.624 136531.923 145550.274 10.2071431346 10.8813561499 10.8816987835 1.27589289183 1.36016951874 1.36021234794
51069296 16 150108.66 151387.341 152431.715 10.7209806831 10.7949413815 10.8868966787 1.34012258538 1.34936767269 1.36086208484
56176224 16 165367.143 165480.741 169004.798 10.6366161746 10.8631322119 10.8705945775 1.32957702183 1.35789152648 1.35882432219
61793840 16 181931.474 182498.01 184487.182 10.7183754371 10.8352024222 10.8689433253 1.33979692963 1.35440030278 1.35861791567
67973216 8 100037.296 101307.854 103041.905 10.5546520709 10.735312348 10.8716598657 1.31933150887 1.34191404351 1.35895748322
74770528 8 110039.515 110285.344 113372.551 10.5521877866 10.8475741618 10.8718077138 1.31902347333 1.35594677023 1.35897596423
82247568 8 121222.15 121325.029 122347.463 10.7559327814 10.8465755075 10.8557807958 1.34449159767 1.35582193844 1.35697259948
90472320 8 133156.391 133694.657 137751.962 10.5084319598 10.8273371014 10.8711050903 1.31355399497 1.35341713768 1.35888813628
99519552 8 146209.256 146405.126 150202.65 10.6010967982 10.8760729594 10.8906431478 1.32513709978 1.35950911992 1.36133039347
109471504 8 161037.714 162243.028 162482.086 10.77992108 10.7958048219 10.8766078485 1.347490135 1.34947560274 1.35957598106
120418640 8 176881.543 179211.564 179227.402 10.7500204684 10.7509705121 10.8925906419 1.34375255855 1.34387131402 1.36157383023
132460496 8 194678.091 194897.377 201240.695 10.5315077351 10.8742763429 10.8865251612 1.31643846688 1.35928454286 1.36081564515
145706544 4 107117.652 107478.307 110654.586 10.5341531168 10.8454662577 10.8819819165 1.3167691396 1.35568328221 1.36024773956
160277184 4 117726.919 117863.332 118081.91 10.8587121601 10.8788496833 10.8914552669 1.35733902001 1.35985621041 1.36143190836
176304896 4 129513.695 129949.048 134152.959 10.513664242 10.8537860778 10.8902704691 1.31420803025 1.35672325972 1.36128380864
193935376 4 142501.22 142620.906 145369.466 10.6726883622 10.8783701598 10.8875068438 1.33408604528 1.35979626998 1.36093835548
213328912 4 156801.793 157012.049 158488.694 10.7681579861 10.8694288551 10.8840037052 1.34601974826 1.35867860689 1.36050046315
234661792 4 172288.586 172499.548 177253.42 10.5910189829 10.8828942323 10.8962199968 1.32387737286 1.36036177903 1.3620274996
258127968 4 189596.38 191836.879 196010.371 10.5352779726 10.7644773766 10.8916833961 1.31690974658 1.34555967208 1.36146042451
283940752 2 104261.38 104382.29 105574.114 10.7579686437 10.8808017912 10.8934200564 1.34474608046 1.3601002239 1.36167750705
312334816 2 114648.703 115859.351 118582.173 10.5356415083 10.7832406553 10.8971076978 1.31695518853 1.34790508191 1.36213846222
343568288 2 126095.458 126159.612 126730.092 10.8440949605 10.8931307747 10.8986729086 1.35551187006 1.36164134684 1.36233411357
377925104 2 138750.687 138960.239 143663.745 10.5224906674 10.8786544042 10.8950841879 1.31531133342 1.35983180052 1.36188552349
415717600 2 152797.428 153085.977 155682.636 10.6811552189 10.8623299964 10.8828428709 1.33514440236 1.35779124955 1.36035535886
457289360 2 167822.292 168471.044 170451.919 10.7312223337 10.8573995659 10.8993711038 1.34140279172 1.35717494574 1.36242138798
503018288 2 184741.974 184993.987 191403.465 10.512208606 10.8764246051 10.891261517 1.31402607576 1.35955307564 1.36140768962
553320112 1 101545.038 101724.322 103524.045 10.6896926603 10.8788164152 10.8980236336 1.33621158254 1.3598520519 1.3622529542
608652112 1 111803.804 111991.0 115331.596 10.5548198951 10.8696611692 10.887860524 1.31935248689 1.35870764615 1.36098256549
669517312 1 122963.017 123029.807 127392.377 10.5111047893 10.8838228447 10.8897346265 1.31388809866 1.36047785558 1.36121682831
736469040 1 135330.484 135722.927 135909.181 10.8376643076 10.8525369483 10.8840080702 1.35470803845 1.35656711854 1.36050100877
810115936 1 148677.882 149014.095 153831.138 10.532535175 10.8730108518 10.8975985547 1.31656689688 1.35912635647 1.36219981934
891127520 1 163607.866 163633.054 166230.504 10.7215883795 10.8917788701 10.8934556973 1.34019854743 1.36147235876 1.36168196216
980240272 1 179940.896 180469.214 184798.869 10.6087258792 10.863240885 10.8951360562 1.3260907349 1.35790511062 1.36189200703

META_DATA
ERT_VERSION  1.1.0
TIMESTAMP_DATA  1535277728.06
FLOPS          2
HOSTNAME  ('atajo-Inspiron-15-7568', [], ['127.0.1.1'])
TIMESTAMP_DATA  1535277626.54
MPI_PROCS      2
UNAME  ('Linux', 'atajo-Inspiron-15-7568', '4.15.0-33-generic', '#36-Ubuntu SMP Wed Aug 15 16:00:05 UTC 2018', 'x86_64', 'x86_64')
CONFIG  {'ERT_WORKING_SET_MIN': ['1'], 'ERT_CFLAGS': [], 'ERT_CC': ['mpicc'], 'ERT_MPI_CFLAGS': ['-I/usr/include/mpi'], 'ERT_MPI_LDFLAGS': ['-lmpi'], 'ERT_MEMORY_MAX': ['1073741824'], 'ERT_PROCS_THREADS': ['1-4'], 'ERT_LDFLAGS': [], 'ERT_LDLIBS': [], 'ERT_RUN': ['export', 'OMP_NUM_THREADS=ERT_OPENMP_THREADS;', 'mpirun', '-np', 'ERT_MPI_PROCS', 'ERT_CODE'], 'ERT_FLOPS': ['1,2,4,8,16'], 'ERT_OPENMP_CFLAGS': ['-fopenmp'], 'ERT_MPI': ['True'], 'ERT_TRIALS_MIN': ['1'], 'ERT_DRIVER': ['driver1'], 'ERT_RESULTS': ['Results/myLaptop'], 'ERT_OPENMP': ['False'], 'ERT_MPI_PROCS': ['1,2,4,8'], 'ERT_KERNEL': ['kernel1'], 'ERT_GPU': [False], 'ERT_OPENMP_THREADS': ['1,2,4,8'], 'ERT_LD': ['mpicc'], 'ERT_NUM_EXPERIMENTS': ['3'], 'ERT_OPENMP_LDFLAGS': ['-fopenmp'], 'ERT_ALIGN': ['64'], 'ERT_GNUPLOT': ['gnuplot']}
TIMESTAMP_DATA  1535277677.24
