32 33554432 670572.191 670770.91 763249.373 2.81360682887 3.20151577235 3.20246451735 1.40680341443 1.60075788618 1.60123225868
64 16777216 485060.345 505931.066 541275.357 3.96745135397 4.24461708781 4.42725048571 1.98372567698 2.12230854391 2.21362524286
96 8388608 347035.884 380627.056 391048.996 4.11869804673 4.23147201601 4.64105532095 2.05934902336 2.115736008 2.32052766048
128 8388608 452407.435 452452.131 510388.737 4.20754513633 4.74632231979 4.74679123697 2.10377256816 2.37316115989 2.37339561849
160 4194304 279171.978 307909.361 315398.73 4.25549360963 4.35900121919 4.80770774207 2.12774680481 2.1795006096 2.40385387104
192 4194304 331327.612 331611.177 375255.103 4.2920475248 4.85693139348 4.86108817275 2.1460237624 2.42846569674 2.43054408638
224 4194304 383124.135 383162.688 435138.512 4.3182759976 4.90404794321 4.90454142755 2.1591379988 2.4520239716 2.45227071377
256 4194304 435202.638 438059.101 495218.42 4.33643734011 4.90226922143 4.93444538358 2.16821867006 2.45113461072 2.46722269179
288 2097152 246987.248 249766.247 278177.893 4.34239953065 4.83636026288 4.89077700076 2.17119976532 2.41818013144 2.44538850038
320 2097152 269639.219 269882.976 307463.651 4.36532017894 4.97318245075 4.97767826571 2.18266008947 2.48659122538 2.48883913286
352 2097152 296012.422 296401.714 337497.975 4.37452997459 4.98106096647 4.98761166178 2.18726498729 2.49053048323 2.49380583089
384 2097152 339404.651 341728.009 373051.508 4.31740041646 4.71314230494 4.7454056132 2.15870020823 2.35657115247 2.3727028066
416 2097152 347774.361 347909.119 397280.702 4.39193360064 5.01519037217 5.01713369261 2.19596680032 2.50759518609 2.50856684631
448 2097152 378686.043 383984.384 434551.581 4.3241085159 4.89355367118 4.96202124883 2.16205425795 2.44677683559 2.48101062441
480 2097152 400072.045 414162.036 458389.795 4.39203913778 4.86105858336 5.03225842735 2.19601956889 2.43052929168 2.51612921368
512 2097152 425802.001 427139.937 520890.226 4.12271826348 5.02758806185 5.04338552416 2.06135913174 2.51379403092 2.52169276208
544 1048576 225693.947 225978.366 258628.707 4.41115257944 5.04849516436 5.05485726651 2.20557628972 2.52424758218 2.52742863325
576 1048576 238528.793 238980.495 273459.233 4.41732955493 5.05463658028 5.06420854609 2.20866477747 2.52731829014 2.53210427305
608 1048576 263036.205 268943.056 295402.142 4.3163817546 4.74103490517 4.84750156732 2.1581908773 2.37051745259 2.42375078366
640 1048576 273758.705 273905.548 309993.969 4.32968836242 4.90014638185 4.90277479944 2.16484418121 2.45007319092 2.45138739972
704 1048576 291424.2 296595.307 333674.127 4.42466133432 4.97780973992 5.06613729402 2.21233066716 2.48890486996 2.53306864701
768 1048576 317084.593 317774.711 363670.309 4.42877159928 5.06841067035 5.07944180057 2.21438579964 2.53420533518 2.53972090028
832 1048576 353984.614 354323.445 400735.074 4.35407474216 4.92440025807 4.92911385126 2.17703737108 2.46220012904 2.46455692563
896 1048576 378284.631 380438.306 436341.16 4.30637392081 4.93916664638 4.96728663555 2.15318696041 2.46958332319 2.48364331777
960 1048576 393398.53 400969.024 457427.501 4.40127870668 5.02100112352 5.11762441004 2.20063935334 2.51050056176 2.55881220502
1056 524288 222650.543 222841.795 253079.539 4.37528952508 4.96897925275 4.97324749844 2.18764476254 2.48448962637 2.48662374922
1152 524288 242353.726 245356.554 275296.784 4.3878447632 4.92328218793 4.98428298148 2.1939223816 2.46164109396 2.49214149074
1248 524288 261976.421 265064.505 297826.625 4.39390819407 4.93699768666 4.99519324298 2.19695409704 2.46849884333 2.49759662149
1344 524288 281558.019 281665.528 320393.53 4.39860987205 5.00340298654 5.00531346614 2.19930493603 2.50170149327 2.50265673307
1472 524288 300366.981 300967.383 349759.61 4.41304206624 5.12847557305 5.13872685627 2.20652103312 2.56423778652 2.56936342813
1600 524288 325431.527 326087.134 379377.406 4.42230236558 5.14501010641 5.1553751275 2.21115118279 2.5725050532 2.57768756375
1760 524288 366059.947 366326.554 417950.902 4.41557549264 5.03783779758 5.0415069311 2.20778774632 2.51891889879 2.52075346555
1920 524288 398990.437 431785.878 475483.058 4.23414859084 4.66264883262 5.04590018532 2.11707429542 2.33132441631 2.52295009266
2112 262144 218732.07 220055.113 250126.271 4.42694904287 5.03190423937 5.06234068008 2.21347452143 2.51595211969 2.53117034004
2304 262144 238492.138 238677.197 272703.568 4.42957003041 5.06105973752 5.06498688858 2.21478501521 2.53052986876 2.53249344429
2528 262144 261613.068 263156.411 299121.569 4.43097456473 5.03654864027 5.06626092547 2.21548728236 2.51827432013 2.53313046273
2752 262144 284222.86 284617.95 328726.812 4.38917825784 5.06939416857 5.07644098719 2.19458912892 2.53469708428 2.53822049359
3008 262144 310258.3 310422.863 354898.589 4.4436871627 5.08035487064 5.08304952357 2.22184358135 2.54017743532 2.54152476179
3296 262144 339541.052 339634.76 388718.448 4.44551385943 5.08797523551 5.08937943681 2.22275692971 2.54398761776 2.5446897184
3616 262144 371636.459 375050.752 426088.853 4.44936635787 5.05485030463 5.10129015087 2.22468317893 2.52742515232 2.55064507543
3968 262144 408159.353 410289.137 467305.246 4.4518541185 5.0705090542 5.09696707599 2.22592705925 2.5352545271 2.548483538
4352 131072 223208.424 224781.427 290314.348 3.92970824852 5.07537790478 5.11114530337 1.96485412426 2.53768895239 2.55557265168
4768 131072 244622.038 246372.101 280299.192 4.4591730111 5.07323104737 5.10952570839 2.22958650555 2.53661552369 2.5547628542
5216 131072 266813.236 268569.444 306745.332 4.45758406521 5.0912087527 5.12471991457 2.2287920326 2.54560437635 2.56235995728
5728 131072 292638.734 295043.537 342535.547 4.38366425076 5.08928562634 5.13110759972 2.19183212538 2.54464281317 2.56555379986
6272 131072 319763.227 325905.492 374446.51 4.39092667201 5.04492010217 5.14182691808 2.195463336 2.52246005109 2.57091345904
6880 131072 350747.214 357152.287 410137.512 4.39742931878 5.04980868287 5.14202436402 2.19871465939 2.52490434144 2.57101218201
7552 131072 384371.321 391914.827 449435.608 4.40488348667 5.05138196264 5.15051820945 2.20244174333 2.52569098132 2.57525910472
8288 65536 214078.033 214476.393 246348.53 4.40970658928 5.06500841797 5.07443347071 2.20485329464 2.53250420898 2.53721673536
9088 65536 230826.42 235379.221 269789.294 4.41523204401 5.06069452919 5.16051124477 2.20761602201 2.5303472646 2.58025562238
9984 65536 254943.286 259173.074 296086.235 4.41973551388 5.04922377855 5.13299592443 2.20986775694 2.52461188927 2.56649796222
10976 65536 279349.15 283653.532 325126.26 4.42488488011 5.07184332187 5.14999337567 2.21244244005 2.53592166094 2.57499668784
12064 65536 306595.382 310782.068 357019.824 4.4290330724 5.08797891132 5.15745735531 2.2145165362 2.54398945566 2.57872867766
13248 65536 336004.648 340871.506 391757.37 4.43244209037 5.09412440006 5.16791022486 2.21622104518 2.54706220003 2.58395511243
14560 65536 370259.107 375037.087 430158.823 4.43652022918 5.088585599 5.15425085817 2.21826011459 2.5442927995 2.57712542908
16000 65536 406883.741 411594.477 472322.359 4.44008622509 5.09518984629 5.15417990123 2.22004311255 2.54759492315 2.57708995062
17600 32768 223386.417 225954.883 259589.59 4.44329682095 5.10470756235 5.16340078099 2.22164841048 2.55235378117 2.58170039049
19360 32768 245651.072 249056.336 285340.766 4.44653239629 5.09433721052 5.16495592578 2.22326619814 2.54716860526 2.58247796289
21280 32768 269066.377 273300.857 313432.35 4.44946439 5.1028236622 5.18313025785 2.224732195 2.5514118311 2.59156512893
23392 32768 295013.75 305255.621 344704.755 4.44733671283 5.02207987842 5.19642935965 2.22366835642 2.51103993921 2.59821467982
25728 32768 326996.417 330324.531 378901.856 4.44999194726 5.10440506158 5.15635682944 2.22499597363 2.55220253079 2.57817841472
28288 32768 357586.685 362842.092 416354.073 4.45265817779 5.10933656506 5.18442784859 2.2263290889 2.55466828253 2.5922139243
31104 32768 391816.185 399542.825 457582.861 4.45478167505 5.10191052486 5.20252052375 2.22739083753 2.55095526243 2.60126026188
34208 16384 215623.927 219209.54 251496.808 4.45702572893 5.11349891068 5.19853134852 2.22851286447 2.55674945534 2.59926567426
37600 16384 236979.94 241175.252 276571.338 4.45482459936 5.10863693427 5.19907634376 2.22741229968 2.55431846714 2.59953817188
41344 16384 260538.5 265339.007 303825.22 4.45901163834 5.10577094306 5.19984644112 2.22950581917 2.55288547153 2.59992322056
45472 16384 286695.603 290588.852 333962.819 4.46165384656 5.12761066278 5.19724223325 2.23082692328 2.56380533139 2.59862111663
50016 16384 318539.295 319589.669 367215.714 4.46311044304 5.12821422898 5.14512436527 2.23155522152 2.56410711449 2.57256218263
55008 16384 347230.492 351006.659 404068.759 4.46087974844 5.1352363204 5.19108253891 2.23043987422 2.5676181602 2.59554126946
60480 16384 381610.21 385623.042 444081.825 4.46271053764 5.13923812675 5.19327991775 2.23135526882 2.56961906338 2.59663995887
66528 8192 211236.221 212511.736 244346.475 4.46085728063 5.12910379688 5.16007504224 2.23042864031 2.56455189844 2.58003752112
73152 8192 232932.684 269247.251 283083.128 4.23381773569 4.45138200501 5.14535936915 2.11690886784 2.22569100251 2.57267968457
80448 8192 257003.384 296343.743 310249.315 4.24838982159 4.44774037966 5.1285707273 2.12419491079 2.22387018983 2.56428536365
88480 8192 282440.892 283629.056 325886.877 4.44834211597 5.11109947776 5.13260070004 2.22417105798 2.55554973888 2.56630035002
97312 8192 312318.598 313338.395 358313.203 4.44962617802 5.08830016826 5.10491471917 2.22481308901 2.54415008413 2.55245735958
107040 8192 340947.197 343662.499 394090.676 4.45010112343 5.10309785066 5.14373889984 2.22505056171 2.55154892533 2.57186944992
117728 8192 376701.3 377602.697 433287.227 4.4516787752 5.10816148117 5.12038464428 2.2258393876 2.55408074058 2.56019232214
129472 8192 412844.865 415093.423 476463.78 4.45211018558 5.11034174589 5.13817520293 2.22605509279 2.55517087294 2.56908760147
142400 4096 226690.23 228492.961 262056.463 4.45148647221 5.10536865072 5.14596857571 2.22574323611 2.55268432536 2.57298428785
156640 4096 249697.394 250834.98 288206.901 4.45233918948 5.11569351292 5.1389998888 2.22616959474 2.55784675646 2.5694999444
172288 4096 274738.107 275899.002 316975.057 4.45266359239 5.1155795627 5.13719524172 2.2263317962 2.55778978135 2.56859762086
189504 4096 301774.014 303129.502 348637.622 4.4528090775 5.12129884342 5.1443023454 2.22640453875 2.56064942171 2.5721511727
208448 4096 332454.912 333333.996 383455.993 4.45319944706 5.12280786386 5.13635369599 2.22659972353 2.56140393193 2.56817684799
229280 4096 366580.71 367058.023 421701.461 4.45400818756 5.11707044202 5.12373321553 2.22700409378 2.55853522101 2.56186660777
252192 4096 403268.831 407347.685 496524.069 4.16083930868 5.07172850142 5.1230263913 2.08041965434 2.53586425071 2.56151319565
277408 2048 221741.868 222148.299 255087.066 4.45441309831 5.11488574576 5.12426082746 2.22720654916 2.55744287288 2.56213041373
305120 2048 247188.493 249180.808 280605.463 4.45383887626 5.01552077799 5.05594538335 2.22691943813 2.50776038899 2.52797269167
335616 2048 268846.501 270002.711 308661.012 4.45369866149 5.09136790112 5.11326400339 2.22684933075 2.54568395056 2.55663200169
369152 2048 294926.681 295867.236 339580.77 4.45268615181 5.11055773678 5.12685589135 2.22634307591 2.55527886839 2.56342794567
406048 2048 324230.67 325185.72 373711.008 4.45042445204 5.11453149911 5.12959680218 2.22521222602 2.55726574955 2.56479840109
446624 2048 357241.913 364491.15 410999.114 4.45103612559 5.0189748201 5.12082103871 2.2255180628 2.50948741005 2.56041051936
491264 2048 393906.203 396913.125 451899.26 4.45280070607 5.06966693026 5.10836673471 2.22640035303 2.53483346513 2.55418336735
540384 1024 216134.839 216359.984 248549.133 4.45266663634 5.11511607433 5.12044442775 2.22633331817 2.55755803716 2.56022221387
594400 1024 237523.337 238073.628 273334.589 4.45363027216 5.11325513131 5.12510145477 2.22681513608 2.55662756565 2.56255072738
653824 1024 261240.014 261782.842 300679.124 4.45335723407 5.11504704346 5.12567554831 2.22667861704 2.55752352173 2.56283777416
719200 1024 287361.799 287987.669 330779.926 4.45287480958 5.11453009469 5.12566947007 2.22643740479 2.55726504734 2.56283473504
791104 1024 316625.689 318622.29 363850.986 4.45286959316 5.08495809254 5.11702318633 2.22643479658 2.54247904627 2.55851159316
870208 1024 348129.887 348587.983 400189.777 4.4533521005 5.11258583461 5.11931336708 2.22667605025 2.5562929173 2.55965668354
957216 1024 385924.427 440238.145 443472.437 4.42051907727 4.45299524874 5.07969496318 2.21025953863 2.22649762437 2.53984748159
1052928 512 210592.501 210784.053 242139.715 4.45279400779 5.11517952452 5.11983222043 2.2263970039 2.55758976226 2.55991611021
1158208 512 231700.389 235433.034 266347.705 4.45284479549 5.03754707591 5.11870090991 2.22642239775 2.51877353796 2.55935045495
1274016 512 255641.393 257277.08 292927.327 4.45363837291 5.07076799846 5.1032126241 2.22681918645 2.53538399923 2.55160631205
1401408 512 280421.002 280485.227 322243.622 4.45328221888 5.11628297629 5.11745476182 2.22664110944 2.55814148814 2.55872738091
1541536 512 308490.321 308874.415 354469.969 4.45322030651 5.11059766475 5.11696074899 2.22661015326 2.55529883237 2.55848037449
1695680 512 338921.923 339158.269 389908.891 4.45328731937 5.11966382279 5.12323400219 2.22664365969 2.5598319114 2.56161700109
1865248 512 373792.67 376081.637 429099.661 4.45121291298 5.07872165 5.10982184857 2.22560645649 2.539360825 2.55491092428
2051744 512 410637.31 412573.864 472327.397 4.44815581172 5.0923871804 5.11640273506 2.22407790586 2.5461935902 2.55820136753
2256896 256 225642.608 225764.965 259666.095 4.4500640409 5.11829083844 5.12106628372 2.22503202045 2.55914541922 2.56053314186
2482560 256 248385.246 248618.887 285810.865 4.44724422915 5.11252678884 5.11733583403 2.22362211458 2.55626339442 2.55866791701
2730816 256 273500.817 273866.281 314497.588 4.44575044563 5.10533018849 5.11215215858 2.22287522281 2.55266509425 2.55607607929
3003872 256 301745.927 301831.247 347601.556 4.42455575199 5.09550445584 5.09694523234 2.21227787599 2.54775222792 2.54847261617
3304256 256 332045.228 332835.651 381204.295 4.43798533802 5.08292626381 5.09502600652 2.21899266901 2.5414631319 2.54751300326
3634656 256 365440.061 370901.299 419355.699 4.43762628346 5.01735603789 5.09233680322 2.21881314173 2.50867801895 2.54616840161
3998112 256 401904.277 405521.989 462207.841 4.42881570241 5.04789727691 5.09333555562 2.21440785121 2.52394863845 2.54666777781
4397920 128 221766.582 223843.624 254567.874 4.4226614392 5.02970555909 5.07681324141 2.2113307196 2.51485277955 2.53840662071
4837696 128 244861.856 245424.252 279970.756 4.42349834566 5.04616053999 5.05775050566 2.21174917283 2.52308027 2.52887525283
5321440 128 269319.399 269331.621 308198.98 4.4201594697 5.05803453357 5.05826407254 2.21007973485 2.52901726678 2.52913203627
5853568 128 297878.863 302064.398 339192.708 4.41788214386 4.96090707121 5.03061342758 2.20894107193 2.48045353561 2.51530671379
6438912 128 325826.849 328456.194 373071.952 4.41834735408 5.0185123682 5.05901056668 2.20917367704 2.5092561841 2.52950528334
7082784 128 358155.189 390111.134 410098.988 4.4213537635 4.64788760425 5.0625895134 2.21067688175 2.32394380213 2.5312947567
7791040 128 393125.856 393630.93 450862.122 4.42376092973 5.06694491716 5.07345474626 2.21188046487 2.53347245858 2.53672737313
8570144 64 216482.897 216694.771 252265.348 4.34851017271 5.06232073316 5.06727527764 2.17425508635 2.53116036658 2.53363763882
9427136 64 237593.947 238079.681 272766.196 4.42383779843 5.06835947919 5.07872116793 2.21191889922 2.5341797396 2.53936058396
10369824 64 261014.315 261431.521 299531.002 4.43138594382 5.07718987719 5.08530527148 2.21569297191 2.5385949386 2.54265263574
11406784 64 286535.447 287280.215 329246.273 4.43457822224 5.0823839435 5.0955941657 2.21728911112 2.54119197175 2.54779708285
12547456 64 316267.915 318240.835 362093.814 4.43552003901 5.04672622544 5.07820835383 2.21776001951 2.52336311272 2.53910417691
13802176 64 346644.757 347029.551 398093.603 4.43784706583 5.0908590433 5.09651016588 2.21892353292 2.54542952165 2.54825508294
15182368 64 380906.993 382351.888 438085.065 4.43599487693 5.08260365645 5.10188350362 2.21799743847 2.54130182823 2.55094175181
16700576 64 418842.946 419219.702 481492.138 4.43968563408 5.09917286283 5.10375965124 2.21984281704 2.54958643141 2.55187982562
18370624 32 230514.69 230573.325 264870.228 4.43885273508 5.09911515567 5.10041219499 2.21942636754 2.54955757783 2.55020609749
20207680 32 253486.561 255101.693 291166.012 4.44176678149 5.06970967064 5.10201217334 2.22088339074 2.53485483532 2.55100608667
22228448 32 278682.998 279015.972 320288.791 4.44168110772 5.09870693711 5.10479893718 2.22084055386 2.54935346855 2.55239946859
24451264 32 306140.373 306920.933 352256.206 4.44245089042 5.09864505071 5.11164496425 2.22122544521 2.54932252536 2.55582248213
26896384 32 336773.664 339360.36 387490.148 4.44235443116 5.07239141307 5.11135150996 2.22117721558 2.53619570653 2.55567575498
29586016 32 370531.357 374058.344 426041.443 4.44441510353 5.06205797671 5.11024232694 2.22220755177 2.53102898835 2.55512116347
32544608 32 407960.664 409131.538 468500.798 4.44578733033 5.09091751318 5.10552878206 2.22289366517 2.54545875659 2.55276439103
35799040 16 224288.403 226530.108 257647.93 4.44625842715 5.05702879902 5.10757250343 2.22312921357 2.52851439951 2.55378625171
39378944 16 246426.005 246855.376 283281.209 4.44832261359 5.10471446245 5.11360888231 2.2241613068 2.55235723122 2.55680444115
43316832 16 271882.228 273870.634 311514.062 4.44968235174 5.06128971827 5.0983053736 2.22484117587 2.53064485913 2.5491526868
47648512 16 298038.375 299638.284 342707.612 4.44913486194 5.08864342582 5.11595992966 2.22456743097 2.54432171291 2.55797996483
52413344 16 327505.206 328106.03 376964.764 4.44929385496 5.11184450953 5.12122243333 2.22464692748 2.55592225477 2.56061121667
57654656 16 362184.081 385620.786 414663.581 4.44926701195 4.78436085134 5.09395384498 2.22463350597 2.39218042567 2.54697692249
63420096 16 397011.959 397096.227 456064.044 4.44990807475 5.11070852355 5.11179329991 2.22495403738 2.55535426178 2.55589664995
69762080 8 218036.383 218146.13 250875.017 4.4492006153 5.11672281328 5.11929827785 2.22460030765 2.55836140664 2.55964913892
76738272 8 240394.162 241164.615 275930.037 4.44972343479 5.09117953312 5.10749654561 2.22486171739 2.54558976656 2.55374827281
84412096 8 266232.421 266641.788 326571.282 4.1356776007 5.06519831768 5.07298671937 2.06783880035 2.53259915884 2.53649335969
92853280 8 290338.151 290739.448 315221.674 4.71304038567 5.10991023138 5.11697300159 2.35652019283 2.55495511569 2.5584865008
102138592 8 319050.92 319426.904 345828.874 4.72550904468 5.11609213731 5.12212117113 2.36275452234 2.55804606866 2.56106058556
112352448 8 351301.299 352540.279 381582.775 4.71100711504 5.09910292548 5.11708659523 2.35550355752 2.54955146274 2.55854329762
123587680 8 386614.96 409853.841 418761.307 4.72202862811 4.82465377212 5.1146569186 2.36101431406 2.41232688606 2.5573284593
135946432 4 212778.963 213559.967 231070.713 4.70666075281 5.09258112032 5.11127341099 2.3533303764 2.54629056016 2.5556367055
149541056 4 233631.991 234061.604 253234.902 4.72418469394 5.11116914332 5.12056779074 2.36209234697 2.55558457166 2.56028389537
164495136 4 257265.957 257830.192 279063.778 4.7156284396 5.10398366379 5.11517770694 2.3578142198 2.5519918319 2.55758885347
180944640 4 282927.625 288873.125 308357.684 4.69440910706 5.01104808556 5.11635129302 2.34720455353 2.50552404278 2.55817564651
199039104 4 311660.985 313673.59 337096.166 4.72361596661 5.07633693994 5.10911826836 2.3618079833 2.53816846997 2.55455913418
218943008 4 342164.965 343268.77 370823.38 4.72339166964 5.10254417843 5.11900469997 2.36169583482 2.55127208921 2.55950234998
240837280 4 376430.182 377025.565 408182.378 4.72018965993 5.11025887595 5.1183415468 2.36009482996 2.55512943797 2.5591707734
264920992 4 414133.527 415127.716 448608.866 4.7243113024 5.10533952399 5.11759564929 2.3621556512 2.552669762 2.55879782464
291413088 2 227538.795 227945.526 246751.539 4.72399222604 5.11373209404 5.12287301161 2.36199611302 2.55686604702 2.56143650581
320554368 2 250554.55 250829.573 272249.369 4.7097169654 5.11190708761 5.11751820911 2.3548584827 2.5559535438 2.55875910455
352609792 2 276356.13 278273.316 299047.109 4.71644475252 5.06853904742 5.10370140152 2.35822237626 2.53426952371 2.55185070076
387870752 2 302746.02 304328.197 328326.917 4.72542130318 5.09805868564 5.1247015832 2.36271065159 2.54902934282 2.5623507916
426657824 2 333738.744 335737.714 361732.784 4.71793371098 5.08322784374 5.11367447347 2.35896685549 2.54161392187 2.55683723673
469323584 2 366318.913 367307.315 398825.211 4.70706034679 5.11096365179 5.12475405822 2.3535301734 2.55548182589 2.56237702911
516255936 2 403372.796 406331.718 437009.424 4.7253528885 5.08211309263 5.11939269201 2.36267644425 2.54105654632 2.55969634601
567881504 1 221683.072 221835.621 240226.146 4.72789089328 5.11984055077 5.12336371809 2.36394544664 2.55992027538 2.56168185905
624669632 1 243976.954 244348.002 265227.669 4.71044091557 5.11295060231 5.12072654207 2.35522045779 2.55647530116 2.56036327103
687136576 1 268456.869 269426.331 312373.168 4.39945966166 5.10073810121 5.11915808718 2.19972983083 2.5503690506 2.55957904359
755850208 1 295374.198 297797.976 319882.266 4.72580251135 5.07626155256 5.11791627785 2.36290125568 2.53813077628 2.55895813892
831435200 1 324749.367 326865.999 352394.258 4.7187783633 5.08731530685 5.12047310626 2.35938918165 2.54365765342 2.56023655313
914578720 1 357569.402 358158.815 387298.117 4.72286685556 5.10711272037 5.1155312221 2.36143342778 2.55355636019 2.55776561105
1006036576 1 394351.846 395648.691 426702.585 4.71539949072 5.08550438247 5.10222830807 2.35769974536 2.54275219124 2.55111415403

META_DATA
ERT_VERSION  1.1.0
FLOPS          8
UNAME  ('Linux', 'atajo-Inspiron-15-7568', '4.15.0-33-generic', '#36-Ubuntu SMP Wed Aug 15 16:00:05 UTC 2018', 'x86_64', 'x86_64')
HOSTNAME  ('atajo-Inspiron-15-7568', [], ['127.0.1.1'])
TIMESTAMP_DATA  1535280313.83
TIMESTAMP_DATA  1535280520.55
MPI_PROCS      4
TIMESTAMP_DATA  1535280417.27
CONFIG  {'ERT_WORKING_SET_MIN': ['1'], 'ERT_CFLAGS': [], 'ERT_CC': ['mpicc'], 'ERT_MPI_CFLAGS': ['-I/usr/include/mpi'], 'ERT_MPI_LDFLAGS': ['-lmpi'], 'ERT_MEMORY_MAX': ['1073741824'], 'ERT_PROCS_THREADS': ['1-4'], 'ERT_LDFLAGS': [], 'ERT_LDLIBS': [], 'ERT_RUN': ['export', 'OMP_NUM_THREADS=ERT_OPENMP_THREADS;', 'mpirun', '-np', 'ERT_MPI_PROCS', 'ERT_CODE'], 'ERT_FLOPS': ['1,2,4,8,16'], 'ERT_OPENMP_CFLAGS': ['-fopenmp'], 'ERT_MPI': ['True'], 'ERT_TRIALS_MIN': ['1'], 'ERT_DRIVER': ['driver1'], 'ERT_RESULTS': ['Results/myLaptop'], 'ERT_OPENMP': ['False'], 'ERT_MPI_PROCS': ['1,2,4,8'], 'ERT_KERNEL': ['kernel1'], 'ERT_GPU': [False], 'ERT_OPENMP_THREADS': ['1,2,4,8'], 'ERT_LD': ['mpicc'], 'ERT_NUM_EXPERIMENTS': ['3'], 'ERT_OPENMP_LDFLAGS': ['-fopenmp'], 'ERT_ALIGN': ['64'], 'ERT_GNUPLOT': ['gnuplot']}
