64 16777216 989351.372 1251715.75 1332302.164 1.61185931092 1.71563204186 2.17059753367 0.805929655459 0.85781602093 1.08529876684
128 8388608 661791.229 750049.314 914424.668 2.3484533206 2.86312327459 3.24495634559 1.1742266603 1.43156163729 1.6224781728
192 4194304 377189.266 478669.009 612399.688 2.63000254174 3.36477337308 4.2700386283 1.31500127087 1.68238668654 2.13501931415
256 4194304 523952.115 588965.883 867597.89 2.47520616723 3.64619362511 4.09862578377 1.23760308361 1.82309681255 2.04931289189
320 2097152 293055.848 305911.232 526917.794 2.54722329609 4.38747303008 4.579936859 1.27361164804 2.19373651504 2.2899684295
384 2097152 361863.965 362291.466 595292.995 2.70557985652 4.44562703555 4.45087903682 1.35278992826 2.22281351778 2.22543951841
448 2097152 402978.774 425351.303 616816.33 3.04636583146 4.41763826453 4.66289619512 1.52318291573 2.20881913226 2.33144809756
512 2097152 470816.732 639303.985 713016.198 3.01183010151 3.35909629595 4.56118804206 1.50591505075 1.67954814798 2.28059402103
576 1048576 272323.645 348210.654 401267.827 3.01035734918 3.46904822734 4.43574979323 1.50517867459 1.73452411367 2.21787489661
640 1048576 287886.924 457985.792 520045.511 2.58088427188 2.93060899147 4.66216826159 1.29044213594 1.46530449573 2.3310841308
704 1048576 316950.122 452452.099 531300.756 2.77883099417 3.26309682564 4.65813042975 1.38941549709 1.63154841282 2.32906521487
768 1048576 363302.123 582084.614 706294.55 2.28036976358 2.76697355893 4.43325990693 1.14018488179 1.38348677947 2.21662995347
832 1048576 395025.355 729451.392 749253.105 2.32875973734 2.39197633062 4.41700878669 1.16437986867 1.19598816531 2.20850439334
896 1048576 390919.264 630474.774 840248.252 2.23630122113 2.98037014245 4.80674237635 1.11815061057 1.49018507123 2.40337118817
960 1048576 409861.068 560465.098 783765.718 2.56870882939 3.59213433126 4.9120691795 1.2843544147 1.79606716563 2.45603458975
1024 1048576 452356.536 540841.677 894142.11 2.40172521122 3.9706326996 4.74732534427 1.20086260561 1.9853163498 2.37366267214
1088 524288 222103.883 270979.036 472091.486 2.4165881441 4.2101068217 5.13656345216 1.20829407205 2.10505341085 2.56828172608
1152 524288 250933.288 281034.033 417797.416 2.89125663716 4.29826786139 4.81386730963 1.44562831858 2.14913393069 2.40693365481
1216 524288 265191.085 378891.058 456777.021 2.79144606094 3.36526394349 4.80811191673 1.39572303047 1.68263197175 2.40405595837
1280 524288 290278.31 298451.753 553258.882 2.42594800313 4.4971331765 4.62376014246 1.21297400156 2.24856658825 2.31188007123
1408 524288 310696.131 335321.078 613238.585 2.40753769269 4.40292932614 4.75189376594 1.20376884635 2.20146466307 2.37594688297
1536 524288 333220.887 368932.791 392591.751 4.10251293334 4.36559930505 4.83346872551 2.05125646667 2.18279965253 2.41673436275
1664 524288 361745.28 397368.787 438215.181 3.98167507574 4.39096003784 4.82336760275 1.99083753787 2.19548001892 2.41168380138
1792 524288 402424.503 412330.97 497545.363 3.77663692949 4.55713572037 4.66931853799 1.88831846474 2.27856786018 2.334659269
1920 524288 419070.577 483487.985 665390.888 3.0256890443 4.16404540022 4.80412138311 1.51284452215 2.08202270011 2.40206069156
2112 262144 225311.276 255540.686 448731.929 2.46761191803 4.33315051835 4.91451770927 1.23380595901 2.16657525917 2.45725885463
2304 262144 249428.573 266808.551 418364.423 2.88733813296 4.52743942228 4.84290768083 1.44366906648 2.26371971114 2.42145384041
2496 262144 278278.545 293725.198 425495.602 3.07552614375 4.4552624593 4.70256464795 1.53776307187 2.22763122965 2.35128232398
2688 262144 298094.924 298694.175 404420.82 3.48470225643 4.7181574398 4.72764220568 1.74235112821 2.3590787199 2.36382110284
2944 262144 325304.327 382706.915 416713.36 3.70399420839 4.03312250577 4.74479969644 1.8519971042 2.01656125288 2.37239984822
3200 262144 348067.648 381517.546 423008.396 3.96616619402 4.39749525963 4.82010209693 1.98308309701 2.19874762981 2.41005104847
3520 262144 381707.879 388455.683 431538.529 4.27654458636 4.75084762758 4.83483276487 2.13827229318 2.37542381379 2.41741638244
3840 262144 421431.834 447714.906 514978.427 3.90941797645 4.49675874763 4.77720418244 1.95470898823 2.24837937382 2.38860209122
4224 131072 222719.056 229976.603 235334.294 4.70520567648 4.81482134076 4.97171762438 2.35260283824 2.40741067038 2.48585881219
4608 131072 254981.712 261986.648 302855.827 3.98856302012 4.61076761439 4.73743604012 1.99428151006 2.30538380719 2.36871802006
5056 131072 282162.258 319445.836 342230.302 3.87283082841 4.14906038719 4.69729748193 1.9364154142 2.07453019359 2.34864874097
5504 131072 290327.553 311727.979 359093.872 4.01800389398 4.62852446107 4.96969909019 2.00900194699 2.31426223053 2.48484954509
6016 131072 321505.309 352437.443 488457.125 3.2286524718 4.47471838002 4.90523254159 1.6143262359 2.23735919001 2.45261627079
6592 131072 356794.252 364716.719 470420.909 3.67341930373 4.73806973461 4.84327658956 1.83670965187 2.3690348673 2.42163829478
7232 131072 388815.672 391716.293 400662.075 4.73173161697 4.83979206859 4.87589761557 2.36586580849 2.4198960343 2.43794880778
7936 131072 424642.025 455274.825 625538.875 3.32573220809 4.56949224899 4.89912599677 1.66286610405 2.2847461245 2.44956299839
8704 65536 241324.212 282030.648 384435.439 2.96760020608 4.04513018741 4.72746053347 1.48380010304 2.02256509371 2.36373026673
9536 65536 248414.74 265498.035 430484.967 2.90347558641 4.7077658861 5.03151540847 1.4517377932 2.35388294305 2.51575770423
10432 65536 285292.131 286151.078 288643.986 4.73712659996 4.77839578155 4.79278239889 2.36856329998 2.38919789077 2.39639119945
11456 65536 308971.948 325858.249 407585.984 3.68403451283 4.60801847616 4.85986136191 1.84201725641 2.30400923808 2.42993068096
12544 65536 335300.511 349242.91 389038.63 4.22623112774 4.70780399808 4.90356296534 2.11311556387 2.35390199904 2.45178148267
13760 65536 370990.757 387064.704 433823.773 4.15733491857 4.65955872845 4.8614438122 2.07866745929 2.32977936423 2.4307219061
15104 65536 410473.301 410670.962 419775.451 4.71612020971 4.82067560452 4.82299697246 2.35806010485 2.41033780226 2.41149848623
16576 32768 212186.955 233052.125 234844.417 4.62572093421 4.66129513301 5.1196584446 2.31286046711 2.3306475665 2.5598292223
18176 32768 234227.89 237219.933 247578.092 4.81133983374 5.02142598615 5.08557002328 2.40566991687 2.51071299308 2.54278501164
19968 32768 269843.163 273364.828 290592.418 4.50329315887 4.78709297598 4.84956829534 2.25164657944 2.39354648799 2.42478414767
21952 32768 292368.265 300124.386 322425.165 4.46195405374 4.79350009233 4.92066494289 2.23097702687 2.39675004616 2.46033247145
24128 32768 327631.842 330654.982 347484.782 4.55056649934 4.78218292202 4.82630930604 2.27528324967 2.39109146101 2.41315465302
26496 32768 370995.968 378412.525 397710.824 4.3660915198 4.58875365185 4.68048713672 2.1830457599 2.29437682593 2.34024356836
29120 32768 411467.935 416385.411 429817.355 4.44004481857 4.58327374011 4.63804869752 2.22002240929 2.29163687005 2.31902434876
32000 32768 453295.815 464161.226 466003.528 4.50029210938 4.51815421566 4.62645347829 2.25014605469 2.25907710783 2.31322673914
35200 16384 242801.904 250543.835 250623.094 4.60226382809 4.60371974429 4.75051299433 2.30113191404 2.30185987215 2.37525649716
38720 16384 274947.489 287431.004 374021.415 3.39225752622 4.41419659794 4.61461555665 1.69612876311 2.20709829897 2.30730777832
42560 16384 309376.798 324918.269 473329.618 2.9463740002 4.29217502695 4.50779143431 1.4731870001 2.14608751347 2.25389571716
46784 16384 315521.352 333287.521 534096.39 2.87030232876 4.59968650311 4.85868262887 1.43515116438 2.29984325156 2.42934131444
51456 16384 371211.291 372656.736 505526.05 3.33535770906 4.52456656519 4.54218459643 1.66767885453 2.2622832826 2.27109229821
56576 16384 388903.845 389275.771 490941.79 3.77617551767 4.76238827615 4.76694275933 1.88808775884 2.38119413808 2.38347137967
62208 16384 431338.381 527921.706 552441.726 3.68985840146 3.86123874209 4.72582972856 1.84492920073 1.93061937105 2.36291486428
68416 8192 232583.195 314794.525 319552.341 3.50780639094 3.56082350543 4.81947005673 1.75390319547 1.78041175271 2.40973502836
75200 8192 240911.745 265816.509 326314.921 3.77572927473 4.6350650102 5.11422471329 1.88786463736 2.3175325051 2.55711235664
82688 8192 274828.234 278836.789 289568.009 4.67855615915 4.85861351674 4.92947966911 2.33927807958 2.42930675837 2.46473983455
90944 8192 301052.237 306986.602 326290.59 4.56656287881 4.85371832612 4.94939519749 2.28328143941 2.42685916306 2.47469759874
100032 8192 331517.068 374474.19 390169.526 4.20054406812 4.37660146351 4.94371013199 2.10027203406 2.18830073175 2.471855066
110016 8192 380467.396 398636.98 436220.05 4.13209375406 4.52166315328 4.73759949722 2.06604687703 2.26083157664 2.36879974861
120960 8192 403806.468 419912.964 429579.674 4.61336687918 4.71957002976 4.90781796987 2.30668343959 2.35978501488 2.45390898493
133056 4096 214324.477 239650.127 274747.018 3.96726690588 4.54827529468 5.08572220615 1.98363345294 2.27413764734 2.54286110307
146304 4096 252056.094 267214.869 287440.023 4.16964330677 4.48523831209 4.75498270635 2.08482165339 2.24261915605 2.37749135317
160896 4096 275554.308 289516.033 292729.255 4.50265905948 4.5526322613 4.78330403022 2.25132952974 2.27631613065 2.39165201511
176960 4096 293922.423 294354.513 415709.266 3.48718789444 4.92486527631 4.93210523105 1.74359394722 2.46243263816 2.46605261552
194624 4096 337526.348 475622.039 675492.755 2.36029150009 3.35215712744 4.72366029333 1.18014575005 1.67607856372 2.36183014666
214080 4096 358961.613 365451.417 810792.212 2.16299976004 4.79884131904 4.88560140273 1.08149988002 2.39942065952 2.44280070137
235456 4096 406058.784 462841.19 1300103.066 1.48361741653 4.16742414823 4.75018797278 0.741808708264 2.08371207411 2.37509398639
258944 4096 439961.095 459584.007 663324.188 3.19793742845 4.61562895073 4.82149279131 1.59896871422 2.30781447536 2.41074639566
284800 2048 243898.559 349977.059 499496.339 2.33543413418 3.33319219075 4.78289336675 1.16771706709 1.66659609537 2.39144668337
313280 2048 258377.163 375316.979 431052.48 2.97688782582 3.41896304137 4.96636337787 1.48844391291 1.70948152069 2.48318168893
344576 2048 286626.733 487638.239 850542.316 1.659392213 2.89432448713 4.92411604887 0.829696106502 1.44716224357 2.46205802443
379008 2048 317870.802 535225.092 901109.309 1.72278407569 2.90049325266 4.88379794002 0.861392037844 1.45024662633 2.44189897001
416896 2048 352883.974 608527.661 693429.662 2.46255115634 2.80612719099 4.83900132002 1.23127557817 1.40306359549 2.41950066001
458560 2048 386200.645 423750.729 648328.891 2.89708169121 4.43246850438 4.86343506754 1.44854084561 2.21623425219 2.43171753377
504384 2048 420031.075 524055.667 715794.758 2.8862419582 3.94224696744 4.91858099785 1.4431209791 1.97112348372 2.45929049892
554816 1024 225212.893 327241.824 364950.63 3.11347090427 3.4722431079 5.04528472089 1.55673545213 1.73612155395 2.52264236044
610240 1024 249250.197 335667.585 573927.302 2.17757809333 3.72324161119 5.01412450238 1.08878904667 1.8616208056 2.50706225119
671232 1024 282464.287 375866.685 764339.373 1.79852456194 3.65736893122 4.86675023806 0.899262280971 1.82868446561 2.43337511903
738304 1024 308546.884 388544.891 819970.633 1.84402529938 3.89156215157 4.90054079431 0.92201264969 1.94578107578 2.45027039716
812096 1024 334763.92 433267.522 728522.942 2.28293786251 3.83867362207 4.96819552119 1.14146893126 1.91933681103 2.48409776059
893248 1024 373067.634 422183.233 1038798.356 1.76104620635 4.33312306365 4.90359317528 0.880523103177 2.16656153183 2.45179658764
982528 1024 412066.275 415001.435 1123278.227 1.79137928221 4.84869972558 4.88323715402 0.895689641103 2.42434986279 2.44161857701
1080768 512 219755.323 262562.638 611129.17 1.8109206471 4.21501871108 5.03608475504 0.905460323552 2.10750935554 2.51804237752
1188800 512 246884.842 250369.485 562458.606 2.16430362522 4.86213885051 4.93076525127 1.08215181261 2.43106942525 2.46538262564
1307648 512 280057.878 288472.832 415203.412 3.22500132056 4.64179431635 4.78126722077 1.61250066028 2.32089715818 2.39063361039
1438400 512 293223.408 302363.892 323312.509 4.55572104078 4.87135414965 5.02320606 2.27786052039 2.43567707483 2.51160303
1582208 512 322241.494 326559.925 353472.266 4.58361559829 4.96135890526 5.02784719587 2.29180779914 2.48067945263 2.51392359793
1740416 512 363681.748 381194.312 401761.496 4.4359302764 4.67526908953 4.9003998518 2.2179651382 2.33763454477 2.4501999259
1914432 512 394427.332 396164.027 623542.102 3.14393905674 4.94840074917 4.97018895232 1.57196952837 2.47420037458 2.48509447616
2105856 256 221193.119 221915.935 227112.63 4.74741660999 4.85858878048 4.87446570162 2.37370830499 2.42929439024 2.43723285081
2316416 256 234115.142 240593.483 258382.152 4.59011964573 4.92949757912 5.06590467352 2.29505982286 2.46474878956 2.53295233676
2548032 256 252591.646 269625.823 296890.664 4.39418460124 4.83852907516 5.16482791359 2.19709230062 2.41926453758 2.58241395679
2802816 256 288368.176 291854.02 374281.492 3.8341243761 4.91698484057 4.97642219716 1.91706218805 2.45849242029 2.48821109858
3083072 256 314800.963 327053.941 384937.006 4.10075632999 4.82652145751 5.01438384736 2.05037816499 2.41326072876 2.50719192368
3391360 256 359220.998 361555.87 543967.032 3.19206168362 4.80251176672 4.83372723106 1.59603084181 2.40125588336 2.41686361553
3730496 256 393766.389 394166.97 436281.534 4.37793902137 4.8456976291 4.85062718748 2.18896951068 2.42284881455 2.42531359374
4103488 256 427497.578 436984.261 514596.818 4.0827805041 4.80792111641 4.9146146414 2.04139025205 2.4039605582 2.4573073207
4513792 128 234264.889 241673.39 242185.816 4.77125692613 4.78137353889 4.93258190304 2.38562846306 2.39068676945 2.46629095152
4965120 128 255299.881 264679.529 282997.323 4.49145845807 4.8023008232 4.97873604571 2.24572922904 2.4011504116 2.48936802285
5461632 128 291150.011 292857.546 293270.954 4.76752904756 4.77425905904 4.80225910759 2.38376452378 2.38712952952 2.4011295538
6007744 128 318077.744 324767.137 362133.677 4.24700203732 4.73564683363 4.83524073284 2.12350101866 2.36782341681 2.41762036642
6608512 128 339671.482 353538.722 398492.63 4.24544632607 4.78527235271 4.98063323432 2.12272316304 2.39263617636 2.49031661716
7269312 128 379561.885 392834.139 499604.057 3.72483739058 4.73722542735 4.90287340627 1.86241869529 2.36861271367 2.45143670313
7996224 128 419088.932 430139.704 525738.04 3.89363749292 4.75899649571 4.88448438433 1.94681874646 2.37949824785 2.44224219217
8795840 64 244500.23 273888.999 562096.962 2.00297741513 4.11067083421 4.60477080124 1.00148870757 2.0553354171 2.30238540062
9675392 64 246393.736 265348.714 452549.689 2.73660595975 4.66725524059 5.02630544147 1.36830297987 2.33362762029 2.51315272073
10642880 64 282667.41 286006.051 583325.136 2.33538477245 4.76314621749 4.81940468482 1.16769238622 2.38157310875 2.40970234241
11707136 64 309593.28 310288.791 610517.495 2.45449707874 4.82941521404 4.84026464657 1.22724853937 2.41470760702 2.42013232329
12877824 64 345967.154 350891.437 698323.245 2.36045625547 4.69763949241 4.76450279439 1.18022812773 2.34881974621 2.38225139719
14165568 64 376614.326 399464.726 792798.206 2.28707972631 4.53905585646 4.81445494455 1.14353986316 2.26952792823 2.40722747228
15582080 64 415879.977 422491.924 848533.796 2.35053247072 4.7208150658 4.795869843 1.17526623536 2.3604075329 2.3979349215
17140288 32 227177.07 233340.336 524466.047 2.09161000655 4.70119504756 4.82873747777 1.04580500327 2.35059752378 2.41436873889
18854272 32 238843.967 246555.859 613555.078 1.96669125767 4.89411775852 5.05214104068 0.983345628834 2.44705887926 2.52607052034
20739648 32 264743.331 265800.824 596843.441 2.22392905881 4.99372971094 5.01367670712 1.1119645294 2.49686485547 2.50683835356
22813568 32 307313.625 310523.552 653052.13 2.23576079907 4.70195688087 4.75106937416 1.11788039953 2.35097844044 2.37553468708
25094912 32 329459.15 343454.124 711264.938 2.25805361996 4.67624132532 4.87488165984 1.12902680998 2.33812066266 2.43744082992
27604352 32 413446.098 547817.638 885519.446 1.99507592519 3.22493911377 4.27305647954 0.997537962594 1.61246955689 2.13652823977
30364736 32 402246.336 435300.242 863729.426 2.24994430605 4.46437404921 4.83122636573 1.12497215303 2.23218702461 2.41561318286
33401152 32 437972.099 479598.495 947075.293 2.25713176534 4.45721525461 4.88084453983 1.12856588267 2.2286076273 2.44042226991
36741248 16 232384.942 246307.396 602657.448 1.95089256741 4.77338462057 5.05936368287 0.975446283707 2.38669231029 2.52968184143
40415360 16 260503.637 288143.198 575793.359 2.24610357133 4.48836387247 4.964581435 1.12305178567 2.24418193623 2.4822907175
44456896 16 281847.658 299841.652 584012.855 2.43594068148 4.74457321893 5.04748090545 1.21797034074 2.37228660947 2.52374045272
48902528 16 305556.173 346018.072 750518.617 2.08506606039 4.52254093827 5.12141803792 1.0425330302 2.26127046913 2.56070901896
53792768 16 354657.715 357402.397 818620.106 2.10276850444 4.81633192852 4.85360533042 1.05138425222 2.40816596426 2.42680266521
59172032 16 392285.784 417145.725 833213.534 2.27253272629 4.53919316565 4.8268509878 1.13626636314 2.26959658282 2.4134254939
65089216 16 433524.92 653435.877 951721.573 2.18851287088 3.18754293315 4.80446409401 1.09425643544 1.59377146658 2.40223204701
71598080 8 248866.583 351000.049 531381.306 2.15583285875 3.26372968683 4.60314625688 1.07791642937 1.63186484341 2.30157312844
78757888 8 283908.93 362003.799 560185.036 2.24948209434 3.4809750933 4.43848739805 1.12474104717 1.74048754665 2.21924369903
86633664 8 375106.862 376736.684 711627.884 1.94784192015 3.67933010739 3.69531662687 0.973920960073 1.8396650537 1.84765831343
95297024 8 398191.732 442352.828 631638.43 2.41396392553 3.44691451594 3.82919147101 1.20698196277 1.72345725797 1.9145957355
104826688 8 397779.413 462869.685 816439.341 2.05431919283 3.62354040965 4.21647514473 1.02715959642 1.81177020483 2.10823757237
115309312 8 434318.675 452972.636 907695.182 2.03256448705 4.07298111491 4.24791540912 1.01628224353 2.03649055746 2.12395770456
126840192 8 416090.06 445604.573 979871.332 2.07113220453 4.5543587184 4.87741301006 1.03556610226 2.2771793592 2.43870650503
139524160 4 223674.467 244300.145 584382.82 1.91003780707 4.56894235572 4.99025791799 0.955018903533 2.28447117786 2.495128959
153476544 4 253205.586 272517.187 542709.214 2.26237609447 4.50544923612 4.84907292685 1.13118804723 2.25272461806 2.42453646343
168824192 4 283112.256 294193.907 605462.634 2.23068024376 4.59082769515 4.77052302533 1.11534012188 2.29541384758 2.38526151266
185706560 4 301363.679 327683.87 814020.745 1.82507938419 4.53379801697 4.92976620451 0.912539692093 2.26689900849 2.46488310225
204277184 4 334268.178 352234.672 1130385.276 1.44571723172 4.63957015566 4.88894121414 0.722858615862 2.31978507783 2.44447060707
224704896 4 368074.675 368810.041 843624.292 2.13085278014 4.87416005032 4.88389799706 1.06542639007 2.43708002516 2.44194899853
247175360 4 417431.75 431892.101 870013.045 2.27284279398 4.57846502731 4.73706870644 1.13642139699 2.28923251366 2.36853435322
271892864 2 223985.637 231770.651 529778.556 2.05287934682 4.69244682753 4.85554105418 1.02643967341 2.34622341377 2.42777052709
299082112 2 250083.857 258377.04 559245.119 2.13918442442 4.63016546671 4.78370920199 1.06959221221 2.31508273336 2.39185460099
328990272 2 282821.945 320509.85 701879.26 1.87491091844 4.10583664745 4.65296668545 0.93745545922 2.05291832373 2.32648334273
361889280 2 299905.667 310975.992 710323.619 2.03788397468 4.65488384068 4.82670812619 1.01894198734 2.32744192034 2.4133540631
398078208 2 337072.921 357336.665 709574.601 2.24403865324 4.45605779636 4.72394171349 1.12201932662 2.22802889818 2.36197085675
437886016 2 364341.067 379141.737 797283.506 2.19688987771 4.61976061475 4.80742969334 1.09844493886 2.30988030737 2.40371484667
481674560 2 403415.201 459746.338 850063.534 2.26653439765 4.19078539784 4.77596837012 1.13326719883 2.09539269892 2.38798418506
529841984 2 450325.871 456711.801 991745.001 2.13700894268 4.64049304476 4.70629842184 1.06850447134 2.32024652238 2.35314921092
582826176 1 240589.728 242372.706 469046.672 2.48515216413 4.80933835842 4.84497971584 1.24257608207 2.40466917921 2.42248985792
641108736 1 263024.461 267626.411 603742.427 2.12378228638 4.79107225333 4.87489820196 1.06189114319 2.39553612666 2.43744910098
705219584 1 282879.996 293431.55 757487.424 1.86199681118 4.8067059183 4.98599826055 0.930998405592 2.40335295915 2.49299913027
775741504 1 314569.057 325634.254 722654.862 2.14692115086 4.76449571549 4.93209034225 1.07346057543 2.38224785775 2.46604517112
853315648 1 345798.301 356345.159 757755.822 2.2522179922 4.78926471399 4.93533742377 1.1261089961 2.394632357 2.46766871188
938647168 1 385250.071 387845.215 1011583.427 1.85579783723 4.84031841414 4.87292404938 0.927898918613 2.42015920707 2.43646202469
1032511872 1 430610.391 445929.65 911948.743 2.26440768722 4.63082852643 4.79557341662 1.13220384361 2.31541426321 2.39778670831

META_DATA
ERT_VERSION  1.1.0
FLOPS          8
TIMESTAMP_DATA  1535260073.64
UNAME  ('Linux', 'atajo-Inspiron-15-7568', '4.15.0-33-generic', '#36-Ubuntu SMP Wed Aug 15 16:00:05 UTC 2018', 'x86_64', 'x86_64')
HOSTNAME  ('atajo-Inspiron-15-7568', [], ['127.0.1.1'])
TIMESTAMP_DATA  1535260383.39
TIMESTAMP_DATA  1535260253.23
MPI_PROCS      8
CONFIG  {'ERT_WORKING_SET_MIN': ['1'], 'ERT_CFLAGS': [], 'ERT_CC': ['mpicc'], 'ERT_MPI_CFLAGS': ['-I/usr/include/mpi'], 'ERT_MPI_LDFLAGS': ['-lmpi'], 'ERT_MEMORY_MAX': ['1073741824'], 'ERT_PROCS_THREADS': ['1-4'], 'ERT_LDFLAGS': [], 'ERT_LDLIBS': [], 'ERT_RUN': ['export', 'OMP_NUM_THREADS=ERT_OPENMP_THREADS;', 'mpirun', '-np', 'ERT_MPI_PROCS', 'ERT_CODE'], 'ERT_FLOPS': ['1,2,4,8,16,32'], 'ERT_OPENMP_CFLAGS': ['-fopenmp'], 'ERT_MPI': ['True'], 'ERT_TRIALS_MIN': ['1'], 'ERT_DRIVER': ['driver1'], 'ERT_RESULTS': ['Results/myLaptop'], 'ERT_OPENMP': ['False'], 'ERT_MPI_PROCS': ['1,2,4,8'], 'ERT_KERNEL': ['kernel1'], 'ERT_GPU': [False], 'ERT_OPENMP_THREADS': ['1,2,4,8'], 'ERT_LD': ['mpicc'], 'ERT_NUM_EXPERIMENTS': ['3'], 'ERT_OPENMP_LDFLAGS': ['-fopenmp'], 'ERT_ALIGN': ['64'], 'ERT_GNUPLOT': ['gnuplot']}
