32 33554432 263528.091 263977.669 274514.477 7.82284297524 8.13509588192 8.14897432699 0.488927685952 0.50844349262 0.509310895437
64 16777216 211265.189 211286.73 220042.904 9.75938605137 10.1638358831 10.1648722071 0.60996162821 0.635239742695 0.635304512946
96 8388608 147362.085 147397.257 152568.046 10.5566845629 10.9270197342 10.9296277669 0.659792785181 0.682938733385 0.683101735429
128 8388608 188347.012 188415.453 195157.281 11.0038612805 11.3975983063 11.4017399331 0.68774133003 0.712349894146 0.712608745819
160 4194304 114917.005 114969.511 119034.206 11.2755595648 11.6742018673 11.6795358529 0.704722472799 0.729637616707 0.729970990803
192 4194304 135277.317 135696.182 139885.279 11.5138115141 11.8692561004 11.9060073907 0.71961321963 0.741828506273 0.744125461921
224 4194304 155485.144 155912.379 160879.324 11.6798613102 12.0519499738 12.0850657732 0.729991331888 0.753246873361 0.755316610827
256 4194304 175621.349 175848.897 182109.307 11.7922784034 12.2120962067 12.2279191011 0.737017400214 0.763256012917 0.764244943819
288 2097152 98085.524 98410.849 101314.757 11.9228391576 12.2746583763 12.3153703293 0.745177447349 0.767166148521 0.769710645579
320 2097152 108115.704 108186.392 111858.795 11.9988533758 12.4061562197 12.4142675887 0.749928335988 0.775384763733 0.775891724296
352 2097152 118309.945 118834.385 122413.446 12.0607258128 12.4239714625 12.4790439891 0.753795363297 0.776498216404 0.779940249317
384 2097152 129943.678 130127.954 133274.383 12.0849386037 12.3771463893 12.394698694 0.755308662731 0.773571649332 0.774668668375
416 2097152 139753.425 143853.102 148954.222 11.7138704803 12.129251575 12.4850640619 0.732116905018 0.758078223437 0.780316503871
448 2097152 148979.491 154190.266 154251.193 12.1817417127 12.1865552265 12.6127977709 0.761358857043 0.761659701657 0.788299860684
480 2097152 159085.964 164785.946 167697.341 12.0053538595 12.2174613119 12.6552077215 0.750334616218 0.763591331994 0.790950482596
512 2097152 170023.242 183213.566 188720.802 11.3791570682 11.7212043567 12.6305299366 0.711197316764 0.732575272292 0.789408121038
544 1048576 91200.644 95662.346 98110.907 11.6281738992 11.92580713 12.5092393865 0.726760868697 0.745362945625 0.781827461657
576 1048576 95329.766 100335.746 102669.481 11.7655172719 12.0391744733 12.6713785493 0.735344829492 0.75244840458 0.79196115933
608 1048576 110716.806 111155.272 113991.102 11.1856837387 11.4710565955 11.5164848235 0.69910523367 0.716941037219 0.719780301466
640 1048576 114227.75 114347.816 118183.932 11.3566815496 11.7376730658 11.7500106585 0.709792596848 0.733604566615 0.734375666158
704 1048576 115123.789 121038.931 126987.717 11.626281997 12.1976871061 12.8244129282 0.726642624814 0.762355444134 0.801525808015
768 1048576 125848.79 130009.532 131293.922 12.2672299789 12.3884203814 12.7979993769 0.766701873679 0.774276273835 0.799874961054
832 1048576 136462.375 136498.987 140228.736 12.4427454299 12.7827356257 12.7861651536 0.777671589367 0.798920976608 0.799135322099
896 1048576 146675.648 148047.488 150938.01 12.4491385039 12.6921990868 12.8109077248 0.778071156497 0.793262442926 0.800681732799
960 1048576 157952.384 160207.586 164548.323 12.2351044562 12.5666079258 12.7460306012 0.764694028513 0.785412995362 0.796626912576
1056 524288 91838.732 93415.318 95474.651 11.5978036516 11.8534762789 12.0569636785 0.724862728223 0.740842267432 0.753560229904
1152 524288 95351.802 102683.415 123620.671 9.77150133735 11.7639207072 12.6684501673 0.610718833584 0.735245044197 0.791778135457
1248 524288 102442.581 102545.277 111928.177 11.6916301424 12.7614151162 12.7742081 0.730726883902 0.797588444761 0.798388006253
1344 524288 115331.038 115788.539 122440.712 11.5099473123 12.1712058566 12.2194872121 0.719371707018 0.760700366035 0.763717950757
1472 524288 120153.335 120435.061 133102.675 11.5963399834 12.8160675071 12.8461176046 0.724771248963 0.801004219195 0.80288235029
1600 524288 130552.726 130846.743 139432.881 12.032467435 12.8220356238 12.8509120522 0.752029214687 0.801377226485 0.803182003262
1760 524288 143182.706 145270.856 154340.66 11.9572752896 12.7038128006 12.8890828478 0.747329705601 0.793988300035 0.805567677985
1920 524288 156483.91 160218.507 165406.357 12.1716357008 12.5657513461 12.8656417136 0.7607272313 0.785359459129 0.804102607099
2112 262144 85875.215 87596.206 90608.011 12.220732403 12.6409157036 12.8942472633 0.763795775188 0.790057231474 0.805890453957
2304 262144 93734.654 95346.866 98571.282 12.2546803439 12.6691059987 12.8870113715 0.765917521495 0.79181912492 0.805438210718
2528 262144 106397.449 108023.433 112014.324 11.8324158614 12.269560661 12.457066184 0.739525991337 0.766847541311 0.778566636499
2752 262144 115509.935 117097.806 121218.23 11.9028348789 12.3216704504 12.4910517524 0.74392717993 0.770104403152 0.780690734524
3008 262144 124983.365 126614.843 131190.145 12.0211644251 12.4555562889 12.6181456548 0.75132277657 0.778472268058 0.788634103426
3296 262144 137002.85 138227.166 143208.693 12.0666784383 12.5015458105 12.6132649649 0.754167402394 0.781346613154 0.788329060308
3616 262144 149543.816 151217.087 156489.422 12.1147192173 12.5371110211 12.6773908725 0.757169951078 0.783569438816 0.792336929532
3968 262144 166009.6 171405.726 193036.874 10.7770849211 12.1371370289 12.5316534947 0.673567807568 0.758571064306 0.783228343421
4352 131072 89690.207 90554.365 93599.534 12.1886364092 12.5985167915 12.7199024973 0.761789775577 0.787407299471 0.794993906079
4768 131072 98617.532 100102.886 102758.019 12.1635528221 12.4861793895 12.6742432776 0.760222051381 0.780386211842 0.792140204847
5216 131072 107282.147 109139.213 111750.697 12.2356561588 12.5284310416 12.7452995884 0.764728509926 0.783026940097 0.796581224274
5728 131072 117639.191 119531.594 122474.578 12.2601837583 12.5620413964 12.7641206917 0.766261484894 0.785127587272 0.797757543232
6272 131072 128670.288 130574.217 133812.281 12.2871171145 12.5918210025 12.7781416639 0.767944819654 0.786988812654 0.798633853994
6880 131072 141394.709 143139.642 146437.408 12.3161884974 12.5999387367 12.7554328783 0.769761781088 0.787496171047 0.797214554895
7552 131072 154518.68 158856.08 160626.973 12.3249006753 12.4622959851 12.8121175252 0.770306292207 0.778893499072 0.800757345325
8288 65536 84918.074 85787.798 87938.727 12.3532006098 12.6629283106 12.7926209914 0.772075038111 0.791433019414 0.799538811961
9088 65536 93107.294 93810.75 96272.177 12.3730694903 12.6977167968 12.7936521923 0.773316843142 0.793607299803 0.799603262017
9984 65536 102330.583 103129.041 105634.192 12.3882506528 12.6891788706 12.7881891184 0.774265665799 0.793073679411 0.7992618199
10976 65536 113170.58 115848.006 141116.313 10.1947552442 12.4183947715 12.7121931513 0.637172202763 0.776149673219 0.794512071954
12064 65536 123278.195 124213.233 127195.397 12.4316810615 12.7301461351 12.8267014941 0.776980066346 0.795634133442 0.801668843383
13248 65536 135786.844 136560.902 139573.866 12.4410242817 12.7155124971 12.7879977533 0.777564017608 0.79471953107 0.799249859581
14560 65536 148895.746 149627.073 153139.161 12.4619222643 12.754431947 12.8170775275 0.778870141518 0.797151996684 0.80106734547
16000 65536 162983.624 164119.109 170871.979 12.273235274 12.7782316927 12.8672559152 0.767077204625 0.798639480793 0.804203494702
17600 32768 89543.652 90082.309 92589.375 12.4575157787 12.8042188617 12.8812436643 0.778594736167 0.800263678854 0.805077729016
19360 32768 99457.689 100460.815 101718.336 12.4734340916 12.629570644 12.7569519537 0.779589630723 0.789348165252 0.797309497107
21280 32768 107931.782 108819.509 112114.713 12.4390995854 12.8157725836 12.9211808992 0.77744372409 0.800985786473 0.807573806203
23392 32768 119407.922 119518.997 123128.332 12.4505715874 12.8265643996 12.8384958579 0.778160724211 0.801660274977 0.80240599112
25728 32768 130656.722 131531.452 135216.537 12.4697041161 12.819064812 12.9048868071 0.779356507259 0.801191550748 0.806555425445
28288 32768 143453.717 145005.5 148359.791 12.4958545405 12.7849106965 12.9232090096 0.780990908783 0.799056918531 0.807700563102
31104 32768 157917.463 158754.246 162924.895 12.5114810969 12.8401714937 12.9082098032 0.781967568554 0.802510718359 0.806763112703
34208 16384 86515.97 87110.719 89556.532 12.5164264288 12.8678509013 12.9563101934 0.782276651802 0.804240681333 0.809769387085
37600 16384 95023.547 97354.736 98378.755 12.5238096376 12.6555404557 12.9660156761 0.782738102347 0.79097127848 0.810375979756
41344 16384 104364.687 108152.742 133611.923 10.1395157077 12.5263600991 12.9810209846 0.633719731734 0.782897506195 0.811313811539
45472 16384 114741.105 115722.191 118823.858 12.5397922697 12.8758925416 12.9859869835 0.783737016854 0.804743283853 0.811624186467
50016 16384 126645.507 130607.496 131185.058 12.4932237938 12.5484703267 12.9410377583 0.780826487114 0.784279395418 0.808814859891
55008 16384 138693.4 140235.305 143796.225 12.5351144927 12.8534119422 12.9963080002 0.783444655797 0.803338246385 0.812269250015
60480 16384 152621.73 154472.844 158006.137 12.5426054812 12.8294953901 12.9851014007 0.783912842575 0.801843461884 0.811568837544
66528 8192 84045.926 84788.467 87088.311 12.5159707369 12.855460071 12.9690373332 0.782248171055 0.803466254438 0.810564833327
73152 8192 93033.143 93155.102 96640.457 12.4018698297 12.8658800459 12.8827461843 0.775116864358 0.804117502872 0.805171636521
80448 8192 101653.477 102531.019 105356.737 12.5104484965 12.8552319567 12.9662070684 0.781903031033 0.803451997293 0.810387941772
88480 8192 111871.296 112689.941 116092.497 12.4870801943 12.8641146418 12.9582508814 0.780442512146 0.804007165112 0.80989068009
97312 8192 123918.925 125014.066 127709.533 12.4842662137 12.7534433445 12.866152672 0.780266638357 0.797090209033 0.804134542
107040 8192 135603.109 136270.74 140355.571 12.4950035649 12.8695518935 12.9329140971 0.780937722807 0.804346993346 0.80830713107
117728 8192 149309.412 149651.31 154392.869 12.4931647717 12.8889987799 12.9185128128 0.780822798234 0.805562423744 0.807407050803
129472 8192 163977.732 164907.747 169684.696 12.501240819 12.8633692873 12.9363250859 0.781327551189 0.803960580457 0.808520317869
142400 4096 90249.774 90383.022 93206.156 12.5157055077 12.9066363813 12.9256922017 0.782231594231 0.806664773833 0.807855762608
156640 4096 99104.68 99356.821 102467.681 12.5229230083 12.9150154673 12.9478737028 0.782682688018 0.807188466708 0.809242106427
172288 4096 109008.435 109279.655 112727.421 12.5203192221 12.9153344783 12.9474686615 0.782519951379 0.807208404895 0.809216791343
189504 4096 119826.958 120245.721 123819.758 12.5377144413 12.9103701578 12.9554884302 0.783607152584 0.806898134862 0.80971802689
208448 4096 131763.194 132463.43 136424.749 12.5168345811 12.8911505311 12.9596586434 0.782302161318 0.805696908196 0.809978665211
229280 4096 144781.486 145206.596 149593.645 12.5557590364 12.9350994496 12.973079721 0.784734939776 0.808443715601 0.810817482561
252192 4096 159111.889 159723.804 164444.53 12.5632446637 12.934558358 12.9843022855 0.785202791482 0.808409897375 0.811518892847
277408 2048 87610.308 87805.418 90356.41 12.5753465415 12.9406953908 12.9695145918 0.785959158847 0.808793461925 0.810594661989
305120 2048 96591.838 99018.516 99420.192 12.5706005476 12.6215941269 12.9386866 0.785662534226 0.788849632931 0.8086679125
335616 2048 106030.831 106148.808 109247.829 12.5831620508 12.9505282433 12.9649378679 0.786447628172 0.809408015208 0.810308616746
369152 2048 116736.281 117095.495 120131.178 12.586629193 12.9129356514 12.9526705755 0.78666432456 0.80705847821 0.809541910968
406048 2048 128199.192 128554.22 132038.268 12.5961407491 12.9375185661 12.9733470395 0.787258796821 0.808594910381 0.810834189969
446624 2048 141699.266 143374.2 145459.372 12.5765145198 12.7594218765 12.9102426261 0.786032157488 0.797463867279 0.806890164131
491264 2048 155044.789 155265.279 159984.658 12.5775644312 12.9598668612 12.9782971552 0.786097776951 0.809991678822 0.811143572197
540384 1024 85571.534 85580.777 88050.739 12.5689624479 12.9317175047 12.9331143228 0.785560152993 0.808232344046 0.808319645175
594400 1024 93813.681 94102.665 96910.784 12.5613595284 12.9362032414 12.9760519684 0.785084970523 0.808512702589 0.811003248023
653824 1024 103261.55 103683.052 106835.303 12.5336056004 12.9146618099 12.9673780028 0.783350350024 0.80716636312 0.810461125172
719200 1024 113892.91 113969.128 117402.638 12.5458986705 12.9238647856 12.932513534 0.784118666908 0.807741549097 0.808282095874
791104 1024 125274.963 125645.532 129160.373 12.5439479181 12.8948556006 12.932999166 0.783996744884 0.805928475037 0.808312447875
870208 1024 138965.498 139842.611 142099.245 12.5418399232 12.7442270368 12.8246651842 0.783864995201 0.796514189799 0.80154157401
957216 1024 151364.006 151985.216 156547.028 12.522616322 12.8984806522 12.9514170496 0.782663520128 0.806155040764 0.809463565598
1052928 512 83303.209 83462.795 86011.858 12.5354607733 12.9183101524 12.9430580759 0.783466298333 0.807394384528 0.808941129747
1158208 512 91645.05 91742.878 94505.185 12.5496288061 12.9274884095 12.9412880674 0.78435180038 0.807968025594 0.808830504212
1274016 512 100977.185 104227.304 130783.302 9.97522133215 12.5168006264 12.9196747166 0.62345133326 0.782300039153 0.807479669789
1401408 512 110836.935 110941.14 114456.677 12.5378599975 12.9351635651 12.9473247523 0.783616249841 0.80844772282 0.809207797022
1541536 512 121964.922 122327.809 125968.121 12.5312090985 12.9041211226 12.9425152586 0.783200568658 0.806507570163 0.808907203663
1695680 512 134189.232 134272.048 138475.928 12.5391925158 12.9317780272 12.9397589816 0.783699532239 0.808236126703 0.808734936347
1865248 512 147594.05 147803.952 152277.537 12.5429790213 12.9226176036 12.9409956025 0.783936188829 0.807663600226 0.808812225154
2051744 512 162454.449 162988.688 167571.894 12.5378176844 12.8903783556 12.9327689634 0.783613605274 0.805648647224 0.808298060215
2256896 256 89496.5 91648.875 92221.074 12.5300075339 12.608237166 12.9114630405 0.783125470866 0.788014822877 0.806966440028
2482560 256 98348.297 98414.518 101436.335 12.5307240251 12.9154798076 12.9241762061 0.783170251567 0.807217487973 0.807761012883
2730816 256 108746.563 109265.096 113811.616 12.2850183588 12.7961979002 12.8572136298 0.767813647422 0.799762368762 0.803575851864
3003872 256 119252.191 119395.883 123288.598 12.4746528791 12.8813693182 12.896890624 0.779665804943 0.80508558239 0.806055664
3304256 256 131488.112 131675.899 135702.451 12.4668276773 12.8480540847 12.8664032532 0.779176729829 0.803003380292 0.804150203328
3634656 256 144740.019 151322.825 181992.589 10.225382705 12.2978398797 12.857148181 0.639086419063 0.768614992484 0.803571761311
3998112 256 160624.893 164948.435 171007.308 11.9704436491 12.410141048 12.7441849502 0.748152728069 0.775633815501 0.796511559388
4397920 128 91199.862 91218.101 102282.495 11.0074311347 12.3425888903 12.3450572765 0.68796444592 0.771411805646 0.771566079782
4837696 128 98314.021 99944.441 106187.865 11.6628220748 12.3913862903 12.5968825545 0.728926379676 0.774461643144 0.787305159658
5321440 128 110026.511 110624.755 116312.779 11.712286919 12.3145008547 12.3814581378 0.732017932441 0.76965630342 0.773841133616
5853568 128 120057.005 121086.179 126486.325 11.8472365135 12.3755941461 12.4816824141 0.740452282095 0.773474634128 0.780105150882
6438912 128 133263.256 133744.917 141785.58 11.625734239 12.3246663049 12.3692120505 0.726608389936 0.770291644056 0.773075753154
7082784 128 146459.12 147056.352 156624.945 11.5766534124 12.3299176087 12.380196631 0.723540838275 0.770619850545 0.773762289436
7791040 128 161328.73 161945.771 166835.465 11.9549296068 12.3158896196 12.3629947375 0.747183100428 0.769743101226 0.772687171095
8570144 64 88855.665 89403.561 93671.97 11.7108504497 12.2699635197 12.3456217676 0.731928153107 0.76687271998 0.771601360476
9427136 64 97876.826 99655.046 100596.057 11.9952356383 12.1085028449 12.3284893607 0.749702227394 0.756781427806 0.770530585044
10369824 64 107765.612 110601.658 113122.318 11.7336481029 12.0010630582 12.316892628 0.733353006433 0.750066441138 0.769805789253
11406784 64 116664.939 121674.032 123144.949 11.8565021453 11.9998353634 12.5150569187 0.741031384081 0.749989710212 0.782191057418
12547456 64 130696.892 134753.869 136835.783 11.7372395786 11.9185770317 12.2885429288 0.733577473664 0.744911064483 0.768033933049
13802176 64 143141.152 147333.584 150464.754 11.741477529 11.991010332 12.3422125875 0.733842345564 0.749438145752 0.771388286717
15182368 64 157425.447 161651.582 165434.712 11.7468884281 12.0218007146 12.3445296871 0.734180526757 0.751362544661 0.771533105445
16700576 64 173316.189 177712.676 182384.519 11.7206972375 12.0288196437 12.3339529927 0.732543577342 0.75180122773 0.770872062044
18370624 32 95467.714 98043.716 100100.042 11.7454489779 11.9917928855 12.3153670151 0.734090561121 0.749487055346 0.769710438442
20207680 32 105293.827 108492.494 110377.15 11.7170222279 11.9205621727 12.2826907982 0.732313889242 0.745035135795 0.767668174887
22228448 32 116090.567 118539.876 121277.038 11.730338203 12.0011992589 12.2544036847 0.733146137688 0.750074953681 0.765900230292
24451264 32 128239.833 130647.367 131215.619 11.926026093 11.9778984601 12.2027677313 0.745376630811 0.748618653754 0.762672983206
26896384 32 143620.301 144016.73 146961.512 11.7130570622 11.9525597894 11.9855519311 0.732066066386 0.747034986838 0.749096995696
29586016 32 155699.255 159313.43 161992.035 11.6888773204 11.8854074261 12.1612979073 0.730554832526 0.742837964131 0.760081119206
32544608 32 173832.082 175130.321 178370.622 11.6771186233 11.8931713258 11.9819937036 0.729819913954 0.743323207864 0.748874606472
35799040 16 96225.609 96744.977 102370.714 11.1904004108 11.8411241133 11.9050353841 0.699400025675 0.740070257084 0.744064711505
39378944 16 106203.778 107428.807 108913.965 11.5699231774 11.7298724913 11.8651730826 0.72312019859 0.733117030705 0.741573317665
43316832 16 117319.399 118306.873 119754.593 11.5748263952 11.7164674279 11.8150845965 0.723426649699 0.732279214243 0.738442787284
47648512 16 130096.39 132227.99 132409.743 11.5154092853 11.5312377054 11.7201744337 0.719713080328 0.720702356589 0.732510902109
52413344 16 143425.635 146182.114 147671.036 11.3578603728 11.4735446226 11.6940532144 0.709866273302 0.71709653891 0.7308783259
57654656 16 158293.514 161889.579 166896.717 11.0544354926 11.396341898 11.6552406058 0.690902218286 0.712271368622 0.72845253786
63420096 16 174683.3 175848.946 177208.488 11.4522904343 11.5408315953 11.6178425299 0.715768152144 0.721301974707 0.726115158118
69762080 8 96706.936 96908.867 97964.41 11.3938651802 11.517968526 11.5420188682 0.712116573764 0.719873032877 0.721376179264
76738272 8 106855.015 107018.164 110529.501 11.108458293 11.4729341834 11.490451356 0.69427864331 0.717058386462 0.718153209749
84412096 8 117836.654 118658.944 119606.186 11.292004044 11.382146937 11.4615740532 0.70575025275 0.711384183564 0.716348378324
92853280 8 129821.293 130460.307 131295.18 11.3153619196 11.3877739074 11.4438274775 0.707210119975 0.71173586921 0.715239217345
102138592 8 143730.464 143967.053 145688.853 11.2171757712 11.3513296129 11.3700145851 0.701073485698 0.709458100806 0.710625911567
112352448 8 158427.632 158575.968 159947.307 11.2389461362 11.3361387017 11.3467527432 0.702434133511 0.708508668855 0.709172046452
123587680 8 173999.275 176018.035 177124.043 11.1639439034 11.234092461 11.3644317196 0.697746493964 0.702130778815 0.710276982476
135946432 4 95873.441 96282.664 96959.167 11.2167986757 11.29561035 11.3438241567 0.70104991723 0.705975646872 0.708989009793
149541056 4 105791.79 106667.81 107813.6 11.0962665935 11.2154589843 11.3083297674 0.693516662091 0.700966186519 0.70677061046
164495136 4 116391.519 116888.007 117454.658 11.2039923355 11.258307176 11.3063314175 0.700249520968 0.703644198502 0.706645713594
180944640 4 128855.579 129230.981 129705.84 11.1603079707 11.2013165017 11.2339499091 0.69751924817 0.700082281353 0.702121869322
199039104 4 141448.345 142246.03 142698.651 11.158569621 11.1940757292 11.2572036951 0.69741060131 0.699629733076 0.703575230944
218943008 4 155920.525 156701.255 157205.259 11.1417650729 11.177600741 11.2335695637 0.696360317055 0.698600046311 0.702098097733
240837280 4 171129.532 172949.499 174013.008 11.0721506521 11.1402360292 11.2587127276 0.692009415756 0.696264751828 0.703669545476
264920992 4 188476.325 189779.959 190629.324 11.117743543 11.167501285 11.2447435295 0.694858971435 0.697968830313 0.702796470591
291413088 2 103666.691 104128.749 104657.445 11.1377872066 11.1943374255 11.2442322674 0.696111700415 0.699646089093 0.702764516714
320554368 2 114070.936 114525.807 115228.213 11.127634792 11.1958824442 11.2405273154 0.695477174501 0.699742652763 0.702532957212
352609792 2 125583.934 126611.393 126752.07 11.1275434634 11.1399071962 11.2310478186 0.695471466462 0.696244199762 0.701940488662
387870752 2 138384.876 139236.559 139608.108 11.1131296758 11.1427847624 11.2113624902 0.694570604739 0.696424047653 0.700710155639
426657824 2 152017.913 153075.95 153892.195 11.0897846119 11.1489185336 11.2265144437 0.693111538243 0.696807408349 0.701657152733
469323584 2 167331.842 167972.783 168880.785 11.116091958 11.1761816556 11.2189904418 0.694755747375 0.698511353473 0.70118690261
516255936 2 183855.246 184771.144 185771.537 11.1159318448 11.1761160282 11.2317912539 0.694745740301 0.69850725176 0.701986953367
567881504 1 101314.429 101570.639 102239.864 11.1088078912 11.182001208 11.2102789229 0.694300493201 0.698875075503 0.700642432679
624669632 1 111481.745 111796.757 112414.33 11.1137011091 11.1750939609 11.2066712268 0.694606319319 0.698443372557 0.700416951672
687136576 1 123048.145 123136.731 123787.73 11.1018527604 11.1605460112 11.1685808185 0.693865797523 0.697534125703 0.698036301157
755850208 1 134919.786 135731.483 136418.338 11.0813578157 11.1374338701 11.2044382875 0.692584863481 0.69608961688 0.700277392969
831435200 1 148211.889 149085.753 149801.833 11.1004676425 11.1537847617 11.2195479811 0.693779227655 0.697111547607 0.701221748817
914578720 1 162924.478 163762.444 164555.425 11.1157528839 11.1695782948 11.2270265491 0.694734555242 0.698098643423 0.701689159317
1006036576 1 179313.445 180329.692 180918.975 11.1214047725 11.1577473997 11.2209831895 0.695087798281 0.697359212481 0.701311449345

META_DATA
ERT_VERSION  1.1.0
HOSTNAME  ('atajo-Inspiron-15-7568', [], ['127.0.1.1'])
TIMESTAMP_DATA  1535285747.33
OPENMP_THREADS 1
FLOPS          1
UNAME  ('Linux', 'atajo-Inspiron-15-7568', '4.15.0-33-generic', '#36-Ubuntu SMP Wed Aug 15 16:00:05 UTC 2018', 'x86_64', 'x86_64')
TIMESTAMP_DATA  1535285791.19
MPI_PROCS      4
CONFIG  {'ERT_WORKING_SET_MIN': ['1'], 'ERT_CFLAGS': [], 'ERT_CC': ['mpicc'], 'ERT_MPI_CFLAGS': ['-I/usr/include/mpi'], 'ERT_MPI_LDFLAGS': ['-lmpi'], 'ERT_MEMORY_MAX': ['1073741824'], 'ERT_PROCS_THREADS': ['1-4'], 'ERT_LDFLAGS': [], 'ERT_LDLIBS': [], 'ERT_RUN': ['export', 'OMP_NUM_THREADS=ERT_OPENMP_THREADS;', 'mpirun', '-np', 'ERT_MPI_PROCS', 'ERT_CODE'], 'ERT_FLOPS': ['1,2,4,8,16'], 'ERT_OPENMP_CFLAGS': ['-fopenmp'], 'ERT_MPI': ['True'], 'ERT_TRIALS_MIN': ['1'], 'ERT_DRIVER': ['driver1'], 'ERT_RESULTS': ['Results/myLaptop'], 'ERT_OPENMP': ['True'], 'ERT_MPI_PROCS': ['1,2,4'], 'ERT_KERNEL': ['kernel1'], 'ERT_GPU': [False], 'ERT_OPENMP_THREADS': ['1,2,4'], 'ERT_LD': ['mpicc'], 'ERT_NUM_EXPERIMENTS': ['3'], 'ERT_OPENMP_LDFLAGS': ['-fopenmp'], 'ERT_ALIGN': ['64'], 'ERT_GNUPLOT': ['gnuplot']}
TIMESTAMP_DATA  1535285704.63
