16 67108864 404052.752 404112.446 404155.573 5.31350744977 5.31407450886 5.31485960031 0.664188431221 0.664259313607 0.664357450039
32 33554432 245720.555 245797.798 245871.897 8.73415658399 8.73678961111 8.73953604736 1.091769573 1.09209870139 1.09244200592
48 16777216 169423.548 169440.148 169838.299 9.4832128294 9.50549651314 9.506427855 1.18540160367 1.18818706414 1.18830348187
64 16777216 213478.935 213772.248 214149.131 10.0279820795 10.0456615304 10.0594639373 1.25349775993 1.2557076913 1.25743299216
80 8388608 131271.822 131333.161 131378.362 10.2161212818 10.2196373694 10.2244126695 1.27701516023 1.27745467118 1.27805158368
96 8388608 156480.685 156615.743 157054.326 10.2551313104 10.2838495361 10.2927254952 1.2818914138 1.28548119202 1.2865906869
112 8388608 181566.686 181590.532 181710.727 10.3408765295 10.3477211686 10.3490801831 1.29260956619 1.29346514608 1.29363502289
128 8388608 205954.462 205960.049 205990.061 10.4251808926 10.4267000247 10.4269828735 1.30314761157 1.30333750309 1.30337285919
144 4194304 114602.167 114628.858 114633.833 10.5375482995 10.538005639 10.5404599548 1.31719353744 1.31725070488 1.31755749435
160 4194304 126436.5 126462.824 126643.767 10.5980524095 10.6132161021 10.6154257671 1.32475655119 1.32665201277 1.32692822089
176 4194304 138323.312 138483.887 138574.347 10.6541725793 10.6611320637 10.6735082225 1.33177157241 1.33264150796 1.33418852782
192 4194304 150740.713 150838.04 150929.552 10.6712881252 10.6777622939 10.6846564803 1.33391101565 1.33472028674 1.33558206004
208 4194304 163081.186 163127.887 163213.225 10.6904968271 10.6960894062 10.6991524087 1.33631210339 1.33701117578 1.33739405108
224 4194304 175310.705 175493.967 175522.801 10.7054364521 10.7071953761 10.7183882011 1.33817955651 1.33839942202 1.33979852514
240 4194304 187373.444 187437.434 187450.891 10.7402312641 10.741002355 10.7446705201 1.34252890801 1.34262529437 1.34308381501
256 4194304 199796.828 200007.11 200058.047 10.7343027696 10.7370365384 10.7483370457 1.3417878462 1.34212956729 1.34354213071
272 2097152 105849.996 105874.735 106055.077 10.7571529838 10.7754762078 10.7779946255 1.34464412298 1.34693452598 1.34724932819
288 2097152 112127.469 112197.068 112468.785 10.7403983425 10.7664092612 10.7730921136 1.34254979282 1.34580115766 1.3466365142
304 2097152 132744.53 133071.068 133454.429 9.55433570511 9.58186054387 9.60543094318 1.19429196314 1.19773256798 1.2006788679
320 2097152 137371.334 138952.034 139083.97 9.65012200903 9.65928487236 9.7704320175 1.20626525113 1.20741060905 1.22130400219
352 2097152 136337.995 136356.903 136736.081 10.7974061945 10.8274313622 10.8289329618 1.34967577431 1.35342892028 1.35361662022
384 2097152 148448.801 148511.461 148576.702 10.8402778788 10.8450400067 10.8496176806 1.35503473485 1.35563000084 1.35620221008
416 2097152 160309.722 160600.905 161039.378 10.8348062795 10.8643874952 10.8841213261 1.35435078494 1.3580484369 1.36051516576
448 2097152 172923.371 172933.861 172950.913 10.8646329725 10.8657042706 10.8663634137 1.35807912156 1.35821303383 1.35829542671
480 2097152 185055.439 185091.405 185142.076 10.8741673611 10.8771442953 10.8792582962 1.35927092013 1.35964303691 1.35990728703
528 1048576 109484.845 109636.928 109685.848 10.0951606446 10.0996651055 10.1136943291 1.26189508058 1.26245813819 1.26421179114
576 1048576 110848.587 111470.74 111578.127 10.8261321863 10.8365617022 10.897383401 1.35326652329 1.35457021278 1.36217292513
624 1048576 119859.576 120126.31 121083.131 10.8076396538 10.8937238478 10.9179666045 1.35095495672 1.36171548098 1.36474582557
672 1048576 136675.714 136700.195 136709.888 10.3085897049 10.3093206561 10.3111672349 1.28857371312 1.28866508201 1.28889590436
736 1048576 141202.104 141365.75 141453.495 10.9117407951 10.918513657 10.9311676546 1.36396759939 1.36481420712 1.36639595682
800 1048576 153441.182 153664.216 153833.828 10.906064172 10.9181021039 10.9339720806 1.36325802151 1.36476276298 1.36674651007
880 1048576 168529.92 168725.04 168774.074 10.9346993662 10.9378771521 10.9505407704 1.36683742078 1.36723464401 1.36881759631
960 1048576 183482.765 183550.253 183685.053 10.9604232196 10.9684725959 10.9725069818 1.37005290245 1.37105907449 1.37156337272
1056 524288 101032.167 101087.727 101096.168 10.9529003711 10.9538149572 10.9598387215 1.36911254638 1.36922686965 1.36997984018
1152 524288 109597.139 109877.068 126070.888 9.58158993851 10.9937366731 11.0218164728 1.19769874231 1.37421708413 1.3777270591
1264 524288 124085.177 124344.036 124644.543 10.6334383528 10.659136591 10.6813730378 1.3291797941 1.33239207387 1.33517162973
1376 524288 134311.51 134790.608 135492.12 10.6488892195 10.7043109116 10.7424938935 1.33111115244 1.33803886395 1.34281173669
1504 524288 146545.267 146610.095 146751.917 10.7464238712 10.7568193309 10.7615778816 1.34330298391 1.34460241636 1.3451972352
1648 524288 160430.579 160468.176 160547.153 10.7635247073 10.7688221495 10.7713458293 1.34544058841 1.34610276869 1.34641822866
1808 524288 175061.688 175090.48 175125.607 10.8255179838 10.8276898207 10.8294706264 1.35318974797 1.35346122759 1.3536838283
1984 524288 192219.338 192306.321 193086.686 10.7743046768 10.818026018 10.8229213858 1.3467880846 1.35225325225 1.35286517322
2176 262144 105085.455 105245.249 105337.385 10.8304443669 10.8399257814 10.8564090815 1.35380554587 1.35499072267 1.35705113519
2384 262144 114829.154 114834.689 114874.034 10.8806363673 10.884364323 10.8848889717 1.36007954591 1.36054554038 1.36061112146
2608 262144 125543.306 125573.324 125588.393 10.8874958214 10.8888023383 10.8914059026 1.36093697767 1.36110029229 1.36142573782
2864 262144 137883.716 137930.997 137992.381 10.8814763621 10.8863189904 10.8900519623 1.36018454526 1.36078987379 1.36125649529
3136 262144 150670.194 151041.857 151084.444 10.8824384859 10.8855068433 10.9123584722 1.36030481073 1.36068835541 1.36404480902
3440 262144 165179.811 165243.056 165933.242 10.8691344679 10.9145325901 10.9187116094 1.35864180849 1.36431657376 1.36483895117
3776 262144 180496.28 182766.875 182787.348 10.8306811695 10.8318943901 10.9681567288 1.35383514618 1.35398679876 1.3710195911
4144 131072 99189.511 100071.366 100180.48 10.8436766923 10.8555002237 10.9520122143 1.35545958654 1.35693752796 1.36900152678
4544 131072 108810.611 109437.893 109589.016 10.8695413051 10.8845510759 10.9472993953 1.35869266314 1.36056888449 1.36841242441
4992 131072 119931.171 120512.853 120867.553 10.8269160376 10.8587824072 10.9114489343 1.3533645047 1.3573478009 1.36393111679
5488 131072 131440.935 131445.574 132048.149 10.8948613282 10.9448057338 10.9451920134 1.36185766602 1.36810071673 1.36814900168
6032 131072 144607.566 144699.204 145034.759 10.9025768644 10.9278597552 10.9347847539 1.36282210804 1.3659824694 1.36684809424
6624 131072 158370.521 158505.863 159210.254 10.9065956016 10.9550638893 10.9644259868 1.3633244502 1.36938298617 1.37055324835
7280 131072 174045.262 174165.442 174250.535 10.9520944656 10.9574453926 10.9650116186 1.3690118082 1.36968067408 1.37062645233
8000 131072 191283.955 191299.894 191375.416 10.9583145204 10.9626406798 10.963554157 1.36978931505 1.37033008497 1.37044426962
8800 65536 105161.453 105211.862 105226.945 10.9613901648 10.9629615718 10.9682166525 1.37017377061 1.37037019647 1.37102708157
9680 65536 115458.151 115520.959 115609.596 10.9746682274 10.9830888783 10.9890635612 1.37183352842 1.37288610978 1.37363294515
10640 65536 126851.375 127812.826 127834.992 10.9094236107 10.9113155827 10.9940162651 1.36367795134 1.36391444783 1.37425203314
11696 65536 139346.365 140389.496 140421.279 10.9172778009 10.9197493807 11.0014933795 1.36465972511 1.36496867259 1.37518667243
12864 65536 153148.535 154157.319 155555.348 10.8392943713 10.9375942637 11.0096398114 1.35491179641 1.36719928296 1.37620497643
14144 65536 168369.296 169106.979 169222.425 10.9552996182 10.9627785853 11.010810237 1.36941245228 1.37034732316 1.37635127963
15552 65536 185383.702 186223.209 186235.703 10.9454401662 10.9461745125 10.9957440811 1.36818002078 1.36827181407 1.37446801014
17104 32768 101699.946 102623.738 102647.267 10.9201908318 10.9226945524 11.0219109064 1.36502385397 1.36533681905 1.3777388633
18800 32768 111757.346 112482.206 113128.299 10.8909690227 10.9535262849 11.024571038 1.36137112784 1.36919078561 1.37807137976
20672 32768 122974.074 126149.69 136714.572 9.90940594101 10.7393065492 11.0166325953 1.23867574263 1.34241331865 1.37707907441
22736 32768 135664.438 138183.871 176931.04 8.42150984926 10.7829262939 10.9831767114 1.05268873116 1.34786578674 1.37289708892
25008 32768 148765.494 149319.886 151838.269 10.7938815346 10.9759278011 11.0168308788 1.34923519182 1.37199097513 1.37710385985
27504 32768 164361.045 164372.581 166792.34 10.8068640562 10.9659538898 10.9667235567 1.35085800703 1.37074423623 1.37084044458
30240 32768 180013.288 180240.607 183415.701 10.8050108535 10.995350454 11.0092352738 1.35062635668 1.37441880675 1.37615440922
33264 16384 98939.558 99180.337 100611.492 10.8337003093 10.9900287191 11.0167740187 1.35421253866 1.37375358989 1.37709675234
36576 16384 108681.999 109510.836 110633.617 10.8332566583 10.9443267148 11.0277909776 1.35415708229 1.36804083936 1.3784738722
40224 16384 119567.071 121253.826 121803.535 10.8211968725 10.8702551951 11.0236039152 1.35264960906 1.35878189939 1.3779504894
44240 16384 131637.461 133409.614 133513.629 10.8577403735 10.8662057893 11.0124907377 1.35721754668 1.35827572367 1.37656134222
48656 16384 144909.12 146485.541 148165.881 10.7606406903 10.8840763199 11.0024807824 1.34508008629 1.36050953998 1.3753100978
53520 16384 159024.969 160922.928 161060.829 10.8887019326 10.898032877 11.0281006249 1.36108774158 1.36225410962 1.37851257811
58864 16384 174977.922 176871.677 176907.116 10.9032106543 10.9053952827 11.0234224407 1.36290133179 1.36317441034 1.37792780509
64736 16384 192390.074 194447.324 195958.971 10.8250683149 10.9092231478 11.0258767716 1.35313353937 1.36365289347 1.37823459645
71200 8192 105431.709 107217.69 108013.95 10.7999087155 10.8801150258 11.0644208565 1.34998858944 1.36001437822 1.38305260707
78320 8192 115844.369 117498.253 117573.345 10.9139948345 10.9209698633 11.0768860936 1.36424935431 1.36512123291 1.3846107617
86144 8192 127377.864 129011.999 129038.73 10.9376719377 10.9399381991 11.0802870427 1.36720899221 1.36749227489 1.38503588033
94752 8192 140063.794 141783.966 141787.142 10.9489248891 10.9491701481 11.0836407016 1.36861561114 1.36864626851 1.3854550877
104224 8192 154356.081 155727.3 155856.267 10.956287154 10.9653607043 11.0627712555 1.36953589425 1.37067008803 1.38284640694
114640 8192 169686.425 171132.476 171147.544 10.9745177529 10.9754840455 11.0690160394 1.37181471912 1.37193550568 1.38362700493
126096 8192 186511.867 188048.171 188827.358 10.9409827362 10.9863172453 11.0768118792 1.36762284202 1.37328965566 1.3846014849
138704 4096 102676.054 103519.326 103976.094 10.928119381 10.9763385438 11.0664865247 1.36601492262 1.37204231797 1.38331081559
152560 4096 113436.056 113768.241 113985.967 10.9642577318 10.9852407756 11.0174098437 1.37053221648 1.37315509695 1.37717623046
167808 4096 124907.327 125356.395 139245.2 9.87239155102 10.9661987009 11.0056244819 1.23404894388 1.37077483761 1.37570306024
184576 4096 136567.321 137758.95 141091.03 10.7168158883 10.9760316263 11.0718038615 1.33960198604 1.37200395328 1.38397548269
203024 4096 150619.729 150954.965 151251.585 10.9960673007 11.017674099 11.0421962584 1.37450841259 1.37720926238 1.3802745323
223312 4096 165631.373 166026.485 166385.213 10.9947985823 11.0185546842 11.0448393373 1.37434982278 1.37731933553 1.38060491716
245632 4096 182044.166 182520.751 182753.15 11.0105754347 11.0245949185 11.0534569067 1.37632192933 1.37807436482 1.38168211334
270192 2048 100247.374 100358.756 101318.213 10.9230749263 11.0275024932 11.0397548369 1.36538436579 1.37843781164 1.37996935461
297200 2048 110266.541 110322.053 110433.26 11.023229777 11.0343414295 11.0398964995 1.37790372212 1.37929267868 1.37998706244
326912 2048 121408.49 121464.381 121776.228 10.9958369872 11.02406764 11.0291426242 1.3744796234 1.37800845501 1.37864282803
359600 2048 133437.592 133512.274 133607.978 11.0242039588 11.0321063066 11.0382807268 1.37802549485 1.37901328832 1.37978509085
395552 2048 146799.376 146877.824 146941.576 11.0260216074 11.0308074281 11.0367021724 1.37825270092 1.37885092851 1.37958777154
435104 2048 161503.325 161668.13 162103.157 10.9941472886 11.0237310471 11.0349801405 1.37426841107 1.37796638088 1.37937251756
478608 2048 177532.056 177737.776 178392.093 10.9891550406 11.0296100926 11.0423909471 1.37364438008 1.37870126157 1.38029886839
526464 1024 97658.947 97808.256 98035.674 10.9980196801 11.0235916281 11.0404453982 1.37475246001 1.37794895351 1.38005567478
579104 1024 107540.227 107650.665 107807.806 11.0011049849 11.0171636376 11.0284776691 1.37513812312 1.3771454547 1.37855970864
637008 1024 118233.877 118284.642 118562.849 11.003382552 11.0292626493 11.0339981831 1.375422819 1.37865783117 1.37924977289
700704 1024 130079.204 130139.474 130453.604 11.0003997437 11.0269524526 11.0320616046 1.37504996796 1.37836905657 1.37900770057
770768 1024 143159.662 143295.364 143593.409 10.9930732545 11.015938129 11.0263802104 1.37413415681 1.37699226613 1.3782975263
847840 1024 157511.566 157553.992 158439.914 10.9592101899 11.0208335438 11.0238020235 1.36990127374 1.37760419298 1.37797525294
932624 1024 173215.437 173462.074 173825.92 10.988084815 11.011132912 11.0268113806 1.37351060187 1.376391614 1.37835142257
1025872 1024 190689.502 190764.174 191120.813 10.9929725759 11.013524248 11.0178370281 1.37412157199 1.376690531 1.37722962851
1128448 512 104927.468 105043.959 105106.866 10.9938655387 11.0004493643 11.0126621182 1.37423319234 1.37505617053 1.37658276477
1241280 512 115447.305 115567.853 115794.205 10.9769804111 10.9984800012 11.0099644162 1.37212255138 1.37481000015 1.37624555203
1365408 512 126924.08 127036.939 127120.531 10.9988353652 11.0060727455 11.0158591813 1.37485442064 1.37575909319 1.37698239767
1501936 512 139625.269 139688.417 139756.356 11.0047407361 11.0100930129 11.0150725224 1.37559259201 1.37626162662 1.3768840653
1652128 512 153660.897 153743.664 154679.168 10.9373427196 11.0038945865 11.0098216594 1.36716783995 1.37548682331 1.37622770743
1817328 512 168918.636 168994.59 169018.533 11.0102947823 11.0118547109 11.0168061741 1.37628684779 1.37648183886 1.37710077176
1999056 512 185853.749 185875.534 186000.006 11.0055552579 11.0129251545 11.0142160436 1.37569440724 1.37661564432 1.37677700545
2198960 256 102276.752 102310.92 102878.239 10.9436896563 11.0043729447 11.0080492192 1.36796120703 1.37554661809 1.3760061524
2418848 256 112561.406 112633.426 112633.548 10.9953934506 10.9954053604 11.0024405345 1.37442418133 1.37442567005 1.37530506682
2660720 256 123801.65 123895.623 123958.265 10.9898976079 10.9954541332 11.0038003532 1.37373720098 1.37443176665 1.37547504415
2926784 256 136327.216 136343.697 136534.008 10.9753857662 10.9907054083 10.9920341071 1.37192322077 1.37383817603 1.37400426339
3219456 256 150192.361 150366.648 150397.373 10.9600416491 10.9622811569 10.9750020642 1.37000520614 1.37028514462 1.37187525802
3541392 256 165434.241 165452.541 173296.055 10.4629773828 10.9589897686 10.9602020298 1.30787217285 1.36987372107 1.37002525372
3895520 256 182079.921 182681.453 182952.455 10.9017735783 10.9179460052 10.9540152975 1.36272169728 1.36474325065 1.36925191219
4285072 128 100465.334 100661.684 100755.104 10.8875718296 10.8976761406 10.9189746186 1.3609464787 1.36220951758 1.36487182733
4713568 128 110797.769 111155.627 111255.747 10.8459422595 10.8557114072 10.8907735137 1.35574278244 1.3569639259 1.36134668921
5184912 128 121638.373 122010.572 122192.774 10.862651109 10.8788726275 10.912160688 1.35783138862 1.35985907844 1.364020086
5703392 128 133866.554 134208.468 134394.888 10.8640170302 10.8791075091 10.9068942792 1.35800212877 1.35988843863 1.3633617849
6273728 128 147676.059 147857.764 148017.77 10.8505510386 10.8622930886 10.875658376 1.35631887982 1.35778663608 1.359457297
6901088 128 162537.684 162581.35 162924.465 10.843543528 10.8664279636 10.8693472463 1.355442941 1.35830349545 1.35866840578
7591184 128 178592.072 178647.13 178739.466 10.8724902647 10.878109847 10.8814634504 1.35906128309 1.35976373088 1.3601829313
8350288 128 196156.229 196742.448 205857.467 10.3842418696 10.8653407017 10.8978121108 1.29803023371 1.35816758771 1.36222651385
9185312 64 108017.942 108142.171 108729.546 10.8132515885 10.8719838443 10.8844874678 1.35165644856 1.35899798054 1.36056093348
10103840 64 119030.558 119097.568 119137.962 10.8554108052 10.8590926055 10.8652058911 1.35692635065 1.35738657569 1.35815073638
11114224 64 130707.26 130924.562 130952.296 10.8636558155 10.8659570845 10.8840218363 1.35795697694 1.35824463556 1.36050272953
12225632 64 143797.667 144136.381 144140.633 10.8566256678 10.8569459365 10.8825193666 1.35707820847 1.35711824206 1.36031492083
13448192 64 158193.251 160795.183 166849.616 10.3168866508 10.7053491522 10.8814286647 1.28961083135 1.33816864402 1.36017858309
14793008 64 173725.369 173872.995 174109.895 10.8753441268 10.8901616608 10.8994157555 1.35941801585 1.3612702076 1.36242696943
16272304 64 191399.436 191506.465 191511.374 10.8758809908 10.8761597787 10.8822416384 1.35948512384 1.35951997234 1.3602802048
17899520 32 105256.893 105741.202 105815.559 10.8260948657 10.8337077538 10.8835559112 1.35326185821 1.35421346922 1.36044448889
19689472 32 115774.512 115842.09 116364.212 10.8291560295 10.8779650643 10.8843145718 1.35364450369 1.35974563304 1.36053932147
21658416 32 127353.649 127409.586 127466.132 10.8745641077 10.8793903781 10.8841688863 1.35932051347 1.35992379726 1.36052111078
23824256 32 140193.721 140234.952 140505.539 10.8519023154 10.8728413441 10.8760390489 1.35648778942 1.35910516802 1.35950488111
26206672 32 154218.763 154459.716 154881.753 10.8290807375 10.8586695058 10.875635204 1.35363509219 1.35733368822 1.3594544005
28827328 32 169470.213 169894.345 170065.777 10.8484436113 10.8593902404 10.8865679658 1.35605545142 1.35742378006 1.36082099572
31710048 32 186516.164 186552.973 187125.282 10.8453708142 10.8786423468 10.8807892489 1.35567135177 1.35983029335 1.36009865611
34881040 16 102599.236 102666.036 103085.232 10.827867953 10.8720792532 10.8791578136 1.35348349412 1.35900990665 1.3598947267
38369136 16 112791.803 112926.545 113046.59 10.8611179868 10.8726637479 10.88565232 1.35763974836 1.35908296849 1.36070654
42206048 16 124086.7 124163.367 124235.098 10.8712719493 10.8775524427 10.8842731413 1.35890899366 1.35969405533 1.36053414266
46426640 16 136553.463 136556.167 136937.934 10.8490937215 10.8794242885 10.8796397203 1.35613671519 1.35992803606 1.35995496504
51069296 16 150229.406 150304.744 150463.437 10.8612265184 10.8726938918 10.8781463996 1.3576533148 1.35908673648 1.35976829996
56176224 16 165239.15 165288.725 165490.448 10.8624950245 10.8757519183 10.8790148582 1.35781187806 1.35946898979 1.35987685727
61793840 16 181798.573 181823.726 182479.038 10.8363289377 10.8753842169 10.8768888962 1.35454111721 1.35942302711 1.35961111202
67973216 8 99966.976 100074.772 100364.957 10.8361672092 10.8675886466 10.8793073425 1.35452090115 1.35844858083 1.35991341781
74770528 8 110001.989 110120.982 111169.104 10.7613393016 10.8637648001 10.8755165145 1.3451674127 1.35797060001 1.35943956432
82247568 8 121038.683 121157.745 124976.557 10.5296634792 10.8615515087 10.8722356802 1.3162079349 1.35769393859 1.35902946003
90472320 8 133115.264 133156.334 137773.06 10.5068227417 10.8711097438 10.874463803 1.31335284271 1.35888871798 1.35930797538
99519552 8 146297.701 147181.019 149115.506 10.6783853317 10.8187376526 10.8840591555 1.33479816646 1.35234220657 1.36050739444
109471504 8 160987.014 161064.434 162896.408 10.7525026826 10.8748034591 10.8800332429 1.34406283532 1.35935043239 1.36000415537
120418640 8 176968.508 177895.872 179996.961 10.7040598313 10.8304831267 10.8872378582 1.33800747892 1.35381039083 1.36090473227
132460496 8 194772.595 195310.692 197618.789 10.7245264821 10.851264282 10.8812430003 1.34056581027 1.35640803525 1.36015537504
145706544 4 107121.825 107498.487 110777.934 10.5224236444 10.843430308 10.8815580018 1.31530295555 1.3554287885 1.36019475023
160277184 4 117867.593 117994.001 119113.188 10.7646977932 10.8668022199 10.8784564049 1.34558722415 1.35835027749 1.35980705061
176304896 4 129936.124 130048.909 133283.323 10.5822629287 10.8454517523 10.8548656415 1.32278286609 1.35568146904 1.35685820519
193935376 4 142483.019 142556.604 147355.528 10.5288415647 10.8832769894 10.8888976307 1.31610519559 1.36040962367 1.36111220383
213328912 4 156924.826 159693.244 180657.686 9.44676827091 10.6869348587 10.8754703733 1.18084603386 1.33586685734 1.35943379666
234661792 4 172463.677 172496.783 174469.163 10.7600352046 10.8830686773 10.8851577831 1.34500440058 1.36038358466 1.36064472289
258127968 4 189623.06 190391.443 192148.537 10.7470177824 10.8462003936 10.8901509342 1.3433772228 1.3557750492 1.36126886677
283940752 2 105000.675 105301.221 107864.552 10.5295297384 10.7858484186 10.8167210163 1.3161912173 1.34823105233 1.35209012704
312334816 2 114697.736 114936.343 115282.144 10.8372313409 10.8698365668 10.892449211 1.35465391761 1.35872957085 1.36155615138
343568288 2 126273.303 126303.94 130444.342 10.5353220456 10.8806831521 10.8833230727 1.3169152557 1.36008539401 1.36041538408
377925104 2 138879.186 138940.072 140263.909 10.7775437515 10.880233429 10.8850034302 1.34719296893 1.36002917862 1.36062542878
415717600 2 152763.28 152764.382 156122.125 10.6510874099 10.8851970481 10.8852755715 1.33138592624 1.36064963101 1.36065944643
457289360 2 168085.034 168339.204 174693.272 10.4706805194 10.8659028707 10.8823337597 1.30883506492 1.35823785884 1.36029171996
503018288 2 184779.753 185194.67 188999.79 10.6459015219 10.8646385557 10.8890347526 1.33073769024 1.35807981947 1.36112934408
553320112 1 101611.665 101679.658 105592.725 10.480269583 10.8835950648 10.8908777747 1.31003369787 1.3604493831 1.36135972184
608652112 1 111847.894 111946.962 111956.902 10.8729716726 10.873937106 10.8835685722 1.35912145908 1.35924213825 1.36044607152
669517312 1 122938.475 123082.483 126607.903 10.5762325437 10.8791648605 10.8919085258 1.32202906796 1.35989560757 1.36148856572
736469040 1 135239.491 135312.248 139436.58 10.5634983302 10.8854749054 10.8913311423 1.32043729128 1.36068436318 1.36141639279
810115936 1 148834.622 148983.001 150453.676 10.7689749767 10.8752801402 10.8861221282 1.34612187209 1.35941001752 1.36076526603
891127520 1 163747.23 163849.319 169198.475 10.5335171608 10.8774027923 10.8841843615 1.3166896451 1.35967534903 1.36052304518
980240272 1 180052.861 180462.879 182283.036 10.7551453334 10.86362223 10.8883609686 1.34439316668 1.35795277875 1.36104512108

META_DATA
ERT_VERSION  1.1.0
TIMESTAMP_DATA  1535286193.01
HOSTNAME  ('atajo-Inspiron-15-7568', [], ['127.0.1.1'])
TIMESTAMP_DATA  1535286243.9
MPI_PROCS      1
FLOPS          2
OPENMP_THREADS 2
UNAME  ('Linux', 'atajo-Inspiron-15-7568', '4.15.0-33-generic', '#36-Ubuntu SMP Wed Aug 15 16:00:05 UTC 2018', 'x86_64', 'x86_64')
TIMESTAMP_DATA  1535286142.23
CONFIG  {'ERT_WORKING_SET_MIN': ['1'], 'ERT_CFLAGS': [], 'ERT_CC': ['mpicc'], 'ERT_MPI_CFLAGS': ['-I/usr/include/mpi'], 'ERT_MPI_LDFLAGS': ['-lmpi'], 'ERT_MEMORY_MAX': ['1073741824'], 'ERT_PROCS_THREADS': ['1-4'], 'ERT_LDFLAGS': [], 'ERT_LDLIBS': [], 'ERT_RUN': ['export', 'OMP_NUM_THREADS=ERT_OPENMP_THREADS;', 'mpirun', '-np', 'ERT_MPI_PROCS', 'ERT_CODE'], 'ERT_FLOPS': ['1,2,4,8,16'], 'ERT_OPENMP_CFLAGS': ['-fopenmp'], 'ERT_MPI': ['True'], 'ERT_TRIALS_MIN': ['1'], 'ERT_DRIVER': ['driver1'], 'ERT_RESULTS': ['Results/myLaptop'], 'ERT_OPENMP': ['True'], 'ERT_MPI_PROCS': ['1,2,4'], 'ERT_KERNEL': ['kernel1'], 'ERT_GPU': [False], 'ERT_OPENMP_THREADS': ['1,2,4'], 'ERT_LD': ['mpicc'], 'ERT_NUM_EXPERIMENTS': ['3'], 'ERT_OPENMP_LDFLAGS': ['-fopenmp'], 'ERT_ALIGN': ['64'], 'ERT_GNUPLOT': ['gnuplot']}
