32 33554432 319266.375 319286.968 319306.685 6.72545784001 6.72587315872 6.72630698425 0.840682230001 0.84073414484 0.840788373032
64 16777216 261826.44 262183.363 268444.491 7.99973074508 8.19077009093 8.20193578616 0.999966343135 1.02384626137 1.02524197327
96 8388608 185908.803 185969.059 186010.773 8.65870675136 8.66064895236 8.66345600644 1.08233834392 1.08258111905 1.0829320008
128 8388608 233545.678 234472.335 237621.51 9.03741268204 9.15879328792 9.19513333062 1.12967658526 1.14484916099 1.14939166633
160 4194304 144742.678 144866.144 144954.353 9.25930992911 9.26494792324 9.27285095554 1.15741374114 1.1581184904 1.15910636944
192 4194304 170562.484 170770.799 170780.709 9.43088212615 9.43142940966 9.44294840359 1.17886026577 1.17892867621 1.18036855045
224 4194304 195028.517 195272.304 196721.26 9.55183080873 9.62270713004 9.63473558075 1.19397885109 1.20283839125 1.20434194759
256 4194304 218534.232 221055.59 221249.522 9.70616175162 9.71467696429 9.82676090765 1.21327021895 1.21433462054 1.22834511346
288 2097152 123729.161 123734.135 123849.017 9.75348518107 9.76254088655 9.76293334762 1.21918564763 1.22031761082 1.22036666845
320 2097152 136266.297 136288.923 137004.314 9.79660596673 9.84802910212 9.84966429373 1.22457574584 1.23100363776 1.23120803672
352 2097152 149054.101 149056.837 149058.439 9.90480658395 9.90491303663 9.90509484875 1.23810082299 1.23811412958 1.23813685609
384 2097152 161701.748 161733.122 161738.461 9.95813071326 9.95845944283 9.96039162174 1.24476633916 1.24480743035 1.24504895272
416 2097152 174532.834 174579.522 174615.22 9.99243057965 9.99447383067 9.99714737916 1.24905382246 1.24930922883 1.24964342239
448 2097152 187268.315 187399.02 190537.636 9.8618216928 10.0269904933 10.0339888892 1.2327277116 1.25337381167 1.25424861114
480 2097152 198782.176 200283.079 204257.161 9.85652551981 10.0521019052 10.1280002086 1.23206568998 1.25651273815 1.26600002608
512 2097152 210640.316 211365.196 211986.5 10.130284938 10.1600627191 10.1950267108 1.26628561724 1.27000783989 1.27437833886
544 1048576 112969.997 113026.387 113205.08 10.0777340381 10.0936667824 10.0987051279 1.25971675476 1.2617083478 1.26233814098
576 1048576 119436.744 119471.032 119480.753 10.1100764907 10.1108991174 10.1138017627 1.26375956134 1.26386238967 1.26422522034
608 1048576 130601.222 130654.862 132330.823 9.63546048527 9.75905830431 9.76306650484 1.20443256066 1.21988228804 1.22038331311
640 1048576 137080.133 137083.747 137100.143 9.78975842498 9.79092933606 9.79118746551 1.22371980312 1.22386616701 1.22389843319
704 1048576 145167.678 145194.295 145276.679 10.1626428837 10.1684092202 10.1702736335 1.27033036046 1.27105115253 1.27128420419
768 1048576 157701.23 157716.454 157966.487 10.1959141245 10.2120780372 10.2130638804 1.27448926556 1.27650975465 1.27663298504
832 1048576 170487.777 170617.029 170627.433 10.225966794 10.2265903599 10.2343434509 1.27824584925 1.27832379498 1.27929293136
896 1048576 183176.029 183184.228 183272.994 10.2527281897 10.2576963777 10.2581555144 1.28159102372 1.28221204721 1.28226943931
960 1048576 196128.037 196469.472 196564.791 10.2422509634 10.2472200872 10.265059248 1.28028137043 1.2809025109 1.283132406
1056 524288 114503.134 114512.139 115838.503 9.55896551944 9.66968450393 9.67044496791 1.19487068993 1.20871056299 1.20880562099
1152 524288 117572.606 117839.184 120912.318 9.99037626588 10.2509157905 10.2741581827 1.24879703324 1.28136447381 1.28426977284
1248 524288 127150.951 127221.559 128081.81 10.2170858454 10.2861720787 10.2918840772 1.27713573067 1.28577150984 1.28648550965
1344 524288 143789.615 143816.078 145368.403 9.69458365722 9.79922525769 9.80102870433 1.21182295715 1.22490315721 1.22512858804
1472 524288 150189.382 150367.345 152005.608 10.1542560982 10.2648874461 10.2770505574 1.26928201228 1.28311093077 1.28463131968
1600 524288 163111.309 163380.568 164708.46 10.1860074461 10.2687952462 10.2857466492 1.27325093077 1.28359940578 1.28571833116
1760 524288 178798.778 180400.547 180781.611 10.2084152796 10.2299787373 10.3216240102 1.27605190995 1.27874734216 1.29020300128
1920 524288 194950.0 195054.697 197042.319 10.2174290793 10.3215454484 10.3270885868 1.27717863491 1.29019318104 1.29088607335
2112 262144 107306.965 107932.56 108303.919 10.2239721907 10.2591493799 10.3189597805 1.27799652384 1.28239367249 1.28986997256
2304 262144 116900.059 117451.111 117837.453 10.2510663736 10.2847860843 10.3332672569 1.2813832967 1.28559826054 1.29165840712
2528 262144 131443.125 131468.856 131800.544 10.0561046546 10.0814756006 10.0834491268 1.25701308183 1.26018445007 1.26043114085
2752 262144 142727.447 142733.541 142972.685 10.0917218978 10.1086301502 10.109061756 1.26146523722 1.26357876878 1.2636327195
3008 262144 153764.729 154783.206 168464.184 9.36138629918 10.1888205107 10.2563072446 1.1701732874 1.27360256383 1.28203840557
3296 262144 168042.054 168901.793 169387.681 10.2017646018 10.231112514 10.2834570684 1.27522057522 1.27888906425 1.28543213355
3616 262144 184025.891 184107.2 184939.921 10.2510339452 10.297399602 10.3019493491 1.28137924315 1.28717495025 1.28774366863
3968 262144 201417.291 201847.912 202017.894 10.2979728321 10.3066450546 10.3286801926 1.28724660401 1.28833063183 1.29108502408
4352 131072 110537.777 110556.994 111025.585 10.2755656545 10.3191181917 10.320912171 1.28444570682 1.28988977396 1.29011402138
4768 131072 120954.802 121039.491 121370.577 10.2982339122 10.3264032397 10.333633484 1.28727923902 1.29080040497 1.2917041855
5216 131072 132078.005 132079.395 132535.801 10.3167830404 10.3524331255 10.3525420754 1.28959788005 1.29405414069 1.29406775943
5728 131072 144822.901 145334.273 145666.229 10.3082289032 10.3317737861 10.368255446 1.2885286129 1.29147172326 1.29603193075
6272 131072 158330.873 158382.284 158809.165 10.3531000116 10.3810042795 10.3843750549 1.29413750145 1.29762553494 1.29804688186
6880 131072 173782.381 176933.731 182215.863 9.89787985693 10.1933684991 10.3782138881 1.23723498212 1.27417106238 1.29727673601
7552 131072 190304.453 190341.934 190955.143 10.3674164356 10.400816291 10.4028647611 1.29592705445 1.30010203637 1.30035809514
8288 65536 104491.352 104596.415 104775.361 10.368131645 10.3858696878 10.3963123762 1.29601645562 1.29823371097 1.29953904702
9088 65536 114523.686 114664.298 114855.536 10.3711355803 10.3884326401 10.4011875412 1.29639194753 1.29855408002 1.30014844265
9984 65536 125756.54 125817.586 125973.85 10.388051552 10.400953393 10.406002328 1.298506444 1.30011917412 1.300750291
10976 65536 138036.284 138174.437 138211.975 10.4089842577 10.4118120778 10.4222326935 1.30112303221 1.30147650973 1.30277908669
12064 65536 151556.641 151618.704 151676.402 10.4251721899 10.429139455 10.4334102258 1.30314652374 1.30364243187 1.30417627823
13248 65536 166238.287 166489.145 166559.315 10.4253662186 10.4297601865 10.4454989722 1.30317077733 1.30372002331 1.30568737153
14560 65536 183029.888 183201.422 183410.751 10.405106078 10.4169951257 10.4267578419 1.30063825975 1.30212439072 1.30334473023
16000 65536 200230.453 201038.097 201070.08 10.4299555657 10.4316148595 10.4736915318 1.30374444572 1.30395185744 1.30921144148
17600 32768 110574.579 110610.268 110662.082 10.4230245731 10.4279071089 10.4312728154 1.30287807164 1.30348838862 1.30390910193
19360 32768 121726.21 121985.98 121991.057 10.4005735437 10.4010064107 10.423202694 1.30007169296 1.30012580134 1.30290033675
21280 32768 133505.214 133528.372 133604.843 10.4382898755 10.4442678295 10.4460795067 1.30478623443 1.30553347868 1.30575993833
23392 32768 146627.574 146673.455 146717.365 10.4487843821 10.4519124609 10.4551829522 1.30609804777 1.30648905761 1.30689786902
25728 32768 161149.056 161211.119 161576.776 10.4353499911 10.4590193186 10.4630473789 1.30441874889 1.30737741483 1.30788092237
28288 32768 177013.089 177201.65 177523.514 10.4430242858 10.4619926959 10.473137204 1.30537803572 1.30774908699 1.3091421505
31104 32768 194781.127 194796.937 194933.134 10.4570818833 10.4643932055 10.4652425797 1.30713523541 1.30804915069 1.30815532246
34208 16384 107225.321 107295.975 107531.933 10.4241383255 10.4470623805 10.4539462652 1.30301729069 1.30588279756 1.30674328315
37600 16384 117823.882 117840.383 117950.048 10.44575073 10.4554717885 10.4569360565 1.30571884125 1.30693397356 1.30711700706
41344 16384 129434.649 129440.201 129553.293 10.4571652378 10.4663016708 10.4667506148 1.30714565472 1.30828770885 1.30834382685
45472 16384 142245.037 142324.522 142352.24 10.467179835 10.4692183403 10.4750684272 1.30839747938 1.30865229254 1.3093835534
50016 16384 156523.501 156763.85 157121.739 10.4309199887 10.4547335881 10.4707873101 1.30386499859 1.30684169852 1.30884841376
55008 16384 172206.77 172555.521 172789.803 10.4317622493 10.4459256566 10.4670806148 1.30397028116 1.30574070707 1.30838507685
60480 16384 189474.403 189507.11 189968.146 10.4323207955 10.4577007163 10.4595059207 1.30404009944 1.30721258954 1.30743824009
66528 8192 104345.16 104381.645 104876.93 10.3930840844 10.4423986803 10.4460499366 1.29913551055 1.30529983504 1.30575624207
73152 8192 114990.08 115022.695 115335.555 10.3916122656 10.4198772947 10.4228327174 1.2989515332 1.30248466183 1.30285408967
80448 8192 126637.513 126744.531 126954.363 10.3821562399 10.3993444262 10.408132636 1.29776952998 1.29991805327 1.3010165795
88480 8192 139230.365 139398.532 139416.931 10.3979933398 10.3993657552 10.4119264501 1.29974916748 1.29992071939 1.30149080626
97312 8192 153013.089 153453.25 153686.303 10.3741177768 10.3898731894 10.4197609395 1.2967647221 1.29873414867 1.30247011744
107040 8192 168279.517 168455.133 168609.002 10.4012439383 10.4107445631 10.4216091849 1.30015549229 1.30134307038 1.30270114811
117728 8192 185039.479 185238.837 185263.393 10.4114230057 10.4128031855 10.4240217408 1.30142787572 1.30160039819 1.3030027176
129472 8192 202833.591 203180.077 203850.011 10.4060295979 10.4403408017 10.4581752832 1.30075369974 1.30504260022 1.3072719104
142400 4096 112162.863 112177.117 112203.703 10.3966337011 10.3990977055 10.4004192546 1.29957921264 1.29988721318 1.30005240683
156640 4096 123373.886 123399.192 123422.832 10.3967382631 10.3987300014 10.4008629509 1.29959228289 1.29984125018 1.30010786886
172288 4096 135614.454 135677.594 135808.068 10.3924849001 10.4024788057 10.4073220396 1.29906061251 1.30030985072 1.30091525495
189504 4096 149144.055 149168.51 149473.266 10.3859158868 10.4071346426 10.4088410899 1.29823948585 1.30089183032 1.30110513624
208448 4096 163978.081 164256.153 165634.296 10.30949542 10.3959942128 10.4136236111 1.28868692749 1.2994992766 1.30170295138
229280 4096 180450.271 180926.49 181052.822 10.3741092751 10.3813530014 10.4087500096 1.29676365939 1.29766912518 1.3010937512
252192 4096 198394.937 198427.832 224342.379 9.20894604581 10.4116284655 10.4133547723 1.15111825573 1.30145355819 1.30166934653
277408 2048 109301.753 109369.042 109375.738 10.3886217252 10.3892577572 10.3956536543 1.29857771565 1.29865721965 1.29945670679
305120 2048 120087.861 120134.725 121542.262 10.2826086946 10.4030830386 10.4071428169 1.28532608682 1.30038537983 1.30089285211
335616 2048 132131.967 132222.38 132722.165 10.3576002998 10.3967508072 10.4038649179 1.29470003748 1.2995938509 1.30048311473
369152 2048 145177.866 145317.867 147035.148 10.2835724149 10.4050976196 10.4151316841 1.28544655187 1.30063720244 1.30189146051
406048 2048 159790.827 159884.742 159992.992 10.3952841134 10.4023222429 10.4084360737 1.29941051418 1.30029028036 1.30105450922
446624 2048 175712.401 175833.101 175865.056 10.4021341454 10.4040245756 10.4111712867 1.30026676817 1.30050307194 1.30139641083
491264 2048 193329.252 193337.04 193451.608 10.4016573695 10.4078212018 10.4082404664 1.30020717119 1.30097765022 1.3010300583
540384 1024 106514.186 106571.612 106578.337 10.3839716696 10.3846269305 10.3902256926 1.2979964587 1.29807836631 1.29877821157
594400 1024 117134.364 117469.971 117559.21 10.3550474693 10.3629139399 10.3926051965 1.29438093366 1.29536424249 1.29907564957
653824 1024 128785.833 129015.734 129512.075 10.3390479382 10.3788236557 10.3973513298 1.29238099227 1.29735295697 1.29966891622
719200 1024 141674.845 141734.357 141898.541 10.3801039082 10.3921281415 10.3964934636 1.29751298852 1.29901601769 1.29956168295
791104 1024 155890.152 155926.336 156114.747 10.3781418677 10.3906821231 10.3930939268 1.29726773346 1.29883526539 1.29913674085
870208 1024 171481.717 171542.944 174599.12 10.2073022132 10.3891535405 10.3928629546 1.27591277665 1.29864419256 1.29910786932
957216 1024 188610.491 188616.597 188673.839 10.3903030669 10.393456351 10.3937928246 1.29878788336 1.29918204388 1.29922410307
1052928 512 103914.669 103980.084 104185.752 10.348807311 10.3692767934 10.3758043246 1.29360091388 1.29615959918 1.29697554058
1158208 512 114256.921 114257.182 114334.836 10.3730851724 10.3801351586 10.3801588702 1.29663564655 1.29751689482 1.29751985878
1274016 512 125608.523 125673.435 125725.665 10.376500168 10.3808126515 10.3861772501 1.29706252101 1.29760158143 1.29827215626
1401408 512 138223.689 138306.735 139732.525 10.2699195624 10.3757911139 10.3820249798 1.2837399453 1.29697388923 1.29775312248
1541536 512 151902.207 151920.128 152097.149 10.3784513673 10.3905445893 10.3917704369 1.29730642091 1.29881807367 1.29897130461
1695680 512 167147.576 167210.031 167628.996 10.358448487 10.3844028353 10.3882829865 1.29480606088 1.29805035441 1.29853537332
1865248 512 183768.485 183878.033 183879.759 10.3872985389 10.3873960409 10.3935881716 1.29841231737 1.29842450512 1.29919852144
2051744 512 202180.433 202246.803 202291.633 10.3859256304 10.3882277734 10.3916379287 1.29824070381 1.29852847167 1.29895474109
2256896 256 111350.559 111384.513 111385.935 10.3741172707 10.3742497128 10.377413121 1.29676465884 1.2967812141 1.29717664013
2482560 256 122466.054 122550.0 122710.281 10.3583066524 10.3718541004 10.3789636269 1.29478833155 1.29648176255 1.29737045337
2730816 256 134768.832 134785.081 134898.494 10.3646656871 10.3733868884 10.3746376017 1.29558321088 1.29667336105 1.29682970021
3003872 256 148283.811 148346.847 148534.548 10.3543753605 10.3674765936 10.3718838464 1.29429692007 1.29593457419 1.29648548081
3304256 256 163306.995 163369.228 163436.678 10.3512815648 10.3555552824 10.3595015755 1.2939101956 1.2944444103 1.29493769694
3634656 256 179799.229 179925.692 179986.812 10.3393345952 10.3428468237 10.3501215347 1.29241682441 1.29285585296 1.29376519184
3998112 256 198315.103 198321.368 198324.648 10.321628525 10.3217992324 10.3221253098 1.29020356562 1.29022490406 1.29026566373
4397920 128 109489.273 109547.566 109623.988 10.2702660297 10.277430719 10.2829025086 1.28378325372 1.28467883987 1.28536281358
4837696 128 120562.645 120568.014 122395.033 10.1184676015 10.2717970954 10.2722545279 1.26480845019 1.28397463692 1.28403181599
5321440 128 132513.51 132519.036 132565.109 10.2763740043 10.2799467995 10.2803754878 1.28454675053 1.28499334994 1.28504693597
5853568 128 145841.936 145905.906 146016.649 10.2626201756 10.2704095337 10.2749143977 1.28282752195 1.28380119171 1.28436429972
6438912 128 160473.471 160516.024 160731.981 10.2553422271 10.2691396841 10.2718627679 1.28191777839 1.28364246052 1.28398284599
7082784 128 176238.793 176394.592 176583.701 10.2681770386 10.2791853392 10.2882723669 1.28352212983 1.2848981674 1.28603404586
7791040 128 193666.32 193912.812 194329.397 10.263533314 10.2855825741 10.2986737188 1.28294166425 1.28569782176 1.28733421485
8570144 64 106631.443 106696.257 106756.656 10.2755038712 10.2813206653 10.2875699806 1.28443798389 1.28516508316 1.28594624758
9427136 64 117261.056 117285.474 117536.39 10.266381399 10.2883448977 10.2904873038 1.28329767487 1.28604311221 1.28631091298
10369824 64 128777.276 128873.974 129116.363 10.2801646605 10.2994998199 10.3072336458 1.28502058256 1.28743747748 1.28840420572
11406784 64 141582.603 141678.727 141701.601 10.3038239631 10.3054875133 10.3124841687 1.28797799539 1.28818593916 1.28906052109
12547456 64 155693.696 155819.535 155894.224 10.3023340236 10.3072722429 10.3156030672 1.28779175295 1.28840903036 1.2894503834
13802176 64 171105.231 171137.966 171275.183 10.3148541257 10.3231244901 10.3250994588 1.28935676571 1.29039056126 1.29063743235
15182368 64 187940.075 187971.718 187981.514 10.3379479325 10.3384866866 10.3402273517 1.29224349156 1.29231083582 1.29252841897
16700576 64 206548.541 206714.715 208135.57 10.2705833895 10.3411783143 10.3494980775 1.28382292368 1.29264728928 1.29368725969
18370624 32 113826.991 113921.301 114044.764 10.3092846595 10.3204574182 10.3290083105 1.28866058244 1.29005717728 1.29112603881
20207680 32 125150.58 125154.4 125625.007 10.294857297 10.3335681366 10.3338835505 1.28685716213 1.29169601708 1.29173544381
22228448 32 137466.315 137671.714 138294.176 10.2869167245 10.3334274752 10.3488674444 1.28586459057 1.2916784344 1.29360843055
24451264 32 151223.1 151233.578 151236.474 10.347245308 10.3474434494 10.3481604067 1.2934056635 1.29343043117 1.29352005084
26896384 32 166257.159 166493.037 166758.184 10.3225433062 10.3389823804 10.3536508524 1.29031791327 1.29237279755 1.29420635655
29586016 32 183005.24 183036.37 183418.551 10.3234106565 10.3449659977 10.3467257222 1.29042633207 1.29312074972 1.29334071527
32544608 32 200963.362 200979.116 201173.814 10.3535090904 10.3635390256 10.3643514483 1.2941886363 1.2954423782 1.29554393104
35799040 16 110755.875 110907.271 111276.751 10.2947764893 10.3290728342 10.3431919977 1.28684706116 1.29113410427 1.29289899971
39378944 16 121879.82 121897.074 121961.387 10.3321734772 10.3376247407 10.3390881936 1.29152168465 1.29220309259 1.2923860242
43316832 16 133844.71 133883.378 133953.442 10.3479134489 10.3533287306 10.3563198277 1.29348918111 1.29416609133 1.29453997846
47648512 16 147218.183 147318.862 147425.263 10.3425447781 10.3500146777 10.3570928056 1.29281809726 1.29375183471 1.2946366007
52413344 16 161906.912 162146.386 162631.509 10.3130507631 10.3439062034 10.3592057145 1.28913134539 1.29298827542 1.29490071431
57654656 16 178047.3 178132.793 179418.435 10.2829399443 10.3571552488 10.3621284456 1.28536749303 1.2946444061 1.29526605571
63420096 16 195829.967 195848.524 196222.159 10.3425784445 10.3623097614 10.3632917019 1.29282230556 1.29528872017 1.29541146274
69762080 8 107833.969 107936.991 107972.1 10.3377935596 10.3411561658 10.3510358596 1.29222419495 1.29264452073 1.29387948245
76738272 8 118554.428 118587.758 118687.179 10.3449451099 10.3536180522 10.3565288342 1.29311813873 1.29420225653 1.29456610427
84412096 8 130376.909 130399.911 131406.622 10.2779716535 10.3573194617 10.3591467719 1.28474645669 1.29466493271 1.29489334649
92853280 8 143343.914 143418.04 143485.698 10.3540108924 10.358895436 10.3642522277 1.29425136155 1.2948619295 1.29553152846
102138592 8 157699.834 157803.729 158916.932 10.2834698067 10.3560130192 10.3628357148 1.28543372584 1.2945016274 1.29535446436
112352448 8 173444.966 173528.044 173894.463 10.3375296544 10.3593582142 10.364320219 1.2921912068 1.29491977677 1.29554002738
123587680 8 190879.603 190998.971 191314.956 10.3358510037 10.3529504355 10.3594247312 1.29198137547 1.29411880444 1.2949280914
135946432 4 104992.894 105033.731 105169.615 10.3411185446 10.354497033 10.3585244159 1.29263981807 1.29431212912 1.29481555199
149541056 4 115633.515 115679.727 115712.472 10.3388029598 10.3417295236 10.3458625123 1.29235036998 1.29271619045 1.29323281403
164495136 4 127080.892 127211.983 128247.968 10.2610677465 10.3446315116 10.3553025737 1.28263346831 1.29307893895 1.29441282172
180944640 4 139851.521 139854.491 140061.31 10.3351676491 10.350451456 10.3506712666 1.29189595614 1.293806432 1.29383390832
199039104 4 153713.048 153719.685 153769.33 10.3552043311 10.358548627 10.3589958869 1.29440054138 1.29481857838 1.29487448587
218943008 4 169086.545 169122.637 169246.1 10.3490955715 10.3566506239 10.3588612802 1.29363694643 1.29458132799 1.29485766002
240837280 4 185991.105 186021.255 186301.953 10.3418037706 10.3574091036 10.3590880865 1.29272547132 1.29467613795 1.29488601081
264920992 4 204520.714 204587.881 204965.668 10.3401118669 10.3592056658 10.3626077503 1.29251398337 1.29490070822 1.29532596879
291413088 2 112674.611 112720.634 112778.56 10.3357619746 10.3410734187 10.345297327 1.29197024683 1.29263417734 1.29316216588
320554368 2 123851.823 123856.971 124221.627 10.322014797 10.3524045651 10.3528348711 1.29025184962 1.29405057064 1.29410435888
352609792 2 136222.448 136336.769 136433.278 10.3379409238 10.3452588641 10.3539408424 1.29224261547 1.29315735801 1.2942426053
387870752 2 149783.582 149917.542 149931.526 10.3479438207 10.3489090556 10.3581646752 1.29349297759 1.29361363195 1.2947705844
426657824 2 164739.166 164896.993 165001.261 10.3431409291 10.3496811249 10.3595965516 1.29289261614 1.29371014061 1.29494956894
469323584 2 181222.187 181307.049 181308.271 10.3541571802 10.3542269667 10.3590756026 1.29426964752 1.29427837083 1.29488445032
516255936 2 199251.856 199256.536 200950.791 10.2762658147 10.3636437 10.3638871198 1.28453322684 1.2954554625 1.29548588998
567881504 1 109737.775 109787.068 109817.316 10.3422943609 10.3451438197 10.3497907443 1.29278679512 1.29314297746 1.29372384304
624669632 1 120699.259 120718.274 120914.029 10.3324591392 10.3492141049 10.3508445234 1.2915573924 1.29365176311 1.29385556543
687136576 1 132721.351 132813.518 132912.517 10.3396819428 10.3473891265 10.3545747662 1.29246024285 1.29342364081 1.29432184577
755850208 1 146074.529 146141.29 146206.793 10.3394677154 10.3441020399 10.3488296444 1.29243346443 1.29301275499 1.29360370554
831435200 1 160587.291 160626.82 160716.933 10.3465787267 10.3523832446 10.354931512 1.29332234084 1.29404790557 1.294366439
914578720 1 176582.738 176646.788 176941.641 10.3376312645 10.3548864981 10.3586424172 1.29220390807 1.29436081227 1.29483030216
1006036576 1 194378.448 194415.03 194489.654 10.3453994113 10.3493703753 10.3513181256 1.29317492642 1.29367129692 1.29391476569

META_DATA
ERT_VERSION  1.1.0
TIMESTAMP_DATA  1535269413.01
FLOPS          2
HOSTNAME  ('atajo-Inspiron-15-7568', [], ['127.0.1.1'])
OPENMP_THREADS 4
TIMESTAMP_DATA  1535269310.76
UNAME  ('Linux', 'atajo-Inspiron-15-7568', '4.15.0-33-generic', '#36-Ubuntu SMP Wed Aug 15 16:00:05 UTC 2018', 'x86_64', 'x86_64')
CONFIG  {'ERT_WORKING_SET_MIN': ['1'], 'ERT_CFLAGS': [], 'ERT_CC': ['gcc'], 'ERT_MPI_CFLAGS': ['-I/usr/include/mpi'], 'ERT_MPI_LDFLAGS': ['-mpicc'], 'ERT_MEMORY_MAX': ['1073741824'], 'ERT_PROCS_THREADS': ['1-4'], 'ERT_LDFLAGS': [], 'ERT_LDLIBS': [], 'ERT_RUN': ['export', 'OMP_NUM_THREADS=ERT_OPENMP_THREADS;', 'mpirun', '-np', 'ERT_MPI_PROCS', 'ERT_CODE'], 'ERT_FLOPS': ['1,2,4,8,16'], 'ERT_OPENMP_CFLAGS': ['-fopenmp'], 'ERT_MPI': ['False'], 'ERT_TRIALS_MIN': ['1'], 'ERT_DRIVER': ['driver1'], 'ERT_RESULTS': ['Results/myLaptop'], 'ERT_OPENMP': ['True'], 'ERT_MPI_PROCS': ['1,2,4,8'], 'ERT_KERNEL': ['kernel1'], 'ERT_GPU': [False], 'ERT_OPENMP_THREADS': ['1,2,4,8'], 'ERT_LD': ['gcc'], 'ERT_NUM_EXPERIMENTS': ['3'], 'ERT_OPENMP_LDFLAGS': ['-fopenmp'], 'ERT_ALIGN': ['64'], 'ERT_GNUPLOT': ['gnuplot']}
TIMESTAMP_DATA  1535269361.91
