16 67108864 414579.788 419489.056 431712.421 4.97433834085 5.11928408449 5.17990435173 0.621792292606 0.639910510562 0.647488043966
32 33554432 274720.435 276619.712 297545.218 7.21733544378 7.76330664389 7.8169781873 0.902166930473 0.970413330486 0.977122273412
48 16777216 175452.085 189194.266 212252.067 7.58820754382 8.51301030445 9.17978681188 0.948525942977 1.06412628806 1.14747335149
64 16777216 247068.564 261371.702 265979.164 8.07387923063 8.21620562428 8.69185303558 1.00923490383 1.02702570303 1.08648162945
80 8388608 140357.527 147167.999 160812.491 8.34622529415 9.12003485214 9.5625600471 1.04327816177 1.14000435652 1.19532000589
96 8388608 167130.615 167665.478 179402.192 8.97766475451 9.6061082771 9.63685041188 1.12220809431 1.20076353464 1.20460630148
112 8388608 187874.709 193901.272 224616.815 8.3655722391 9.69074711382 10.0016026745 1.04569652989 1.21134338923 1.25020033431
128 8388608 210450.083 223411.53 266567.907 8.05604722702 9.61223285119 10.2042423428 1.00700590338 1.2015291064 1.27553029285
144 4194304 149507.35 153543.955 155998.699 7.74339503947 7.8671905514 8.07959977887 0.967924379933 0.983398818925 1.00994997236
160 4194304 130458.366 131810.292 172260.902 7.79153751325 10.1826440078 10.2881656513 0.973942189157 1.27283050097 1.28602070641
176 4194304 141262.135 163197.393 193482.778 7.63062750732 9.04668255332 10.4514561386 0.953828438415 1.13083531916 1.30643201733
192 4194304 188803.379 189476.51 194972.789 8.26070522077 8.5003293337 8.53063512174 1.0325881526 1.06254116671 1.06632939022
208 4194304 168676.122 176878.357 184199.388 9.47250956122 9.86457864938 10.3442647561 1.18406369515 1.23307233117 1.29303309451
224 4194304 191260.386 203652.608 205188.742 9.15765735335 9.22673277035 9.82455505449 1.14470716917 1.15334159629 1.22806938181
240 4194304 221859.979 229314.127 238285.424 8.44896799059 8.77951108525 9.07448891447 1.05612099882 1.09743888566 1.13431111431
256 4194304 203470.022 213742.33 222768.53 9.63997763957 10.0470676445 10.5542999745 1.20499720495 1.25588345556 1.31928749681
272 2097152 109331.959 112324.557 118589.101 9.62019847001 10.156734364 10.4347411172 1.20252480875 1.2695917955 1.30434263965
288 2097152 128725.029 129878.016 188138.511 6.42058633067 9.30072378069 9.38403014071 0.802573291334 1.16259047259 1.17300376759
304 2097152 134522.301 139160.891 229944.313 5.54511829131 9.16254852091 9.47849097526 0.693139786414 1.14531856511 1.18481137191
320 2097152 139768.71 146028.135 275485.007 4.87205200245 9.19122386929 9.60284515755 0.609006500307 1.14890298366 1.20035564469
352 2097152 140224.742 150430.34 151409.26 9.75102188598 9.81447630844 10.5287767832 1.21887773575 1.22680953855 1.3160970979
384 2097152 164336.824 167222.79 168391.958 9.56466540997 9.6315384763 9.80068068006 1.19558317625 1.20394230954 1.22508508501
416 2097152 178849.118 190334.302 193792.555 9.00359904951 9.16718870779 9.75587961245 1.12544988119 1.14589858847 1.21948495156
448 2097152 177107.015 185029.125 188710.355 9.95731364079 10.1554184618 10.6096768217 1.2446642051 1.26942730773 1.32620960271
480 2097152 207647.307 213913.382 217643.649 9.25028563549 9.41159408157 9.69560332415 1.15628570444 1.1764492602 1.21195041552
528 1048576 114387.764 115607.472 118419.732 9.35060599529 9.57806824113 9.680198452 1.16882574941 1.19725853014 1.2100248065
576 1048576 119733.405 121644.915 124910.254 9.67061961142 9.93021000508 10.0887430037 1.20882745143 1.24127625063 1.26109287546
624 1048576 130002.702 130624.915 139783.287 9.36179765182 10.0181718625 10.0661203796 1.17022470648 1.25227148282 1.25826504744
672 1048576 140768.562 144349.458 155145.098 9.08366530536 9.76301652619 10.0113698966 1.13545816317 1.22037706577 1.25142123708
736 1048576 146409.906 149153.232 150605.246 10.2486726923 10.3484440216 10.5423458984 1.28108408654 1.29355550271 1.3177932373
800 1048576 166487.352 169714.651 169958.013 9.87138864703 9.88554370595 10.0771715079 1.23392358088 1.23569296324 1.25964643849
880 1048576 181970.068 183349.207 185040.049 9.97348287559 10.065458096 10.1417435311 1.24668535945 1.258182262 1.26771794139
960 1048576 198796.35 202255.247 205057.853 9.81803861957 9.95408499835 10.1272780914 1.22725482745 1.24426062479 1.26590976142
1056 524288 107983.099 109142.767 110739.145 9.99914037624 10.1453929237 10.2543478216 1.24989254703 1.26817411547 1.2817934777
1152 524288 117592.495 118335.319 119634.262 10.097103721 10.2079375981 10.2724204636 1.26213796513 1.27599219976 1.28405255795
1264 524288 129556.461 131330.604 134951.906 9.82127710001 10.0920883909 10.2302892019 1.2276596375 1.26151104886 1.27878615023
1376 524288 139662.847 142889.39 145749.889 9.89942830077 10.0976046997 10.3308833164 1.2374285376 1.26220058746 1.29136041456
1504 524288 155093.746 155682.819 158560.644 9.94608916952 10.1299444224 10.1684197118 1.24326114619 1.26624305281 1.27105246397
1648 524288 163874.253 165470.888 188922.02 9.14691282678 10.4432463552 10.544995424 1.14336410335 1.3054057944 1.318124428
1808 524288 182192.471 184320.605 201883.948 9.39066937605 10.2854773507 10.4056188359 1.17383367201 1.28568466884 1.30070235449
1984 524288 198039.861 198288.781 220842.32 9.42018171155 10.4916414005 10.5048285406 1.17752271394 1.31145517507 1.31310356757
2176 262144 108164.621 113108.476 118083.418 9.66139621738 10.086341257 10.5473552947 1.20767452717 1.26079265713 1.31841941183
2384 262144 122614.683 124066.132 129421.616 9.65760303905 10.0744866617 10.1937432077 1.20720037988 1.25931083271 1.27421790097
2608 262144 128680.867 130742.042 132705.085 10.3036225326 10.4583275822 10.6258462185 1.28795281658 1.30729094777 1.32823077731
2864 262144 142199.051 142799.548 147904.091 10.152260305 10.51516516 10.5595699932 1.26903253812 1.31439564501 1.31994624915
3136 262144 155538.57 155718.313 179990.387 9.13474989084 10.5585986409 10.5708003359 1.14184373635 1.31982483011 1.32135004199
3440 262144 170073.659 170337.912 171593.947 10.5105730798 10.5880757773 10.6045270655 1.31382163498 1.32350947216 1.32556588319
3776 262144 185742.439 188973.554 196349.24 10.0826032635 10.4761298398 10.658369184 1.26032540793 1.30951622998 1.332296148
4144 131072 102071.759 102394.072 106442.02 10.2057884283 10.6092541764 10.6427551229 1.27572355354 1.32615677204 1.33034439036
4544 131072 111425.39 112115.991 112335.295 10.603811883 10.6245534234 10.6904031119 1.32547648537 1.32806917793 1.33630038899
4992 131072 122425.203 133879.782 139362.55 9.39006101711 9.77461143461 10.6891621654 1.17375762714 1.22182642933 1.33614527068
5488 131072 133965.672 144545.823 148600.269 9.68131674109 9.95287336667 10.7389172952 1.21016459264 1.24410917083 1.3423646619
6032 131072 147087.459 150415.549 162480.609 9.7319465857 10.5125608257 10.7504243989 1.21649332321 1.31407010322 1.34380304986
6624 131072 160909.77 164562.353 181605.838 9.56159711121 10.5518779013 10.7914010193 1.1951996389 1.31898473766 1.34892512742
7280 131072 177631.937 181343.31 198315.233 9.62310504912 10.5237315895 10.7436103678 1.20288813114 1.31546644869 1.34295129597
8000 131072 195475.527 196330.781 264850.44 7.9182500131 10.6817279966 10.7284632106 0.989781251638 1.33521599957 1.34105790133
8800 65536 108908.295 114052.29 119569.388 9.64656271386 10.1131998314 10.5908700526 1.20582033923 1.26414997893 1.32385875658
9680 65536 118655.701 124512.799 128701.606 9.85828381971 10.1899320406 10.6929287789 1.23228547746 1.27374150508 1.33661609736
10640 65536 133218.287 138868.289 141642.58 9.84595225532 10.0426532943 10.4685783867 1.23074403191 1.25533166179 1.30857229834
11696 65536 146272.272 148838.946 158747.288 9.65697197926 10.2998452569 10.480579067 1.20712149741 1.28748065711 1.31007238337
12864 65536 159790.657 162967.617 169832.61 9.92807098707 10.346289889 10.5519949643 1.24100887338 1.29328623612 1.31899937053
14144 65536 180268.374 181148.817 189155.485 9.80083854296 10.2340296708 10.2840133678 1.22510481787 1.27925370884 1.28550167097
15552 65536 192251.932 193865.363 199459.436 10.2197809483 10.514677364 10.6029194235 1.27747261854 1.3143346705 1.32536492793
17104 32768 105038.359 106142.287 116901.435 9.58865683727 10.5606142065 10.6716037329 1.19858210466 1.32007677581 1.33395046661
18800 32768 115404.554 116360.202 120642.216 10.2126506032 10.5884725088 10.6761540797 1.2765813254 1.3235590636 1.33451925996
20672 32768 126152.585 129093.905 130472.277 10.3835099927 10.4943776548 10.7390600993 1.29793874909 1.31179720685 1.34238251242
22736 32768 141715.792 142219.961 148991.871 10.0007234354 10.4769153748 10.5141881153 1.25009042943 1.30961442185 1.31427351442
25008 32768 155537.198 157306.714 158673.48 10.3289112207 10.4186544002 10.5371853748 1.29111390259 1.30233180003 1.31714817185
27504 32768 167260.194 176765.765 177168.366 10.1739502638 10.1971224122 10.7766354976 1.27174378297 1.27464030153 1.3470794372
30240 32768 186630.818 188834.667 191219.269 10.3640634668 10.4949407409 10.6188713163 1.29550793336 1.31186759262 1.32735891454
33264 16384 102489.878 103310.701 120991.389 9.00886220919 10.5506471396 10.635145375 1.12610777615 1.31883089246 1.32939317188
36576 16384 112514.619 113176.093 116053.777 10.3273016957 10.5898899337 10.6521479489 1.29091271196 1.32373624172 1.33151849361
40224 16384 124156.13 126045.094 132252.779 9.96621804068 10.4570514422 10.6161494563 1.24577725509 1.30713143028 1.32701868204
44240 16384 135678.337 138499.989 139874.178 10.3640024251 10.4668334667 10.6845083162 1.29550030314 1.30835418333 1.33556353952
48656 16384 148514.873 150361.949 150839.732 10.5698928715 10.6034792619 10.7353544853 1.32123660893 1.32543490774 1.34191931067
53520 16384 166690.488 166869.983 167000.1 10.5014509572 10.5096394718 10.5209564207 1.31268136965 1.31370493398 1.31511955259
58864 16384 179845.874 179967.504 188389.034 10.2386827463 10.7177990978 10.7250475593 1.27983534328 1.33972488722 1.34063094492
64736 16384 199228.34 200955.078 201046.896 10.551116631 10.5559375215 10.6474272084 1.31888957888 1.31949219019 1.33092840105
71200 8192 110337.816 111916.129 127523.855 9.14762810456 10.423348363 10.5724477998 1.14345351307 1.30291854537 1.32155597497
78320 8192 119052.647 127100.112 128063.459 10.0199923539 10.0959382317 10.7783817692 1.25249904424 1.26199227897 1.34729772115
86144 8192 133297.921 136938.778 142035.688 9.93682162472 10.3066736582 10.588186863 1.24210270309 1.28833420728 1.32352335788
94752 8192 143322.265 146174.524 157653.273 9.84703164393 10.6202963794 10.8316510906 1.23087895549 1.32753704743 1.35395638633
104224 8192 160671.359 160721.21 165780.225 10.3004204271 10.6246463426 10.6279428184 1.28755255339 1.32808079282 1.32849285229
114640 8192 172919.243 175434.337 209198.421 8.97837445915 10.7063519726 10.8620748473 1.12229680739 1.33829399657 1.35775935591
126096 8192 192219.608 192333.032 208568.768 9.90539899051 10.7415603161 10.7478986431 1.23817487381 1.34269503951 1.34348733039
138704 4096 105769.692 106368.608 109500.458 10.376789182 10.6823167978 10.7428049237 1.29709864775 1.33528959973 1.34285061547
152560 4096 116361.781 118664.063 119303.352 10.4755775848 10.5320135549 10.7403952506 1.3094471981 1.31650169437 1.34254940632
167808 4096 127356.096 128644.109 129945.473 10.5789228687 10.6859392683 10.7940112737 1.32236535858 1.33574240854 1.34925140921
184576 4096 139690.523 145321.339 146950.414 10.2895020901 10.4048490222 10.8242603688 1.28618776127 1.30060612778 1.35303254609
203024 4096 155412.227 162342.698 178920.993 9.29556996143 10.2448254741 10.7016844177 1.16194624518 1.28060318426 1.33771055221
223312 4096 168870.783 175339.45 176820.487 10.345927302 10.4333160849 10.8329686847 1.29324091275 1.30416451061 1.35412108559
245632 4096 191288.981 192132.407 194008.498 10.3718000229 10.473076226 10.5192538194 1.29647500286 1.30913452825 1.31490672743
270192 2048 103474.183 107263.859 107714.804 10.2744134595 10.3176078347 10.6954836454 1.28430168243 1.28970097934 1.33693545568
297200 2048 114765.605 116675.639 119150.639 10.2167408435 10.4334650355 10.6071082882 1.27709260544 1.30418312944 1.32588853603
326912 2048 124689.55 126209.177 140409.161 9.53663950745 10.6096211371 10.7389236067 1.19207993843 1.32620264214 1.34236545083
359600 2048 139617.057 140555.275 148978.938 9.88677741816 10.4793050279 10.5497253104 1.23584717727 1.30991312848 1.3187156638
395552 2048 150079.203 153478.072 158320.777 10.2335336063 10.5564330519 10.7955063701 1.27919170078 1.31955413149 1.34943829626
435104 2048 165330.37 175936.847 176567.169 10.0935298113 10.1296915023 10.7795439156 1.26169122641 1.26621143779 1.34744298945
478608 2048 182603.399 186592.143 192325.625 10.1930170148 10.5062214115 10.7357167431 1.27412712685 1.31327767643 1.34196459289
526464 1024 100912.909 102078.492 102594.88 10.5092795274 10.5624431834 10.6844434739 1.31365994092 1.32030539793 1.33555543424
579104 1024 110487.658 110810.744 131924.982 8.98999548092 10.7029783321 10.7342757867 1.12374943511 1.33787229152 1.34178447334
637008 1024 121427.469 123904.167 149259.46 8.74043349748 10.52904366 10.7437995269 1.09255418719 1.3161304575 1.34297494087
700704 1024 133069.677 137578.302 145009.318 9.89620399428 10.4307276012 10.7841382376 1.23702549929 1.30384095015 1.3480172797
770768 1024 146537.658 151693.899 153764.926 10.2658838076 10.4060405488 10.7721993482 1.28323547595 1.3007550686 1.34652491853
847840 1024 160751.293 168880.37 216422.237 8.02309570435 10.2816941957 10.801632059 1.00288696304 1.28521177446 1.35020400738
932624 1024 179701.778 291308.395 294900.432 6.4768096101 6.55667321912 10.6287982971 0.809601201262 0.819584152389 1.32859978714
1025872 1024 196998.79 210482.832 219140.945 9.58737243741 9.98174452537 10.664968328 1.19842155468 1.24771806567 1.333121041
1128448 512 108347.129 113906.343 123257.669 9.37491972203 10.144568964 10.6650795703 1.17186496525 1.2680711205 1.33313494629
1241280 512 118812.894 137927.019 144453.544 8.79916604884 9.21553100484 10.6980873642 1.09989575611 1.15194137561 1.33726092052
1365408 512 130300.524 135269.604 182515.294 7.66060619556 10.3362303922 10.7304080527 0.957575774444 1.29202879902 1.34130100659
1501936 512 145481.483 154051.762 155647.087 9.88121585597 9.98354347937 10.5716716127 1.235151982 1.24794293492 1.32145895158
1652128 512 164074.022 167719.26 191479.991 8.8352786271 10.0869695705 10.3110721087 1.10440982839 1.26087119631 1.28888401358
1817328 512 184207.483 194546.628 459922.706 4.04621004295 9.56554164485 10.1024336346 0.505776255369 1.19569270561 1.26280420432
1999056 512 195418.45 196630.598 346452.607 5.90855228865 10.4105534175 10.4751283413 0.738569036082 1.30131917719 1.30939104266
2198960 256 108080.651 109483.391 125276.36 8.98707082485 10.283454958 10.4169202312 1.12338385311 1.28543186975 1.3021150289
2418848 256 122650.986 132672.083 184245.634 6.72173418231 9.33467047472 10.0973519773 0.840216772789 1.16683380934 1.26216899716
2660720 256 129747.526 132125.958 144534.026 9.42538361175 10.310529896 10.4995346116 1.17817295147 1.288816237 1.31244182644
2926784 256 144082.242 149022.031 184312.264 8.13029678806 10.0556501475 10.4004031808 1.01628709851 1.25695626843 1.30005039761
3219456 256 159798.172 163330.868 163629.71 10.0737297157 10.0921613421 10.3152711409 1.25921621446 1.26152016776 1.28940889261
3541392 256 183771.151 195117.593 203833.878 8.89544329819 9.29282017127 9.86657967877 1.11193041227 1.16160252141 1.23332245985
3895520 256 195557.679 198365.266 231831.484 8.60325873599 10.0547151234 10.1990688895 1.075407342 1.25683939042 1.27488361119
4285072 128 111759.412 112152.552 127792.781 8.58404069006 9.78112769115 9.81553510679 1.07300508626 1.22264096139 1.22694188835
4713568 128 125765.04 126399.892 144375.612 8.35787562237 9.54647499224 9.59466484486 1.0447344528 1.19330937403 1.19933310561
5184912 128 130422.284 133151.988 138610.604 9.57601679594 9.96858921851 10.1772291612 1.19700209949 1.24607365231 1.27215364515
5703392 128 143705.592 153223.479 162184.843 9.00249570177 9.52901188205 10.1601359535 1.12531196272 1.19112648526 1.27001699419
6273728 128 165437.144 168563.525 177618.706 9.04225914133 9.52800653641 9.7080639158 1.13028239267 1.19100081705 1.21350798948
6901088 128 184920.819 188362.553 404618.69 4.36628008459 9.37913879305 9.55370270126 0.545785010574 1.17239234913 1.19421283766
7591184 128 200117.15 213294.329 414874.516 4.68417082528 9.11108660559 9.71102728577 0.58552135316 1.1388858257 1.21387841072
8350288 128 234825.223 259982.851 275366.728 7.76300660405 8.22236435895 9.10325432971 0.970375825506 1.02779554487 1.13790679121
9185312 64 120538.798 130293.699 131747.842 8.92401665296 9.02361315262 9.75387141325 1.11550208162 1.12795164408 1.21923392666
10103840 64 126037.04 133046.324 146914.404 8.80302737368 9.72061069496 10.2612019451 1.10037842171 1.21507633687 1.28265024313
11114224 64 147102.776 148602.138 158436.498 8.97912217171 9.57335265257 9.67093015294 1.12239027146 1.19666908157 1.20886626912
12225632 64 162041.665 168978.928 232550.543 6.72920766304 9.26080496853 9.65727484965 0.84115095788 1.15760062107 1.20715935621
13448192 64 170930.23 186942.707 228244.803 7.54176460263 9.2080006951 10.0705918198 0.942720575329 1.15100008689 1.25882397748
14793008 64 204253.638 210684.974 365373.483 5.18238217085 8.98737573948 9.2703613142 0.647797771356 1.12342196743 1.15879516428
16272304 64 214448.006 230351.868 332010.939 6.27345267079 9.04205783128 9.71263361619 0.784181583848 1.13025722891 1.21407920202
17899520 32 115670.621 140333.691 190792.278 6.00427486903 8.16318071474 9.9037185942 0.750534358628 1.02039758934 1.23796482427
19689472 32 135256.903 137006.705 204164.237 6.17212018381 9.19755137531 9.31653897177 0.771515022976 1.14969392191 1.16456737147
21658416 32 140187.914 149616.075 152025.427 9.11780779935 9.2646369984 9.88771845196 1.13972597492 1.1580796248 1.2359648065
23824256 32 160956.519 169337.328 183093.895 8.32770739844 9.00423079783 9.47307007801 1.0409634248 1.12552884973 1.18413375975
26206672 32 183649.233 202768.959 428736.82 3.91201998466 8.27161620926 9.13277436884 0.489002498083 1.03395202616 1.14159679611
28827328 32 191529.614 203726.536 386222.997 4.77690092597 9.05600727438 9.63270876743 0.597112615746 1.1320009093 1.20408859593
31710048 32 219754.56 228302.689 329902.213 6.15165037405 8.88926486538 9.23504418748 0.768956296756 1.11115810817 1.15438052343
34881040 16 111157.462 120688.024 176254.241 6.33285913387 9.24858360429 10.0415506068 0.791607391734 1.15607295054 1.25519382585
38369136 16 121785.237 134802.799 187226.606 6.55789461889 9.10821111363 10.0817831639 0.819736827361 1.1385263892 1.26022289549
42206048 16 137419.562 207640.815 282916.079 4.77383095642 6.50447040482 9.82824800446 0.596728869553 0.813058800602 1.22853100056
46426640 16 151912.858 169518.47 245588.014 6.04936884257 8.76395639956 9.77963616483 0.756171105321 1.09549454994 1.2224545206
51069296 16 166482.497 183374.278 233521.618 6.9981421249 8.91192314333 9.81615185649 0.874767765612 1.11399039292 1.22701898206
56176224 16 189835.871 192480.234 241973.651 7.42906990315 9.33934425703 9.46943882908 0.928633737894 1.16741803213 1.18367985364
61793840 16 194864.211 234434.908 253557.308 7.798642822 8.43476296627 10.1475939058 0.97483035275 1.05434537078 1.26844923822
67973216 8 109256.313 111413.004 135610.727 8.01980403807 9.76162042987 9.9543122602 1.00247550476 1.22020255373 1.24428903252
74770528 8 136764.091 139010.945 160610.74 7.44862048453 8.60600183676 8.74738711933 0.931077560567 1.0757502296 1.09342338992
82247568 8 139411.638 145358.211 151520.331 8.68504628597 9.05322842753 9.43939191074 1.08563078575 1.13165355344 1.17992398884
90472320 8 141964.91 146023.22 181853.183 7.96003180214 9.91319818862 10.1965839305 0.995003975267 1.23914977358 1.27457299131
99519552 8 154731.045 170738.081 172952.119 9.20666853466 9.32605557398 10.2908426166 1.15083356683 1.16575694675 1.28635532708
109471504 8 202368.976 202914.558 326630.602 5.36246161038 8.63192903094 8.6552005086 0.670307701297 1.07899112887 1.08190006357
120418640 8 208629.488 216541.447 266135.079 7.23955010831 8.89759566445 9.23502357442 0.904943763539 1.11219945806 1.1543779468
132460496 8 235217.57 288077.602 484708.525 4.37245855331 7.35693410833 9.01024500848 0.546557319164 0.919616763541 1.12628062606
145706544 4 124600.014 134026.254 281882.986 4.13523486657 8.69719414825 9.35515426186 0.516904358321 1.08714926853 1.16939428273
160277184 4 128118.461 140176.792 234289.829 5.47278333623 9.1471452136 10.0080617734 0.684097917029 1.1433931517 1.25100772167
176304896 4 145136.412 157471.492 159302.897 8.85381995282 8.95679052815 9.71802422675 1.1067274941 1.11959881602 1.21475302834
193935376 4 150706.95 150896.759 172526.953 8.99269929146 10.2817516975 10.2947011269 1.12408741143 1.28521896219 1.28683764087
213328912 4 168261.406 179829.971 188402.221 9.05844573881 9.4902495202 10.14273764 1.13230571735 1.18628119002 1.267842205
234661792 4 186467.046 190766.02 209197.672 8.97378215566 9.84082142092 10.0677003056 1.12172276946 1.23010267762 1.2584625382
258127968 4 203937.86 205876.846 240576.051 8.58366298481 10.0303836207 10.1257497946 1.0729578731 1.25379795259 1.26571872432
283940752 2 110259.777 113345.384 126981.32 8.94433140245 10.0203728455 10.300791811 1.11804142531 1.25254660569 1.28759897637
312334816 2 123632.968 127110.743 137242.783 9.10313268713 9.82874644986 10.1052274665 1.13789158589 1.22859330623 1.26315343331
343568288 2 133932.502 141062.958 151319.837 9.08191007369 9.74226807296 10.2609383942 1.13523875921 1.21778350912 1.28261729927
377925104 2 150360.889 162746.364 446327.484 3.38697586456 9.28868933748 10.053814034 0.423371983071 1.16108616718 1.25672675426
415717600 2 162187.98 185474.423 348315.128 4.77404013299 8.96549709175 10.2527351287 0.596755016624 1.12068713647 1.28159189109
457289360 2 183631.365 203472.155 279722.37 6.53918898228 8.98971871606 9.96102947881 0.817398622784 1.12371483951 1.24512868485
503018288 2 197118.787 210218.876 223556.774 9.00027816648 9.57132485096 10.2074144358 1.12503477081 1.19641560637 1.27592680448
553320112 1 110184.059 122954.992 222166.382 4.981132672 9.00036839497 10.0435601488 0.622641584 1.12504604937 1.25544501859
608652112 1 124115.16 132365.094 213563.947 5.6999518931 9.19656525156 9.80786089306 0.712493986637 1.14957065645 1.22598261163
669517312 1 135178.029 150747.643 292208.085 4.58246945494 8.88262394922 9.90571199999 0.572808681868 1.11032799365 1.238214
736469040 1 144181.161 160494.72 249168.561 5.91141223471 9.17748621263 10.2158844455 0.738926529339 1.14718577658 1.27698555569
810115936 1 176209.314 182408.775 255264.054 6.3472778349 8.88242285493 9.19492752806 0.793409729362 1.11030285687 1.14936594101
891127520 1 181278.365 198473.07 328625.939 5.42335472794 8.97983308264 9.83159264483 0.677919340993 1.12247913533 1.2289490806
980240272 1 198654.629 214353.898 306637.574 6.3934778717 9.1459990338 9.86878863014 0.799184733962 1.14324987923 1.23359857877

META_DATA
ERT_VERSION  1.1.0
CONFIG  {'ERT_WORKING_SET_MIN': ['1'], 'ERT_CFLAGS': [], 'ERT_CC': ['gcc'], 'ERT_MPI_CFLAGS': ['-I/usr/include/mpi'], 'ERT_MPI_LDFLAGS': ['-lmpi'], 'ERT_MEMORY_MAX': ['1073741824'], 'ERT_PROCS_THREADS': ['1-4'], 'ERT_LDFLAGS': [], 'ERT_LDLIBS': [], 'ERT_RUN': ['export', 'OMP_NUM_THREADS=ERT_OPENMP_THREADS;', 'mpirun', '-np', 'ERT_MPI_PROCS', 'ERT_CODE'], 'ERT_FLOPS': ['1,2,4'], 'ERT_OPENMP_CFLAGS': ['-fopenmp'], 'ERT_MPI': ['False'], 'ERT_TRIALS_MIN': ['1'], 'ERT_DRIVER': ['driver1'], 'ERT_RESULTS': ['Results/myLaptop'], 'ERT_OPENMP': ['True'], 'ERT_MPI_PROCS': ['1,2,4,8'], 'ERT_KERNEL': ['kernel1'], 'ERT_GPU': [False], 'ERT_OPENMP_THREADS': ['1,2,4'], 'ERT_LD': ['gcc'], 'ERT_NUM_EXPERIMENTS': ['3'], 'ERT_OPENMP_LDFLAGS': ['-fopenmp'], 'ERT_ALIGN': ['64'], 'ERT_GNUPLOT': ['gnuplot']}
HOSTNAME  ('atajo-Inspiron-15-7568', [], ['127.0.1.1'])
FLOPS          2
OPENMP_THREADS 2
TIMESTAMP_DATA  1535253152.72
UNAME  ('Linux', 'atajo-Inspiron-15-7568', '4.15.0-33-generic', '#36-Ubuntu SMP Wed Aug 15 16:00:05 UTC 2018', 'x86_64', 'x86_64')
TIMESTAMP_DATA  1535253210.48
TIMESTAMP_DATA  1535253267.95
