8 134217728 1358577.552 1358914.118 1361333.984 1.57748478569 1.58029386814 1.58068536083 0.394371196422 0.395073467034 0.395171340208
16 67108864 675011.667 675792.584 680346.01 3.15645806169 3.17772597516 3.18140226753 0.789114515421 0.794431493791 0.795350566881
24 33554432 460274.045 460416.073 460863.601 3.49477097455 3.49816791909 3.49924735817 0.873692743637 0.874541979771 0.874811839542
32 33554432 593692.534 594457.182 594822.921 3.61029068011 3.6125119067 3.61716465176 0.902572670027 0.903127976676 0.904291162941
40 16777216 365830.502 366017.931 367013.054 3.65702872247 3.66697138671 3.66885011682 0.914257180618 0.916742846678 0.917212529206
48 16777216 437723.182 438044.693 438580.457 3.67233129131 3.67682284876 3.67952350305 0.918082822829 0.91920571219 0.919880875763
56 16777216 506343.107 506905.094 506979.373 3.70636024279 3.70690335181 3.71101762031 0.926590060697 0.926725837953 0.927754405078
64 16777216 571376.759 571924.338 572168.847 3.7532341358 3.75483871784 3.75843716808 0.938308533949 0.938709679461 0.939609292019
72 8388608 320732.049 320787.06 320836.801 3.76502803991 3.76561184232 3.76625770878 0.941257009977 0.941402960581 0.941564427196
80 8388608 354239.69 354407.462 354466.016 3.78647661388 3.78710220272 3.78889581797 0.946619153471 0.94677555068 0.947223954493
88 8388608 388270.564 388596.91 388911.851 3.79622015684 3.7992968292 3.80249018311 0.94905503921 0.9498242073 0.950622545777
96 8388608 423045.582 423137.111 423189.552 3.80588965013 3.80636132859 3.80718486265 0.951472412533 0.951590332146 0.951796215662
104 8388608 457788.25 457884.407 457962.347 3.80998672801 3.81063525494 3.81143566704 0.952496682003 0.952658813734 0.952858916759
112 8388608 492011.553 492021.358 492940.886 3.81191385289 3.81903785567 3.81911396296 0.952978463223 0.954759463917 0.95477849074
120 8388608 524990.113 525181.318 526913.392 3.82086686459 3.83346827276 3.8348644482 0.955216716147 0.95836706819 0.95871611205
128 8388608 557914.786 558644.279 559651.898 3.83717745919 3.84409852338 3.84912481599 0.959294364798 0.961024630846 0.962281203997
136 4194304 297104.546 297210.241 297467.985 3.83520494819 3.83853088023 3.83989643834 0.958801237047 0.959632720058 0.959974109585
144 4194304 314665.333 314877.317 314993.118 3.83487601148 3.83628634641 3.83887077894 0.95871900287 0.959071586601 0.959717694736
152 4194304 363262.836 363579.497 399098.535 3.19487120142 3.50698657796 3.51004366436 0.798717800355 0.87674664449 0.877510916091
160 4194304 380618.148 380863.435 381285.062 3.52014126376 3.52403816344 3.52630920794 0.880035315939 0.881009540861 0.881577301984
176 4194304 382625.71 383013.435 395599.116 3.73204829912 3.85468203746 3.85858809122 0.933012074779 0.963670509365 0.964647022805
192 4194304 416094.703 416565.76 416736.909 3.86481902902 3.86640691736 3.8707840412 0.966204757256 0.96660172934 0.9676960103
208 4194304 450833.291 451797.793 452513.793 3.85586139249 3.8619720836 3.87023429465 0.963965348124 0.965493020901 0.967558573664
224 4194304 484860.979 485058.855 489826.167 3.83615314696 3.87385607464 3.87543702914 0.95903828674 0.96846401866 0.968859257284
240 4194304 519303.829 519506.486 520170.549 3.87039582281 3.87534318484 3.87685552767 0.967598955703 0.96883579621 0.969213881918
264 2097152 302891.228 303559.352 313604.246 3.5308713773 3.64770924929 3.65575544499 0.882717844324 0.911927312323 0.913938861247
288 2097152 311194.301 311280.628 311409.317 3.87900902785 3.88061267982 3.88168918299 0.969752256963 0.970153169956 0.970422295748
312 2097152 336636.657 336812.162 336828.916 3.88512620454 3.88531946183 3.88734506712 0.971281551136 0.971329865458 0.971836266779
336 2097152 379008.905 379186.699 379990.486 3.70874060252 3.71660226405 3.71834573122 0.92718515063 0.929150566012 0.929586432804
368 2097152 396363.298 396682.688 396689.505 3.89096220733 3.8910290736 3.89416446928 0.972740551833 0.972757268399 0.973541117321
400 2097152 430612.511 430882.502 431407.962 3.88894445115 3.89368700797 3.8961283222 0.972236112786 0.973421751993 0.97403208055
440 2097152 472667.309 472823.932 473020.529 3.90150880745 3.90313102849 3.90442436966 0.975377201863 0.975782757122 0.976106092414
480 2097152 517041.078 517502.665 517637.242 3.88933746772 3.89034889318 3.89382199145 0.972334366931 0.972587223295 0.973455497863
528 1048576 284132.438 284160.775 286362.754 3.86676074501 3.89672450746 3.89711313426 0.966690186252 0.974181126864 0.974278283566
576 1048576 309834.584 310028.152 310553.132 3.88970333102 3.89628988273 3.8987240753 0.972425832756 0.974072470683 0.974681018824
632 1048576 349060.617 349083.301 351033.848 3.77570445571 3.79680168087 3.79704841924 0.943926113928 0.949200420217 0.949262104811
688 1048576 378053.495 378190.254 378984.089 3.80712704802 3.81511834517 3.81649844554 0.951781762004 0.953779586293 0.954124611386
752 1048576 412359.329 412654.308 412722.635 3.82110931231 3.82174200881 3.82447587114 0.955277328078 0.955435502202 0.956118967785
824 1048576 451231.072 452990.54 458423.404 3.76955721048 3.81476674546 3.82964151901 0.942389302619 0.953691686365 0.957410379753
904 1048576 493595.576 494397.656 497844.68 3.8080660177 3.83461649745 3.84084764974 0.952016504425 0.958654124363 0.960211912434
992 1048576 540565.65 540792.557 541594.623 3.84120280308 3.84689980857 3.84851457728 0.96030070077 0.961724952143 0.962128644319
1088 524288 296195.132 296214.379 296305.769 3.85024797813 3.85143588185 3.85168615128 0.962561994532 0.962858970462 0.962921537819
1192 524288 325134.974 325185.047 325293.372 3.84238567271 3.84366564063 3.84425759131 0.960596418177 0.960916410157 0.961064397828
1304 524288 353671.882 353933.241 353935.171 3.86325863049 3.86327969686 3.86613461118 0.965814657623 0.965819924216 0.966533652794
1432 524288 387988.211 388377.079 388760.469 3.86243188733 3.86624472244 3.87011973413 0.965607971833 0.96656118061 0.967529933532
1568 524288 424384.917 424584.03 425061.463 3.86806923497 3.87241877185 3.87423563406 0.967017308742 0.968104692963 0.968558908516
1720 524288 464722.909 464870.302 465032.332 3.87833403377 3.87968582256 3.88091631609 0.969583508443 0.969921455641 0.970229079023
1888 524288 511135.791 516172.916 516224.762 3.83497970987 3.83536490706 3.87316154114 0.958744927466 0.958841226764 0.968290385284
2072 262144 279198.263 282270.761 282981.917 3.83884860035 3.84852023692 3.89087211477 0.959712150088 0.962130059231 0.972718028693
2272 262144 306038.347 308499.605 309244.325 3.85191332452 3.86121186768 3.89226496508 0.96297833113 0.96530296692 0.973066241271
2496 262144 337925.23 338342.762 338565.256 3.86520124203 3.86774299608 3.87252188302 0.966300310508 0.96693574902 0.968130470755
2744 262144 371582.495 371623.969 372049.515 3.86681399652 3.87124187891 3.8716739657 0.96670349913 0.967810469728 0.967918491424
3016 262144 407640.622 407642.138 408420.553 3.87162838987 3.87902147643 3.87903590236 0.967907097467 0.969755369108 0.969758975591
3312 262144 447045.57 447116.026 448395.869 3.87256434782 3.88364933267 3.88426140986 0.968141086955 0.970912333167 0.971065352465
3640 262144 491274.24 492649.839 496091.17 3.84689032058 3.87376219157 3.88460897115 0.961722580146 0.968440547892 0.971152242788
4000 262144 539112.347 539124.024 545628.895 3.84355011111 3.88992496465 3.89000921917 0.960887527777 0.972481241162 0.972502304793
4400 131072 296115.452 296435.218 296535.831 3.88969385625 3.89101405623 3.89521584304 0.972423464064 0.972753514058 0.973803960761
4840 131072 325350.477 325438.264 326360.193 3.88765844369 3.89867173087 3.89972368167 0.971914610922 0.974667932717 0.974930920418
5320 131072 357439.649 357472.54 359889.407 3.8750962181 3.90129569113 3.90165468185 0.968774054525 0.975323922783 0.975413670463
5848 131072 393038.5 393253.201 393938.233 3.89151898338 3.89829786026 3.90042734236 0.972879745846 0.974574465066 0.97510683559
6432 131072 432090.219 432805.409 433365.44 3.89073528337 3.89576972223 3.90221794861 0.972683820842 0.973942430558 0.975554487152
7072 131072 475381.05 475790.217 476386.056 3.89155464282 3.89642809322 3.89978180241 0.972888660704 0.974107023306 0.974945450602
7776 131072 523367.631 524177.738 527238.507 3.86624215974 3.8888178498 3.89483724873 0.966560539934 0.972204462449 0.973709312183
8552 65536 287232.407 287450.954 287797.617 3.89484720438 3.89954435149 3.90251140429 0.973711801095 0.974886087872 0.975627851073
9400 65536 315214.469 315312.163 316310.114 3.89515461399 3.90748263016 3.90869367104 0.973788653498 0.976870657539 0.97717341776
10336 65536 346764.399 347273.061 348617.248 3.88609628403 3.90113816516 3.9068606694 0.971524071006 0.975284541291 0.976715167349
11368 65536 381530.043 381631.926 384755.754 3.87265552369 3.90435494121 3.90539755214 0.968163880923 0.976088735301 0.976349388035
12504 65536 419347.644 419611.778 423179.487 3.87288216548 3.90581097559 3.90827112409 0.96822054137 0.976452743898 0.977067781022
13752 65536 461027.651 461478.63 465503.874 3.87215283197 3.90592765693 3.90974845021 0.968038207991 0.976481914233 0.977437112552
15120 65536 507533.52 507595.605 510816.906 3.87968490612 3.90430614544 3.90478374709 0.96992122653 0.97607653636 0.976195936773
16632 32768 278889.282 279173.025 281313.489 3.87466223491 3.90436988674 3.90834220728 0.968665558728 0.976092471685 0.977085551821
18288 32768 307269.83 307344.459 308859.686 3.88047525244 3.89960623302 3.90055336054 0.97011881311 0.974901558255 0.975138340136
20112 32768 337969.299 338715.39 339526.552 3.88205288875 3.89134970218 3.89994013036 0.970513222188 0.972837425545 0.97498503259
22120 32768 371884.893 372349.252 374307.538 3.87290175278 3.89327039658 3.89813178025 0.968225438196 0.973317599145 0.974532945064
24328 32768 412509.44 415092.747 417096.462 3.82252057559 3.84097245621 3.86502623552 0.955630143897 0.960243114053 0.96625655888
26760 32768 449842.86 450796.102 451227.614 3.88660468816 3.89032503214 3.89856884691 0.97165117204 0.972581258034 0.974642211727
29432 32768 494430.597 496443.804 504008.707 3.82702823426 3.88534520213 3.90116542889 0.956757058564 0.971336300533 0.975291357222
32368 32768 544837.525 547264.153 547931.415 3.87141381189 3.87613410521 3.8933978492 0.967853452973 0.969033526302 0.973349462301
35600 16384 300081.124 300247.207 300457.211 3.88255218145 3.88526778202 3.88741812364 0.970638045362 0.971316945506 0.97185453091
39160 16384 329601.079 330030.514 331012.42 3.8765762324 3.88810981278 3.89317560456 0.969144058099 0.972027453195 0.97329390114
43072 16384 362385.58 362511.087 367106.583 3.84461451077 3.89335208388 3.89470049001 0.961153627692 0.973338020969 0.973675122503
47376 16384 398546.569 398710.277 399191.608 3.88890131177 3.89359607101 3.89519541442 0.972225327943 0.973399017753 0.973798853604
52112 16384 438273.636 438938.923 439273.154 3.88734435613 3.89030438296 3.89620975513 0.971836089032 0.972576095741 0.974052438783
57320 16384 482105.329 482627.002 489222.607 3.83927834308 3.89174611494 3.89595726705 0.95981958577 0.972936528736 0.973989316762
63048 16384 530831.255 531362.954 533612.939 3.87163937192 3.8880333084 3.89192769744 0.967909842981 0.972008327099 0.972981924359
69352 8192 291818.453 292312.612 292393.726 3.88607232975 3.88715067826 3.89373309439 0.971518082437 0.971787669565 0.973433273598
76280 8192 320930.147 321396.373 322369.385 3.87683067361 3.88856759127 3.89421664397 0.969207668402 0.972141897818 0.973554160993
83904 8192 352706.152 353076.318 353688.403 3.88670684235 3.89344474811 3.89753092824 0.971676710588 0.973361187028 0.97438273206
92288 8192 388376.326 388710.793 389710.499 3.87992264997 3.8899012305 3.89325118648 0.969980662492 0.972475307625 0.97331279662
101512 8192 427186.934 427827.536 428391.174 3.88236898643 3.88748378272 3.89331338491 0.970592246609 0.971870945679 0.973328346227
111656 8192 469688.341 470566.884 471519.781 3.87973522578 3.88759168187 3.89486334727 0.969933806446 0.971897920466 0.973715836817
122816 8192 516456.972 517475.534 518800.082 3.87859873931 3.88852653273 3.89619552662 0.969649684828 0.972131633184 0.974048881656
135096 4096 284487.293 284606.851 284953.093 3.88381968537 3.88854459445 3.8901787856 0.970954921342 0.972136148613 0.972544696399
148600 4096 312887.308 312915.173 319321.92 3.8122381326 3.89029137938 3.89063783949 0.953059533151 0.972572844846 0.972659459872
163456 4096 344235.026 344435.793 344799.674 3.88350585273 3.88760860286 3.88987595934 0.970876463184 0.971902150715 0.972468989835
179800 4096 378557.708 378722.214 381915.83 3.85666548569 3.88918723421 3.89087731903 0.964166371423 0.972296808552 0.972719329757
197776 4096 415958.682 416143.287 416987.095 3.88544636375 3.89332482972 3.89505271103 0.971361590938 0.973331207431 0.973763177757
217552 4096 457672.006 457717.562 458316.873 3.88854543437 3.89363688868 3.89402445558 0.972136358593 0.97340922217 0.973506113896
239304 4096 503427.547 503793.386 516870.18 3.79278674579 3.89123482459 3.89406257103 0.948196686448 0.972808706147 0.973515642758
263232 2048 277247.723 277632.233 277947.044 3.87914998657 3.88354860799 3.88893463338 0.969787496643 0.970887151997 0.972233658345
289552 2048 304661.129 304950.794 305461.441 3.88266678805 3.88916840138 3.89286613587 0.970666697012 0.972292100345 0.973216533967
318504 2048 335480.025 337288.963 338264.631 3.85672123078 3.86787747929 3.88873341714 0.964180307695 0.966969369822 0.972183354285
350352 2048 368832.355 369373.828 389128.144 3.68783860568 3.88506624784 3.89076981058 0.92195965142 0.971266561961 0.972692452646
385384 2048 407180.056 407273.331 413117.408 3.8210272272 3.87585619742 3.87674406135 0.955256806801 0.968964049355 0.969186015339
423920 2048 446449.234 446453.534 447695.161 3.87847908859 3.88926548401 3.88930294368 0.969619772147 0.972316371002 0.97232573592
466312 2048 490939.461 491726.103 491803.535 3.88369301168 3.88430457596 3.89052847394 0.97092325292 0.971076143989 0.972632118484
512936 2048 540445.508 540668.312 540888.803 3.88432122157 3.88590529419 3.88750729704 0.971080305391 0.971476323547 0.971876824259
564224 1024 297128.547 297189.083 298802.247 3.86720904411 3.88820053663 3.88899270591 0.966802261029 0.972050134157 0.972248176477
620640 1024 327156.434 327340.033 327389.908 3.88243708477 3.88302863035 3.88520777189 0.970609271194 0.970757157588 0.971301942972
682704 1024 359119.414 360254.157 361915.472 3.86327167577 3.88108718479 3.8933506168 0.965817918942 0.970271796197 0.973337654199
750968 1024 395778.334 395972.166 396586.789 3.87804764722 3.88406710385 3.8859693214 0.969511911805 0.971016775962 0.971492330351
826064 1024 435163.417 435220.323 436051.015 3.87977326919 3.88717847627 3.88768679974 0.969943317297 0.971794619067 0.971921699935
908664 1024 478581.815 478940.425 479299.922 3.88262919851 3.88554353498 3.88845504295 0.970657299627 0.971385883745 0.972113760737
999528 1024 526751.262 527243.876 540643.278 3.78629204745 3.88251706123 3.88614796332 0.946573011863 0.970629265308 0.971536990831
1099480 512 290022.514 290304.416 295285.787 3.81280633734 3.87823077414 3.88200041601 0.953201584335 0.969557693535 0.970500104002
1209424 512 318569.575 319000.224 319371.808 3.87776924881 3.88228622686 3.8875343824 0.969442312203 0.970571556715 0.971883595601
1330360 512 350778.147 350862.939 357517.808 3.81040778813 3.88268035342 3.88361889602 0.952601947034 0.970670088356 0.970904724005
1463392 512 385457.226 385804.69 385918.445 3.88297949325 3.88412439465 3.88762567393 0.970744873311 0.971031098663 0.971906418483
1609728 512 425561.924 426348.749 428267.007 3.84891071471 3.866228002 3.87337630328 0.962227678678 0.966557000499 0.96834407582
1770696 512 466498.059 466724.344 467582.71 3.87780100765 3.88493278165 3.88681725255 0.969450251914 0.971233195413 0.971704313136
1947760 512 513409.491 513464.593 513645.434 3.88304092274 3.88440852045 3.88482541707 0.970760230685 0.971102130113 0.971206354267
2142536 256 282198.422 282348.62 282390.964 3.88460882906 3.88519140628 3.88725927036 0.971152207264 0.971297851571 0.97181481759
2356784 256 310652.426 310820.315 312006.931 3.86745705979 3.88222181681 3.8843199248 0.966864264948 0.970555454202 0.971079981201
2592456 256 342732.382 342818.899 343565.341 3.86342076339 3.87183284198 3.87281022077 0.965855190847 0.967958210495 0.968202555194
2851696 256 375687.394 376052.287 376259.036 3.88048714397 3.88262058888 3.88639165252 0.970121785992 0.970655147219 0.971597913131
3136864 256 413599.845 413604.007 414607.728 3.87372028917 3.8831209099 3.88315998523 0.968430072292 0.970780227475 0.970789996307
3450544 256 455344.456 455526.777 455789.748 3.87608219744 3.87831982048 3.87987270894 0.969020549361 0.969579955121 0.969968177234
3795592 256 500664.135 500763.359 501371.123 3.87605710591 3.88076137975 3.8815304875 0.969014276476 0.970190344937 0.970382621875
4175144 256 551140.891 555074.908 561810.617 3.8049721086 3.85114458822 3.87863387186 0.95124302715 0.962786147055 0.969658467965
4592656 128 303505.7 303730.979 304321.588 3.86341285785 3.87092531645 3.87379853492 0.965853214462 0.967731329111 0.96844963373
5051920 128 333604.917 334460.697 334683.739 3.86421976719 3.86679670168 3.87671600176 0.966054941797 0.966699175419 0.96917900044
5557112 128 367005.518 367484.621 368031.491 3.86548626079 3.87123866062 3.87629232321 0.966371565198 0.967809665156 0.969073080803
6112816 128 404081.732 404440.553 404464.019 3.86902375116 3.86924823535 3.87268409352 0.96725593779 0.967312058838 0.968171023381
6724096 128 444473.304 446424.287 446622.543 3.85419097844 3.8559026158 3.8728278178 0.963547744611 0.96397565395 0.96820695445
7396504 128 489286.64 489359.575 490821.067 3.85783160363 3.86935317246 3.86992995353 0.964457900908 0.967338293115 0.967482488383
8136152 128 538014.75 538221.439 538363.089 3.86886648538 3.8698847 3.8713713927 0.967216621346 0.967471175001 0.967842848175
8949760 64 295813.382 296430.977 296718.077 3.86080043246 3.86453970362 3.87260803502 0.965200108115 0.966134925906 0.968152008755
9844736 64 325364.92 326069.198 340668.63 3.69897929258 3.86459750179 3.87296272751 0.924744823144 0.966149375446 0.968240681878
10829208 64 358651.014 359581.78 370153.73 3.74476470627 3.85486334708 3.8648674335 0.936191176569 0.96371583677 0.966216858375
11912128 64 394223.178 394471.308 394859.915 3.86150208233 3.86530617836 3.86773906023 0.965375520582 0.966326544591 0.966934765058
13103336 64 433140.118 433232.947 433975.084 3.86480023816 3.87142072092 3.87225042959 0.966200059541 0.967855180229 0.968062607399
14413664 64 476723.474 476808.405 476817.833 3.86929528284 3.86937179096 3.87006114157 0.96732382071 0.96734294774 0.967515285392
15855024 64 524503.867 525871.623 526248.365 3.8564358713 3.85919867747 3.86926236332 0.964108967825 0.964799669367 0.967315590831
17440520 32 288554.088 288651.699 288663.369 3.86676454261 3.86692087338 3.86822896094 0.966691135653 0.966730218345 0.967057240236
19184568 32 317702.731 317915.814 317972.834 3.86137500036 3.86206755981 3.86465784583 0.965343750089 0.965516889953 0.966164461457
21103024 32 348823.41 349236.829 349333.774 3.86619799321 3.86727121497 3.87185463269 0.966549498303 0.966817803743 0.967963658173
23213320 32 383701.526 384157.214 384479.099 3.86406565107 3.86730334836 3.87189619882 0.966016412767 0.966825837091 0.967974049704
25534648 32 421631.132 421842.038 423044.953 3.86298775204 3.87400335857 3.87594119117 0.965746938009 0.968500839644 0.968985297793
28088112 32 463649.345 464925.235 468854.696 3.83410720493 3.86651236085 3.87715239412 0.958526801233 0.966628090213 0.969288098531
30896920 32 510224.65 510264.318 512979.475 3.85474073792 3.87525211982 3.87555340574 0.96368518448 0.968813029956 0.968888351435
33986608 16 280735.255 280748.406 280981.402 3.87061723039 3.87382949558 3.87401096453 0.967654307597 0.968457373895 0.968502741132
37385264 16 308660.193 308911.426 310279.448 3.85564837024 3.87272320578 3.87587539673 0.96391209256 0.968180801444 0.968968849184
41123784 16 339421.313 340466.244 341932.531 3.84859868159 3.86517345314 3.8770726457 0.962149670398 0.966293363286 0.969268161425
45236160 16 373241.5 373371.808 374766.118 3.86256134286 3.8769855918 3.87833914503 0.965640335715 0.96924639795 0.969584786258
49759776 16 410441.177 410561.688 411070.152 3.87357930089 3.87837657176 3.87951531481 0.968394825222 0.969594142939 0.969878828702
54735752 16 451540.244 451579.09 452503.089 3.87078918703 3.87870940614 3.87904309145 0.967697296758 0.969677351535 0.969760772863
60209320 16 496703.568 497015.643 497502.25 3.87274276649 3.87653440518 3.87897000168 0.968185691623 0.969133601294 0.96974250042
66230248 16 546283.036 546457.99 547339.902 3.87212393662 3.87837304017 3.87961513782 0.968030984154 0.969593260042 0.969903784455
72853272 8 300693.268 301764.75 302409.266 3.85455236679 3.8627850072 3.87654954749 0.963638091698 0.965696251799 0.969137386874
80138592 8 330399.761 330782.692 330947.485 3.87438349018 3.87631367363 3.88080629392 0.968595872545 0.969078418408 0.970201573481
88152448 8 363570.718 363999.397 364326.814 3.87135701738 3.87483929815 3.87940804408 0.967839254346 0.968709824539 0.969852011019
96967688 8 400016.076 400232.935 403394.0 3.84607358563 3.87645011773 3.87855164101 0.961518396406 0.969112529432 0.969637910252
106664456 8 439833.807 440314.108 440820.153 3.8714910931 3.87594052744 3.88017307637 0.967872773276 0.96898513186 0.970043269093
117330896 8 483981.777 484751.965 486029.531 3.86251084813 3.87269051297 3.87885334782 0.965627712033 0.968172628243 0.969713336955
129063984 8 531909.624 532881.069 534691.519 3.86208434325 3.87520567746 3.88228310003 0.965521085813 0.968801419365 0.970570775008
141970376 4 292603.741 292902.04 293081.863 3.87524153277 3.87762068164 3.8815737766 0.968810383193 0.969405170411 0.970393444149
156167408 4 321848.884 321858.243 322262.034 3.87678079386 3.88164445426 3.88175732808 0.969195198464 0.970411113566 0.970439332019
171784144 4 354077.902 354120.012 365473.639 3.76025246516 3.88081188702 3.88127342666 0.940063116289 0.970202971754 0.970318356665
188962552 4 389785.723 389974.306 390122.326 3.8749395132 3.87641029868 3.8782857524 0.968734878301 0.969102574671 0.9695714381
207858800 4 429741.968 430303.593 431203.333 3.85634867066 3.86441207336 3.86946243053 0.964087167666 0.96610301834 0.967365607634
228644680 4 470986.587 471648.898 472042.497 3.87498467114 3.87821841153 3.88367204181 0.968746167784 0.969554602882 0.970918010453
251509144 4 518283.817 518782.142 519493.53 3.87314381374 3.87845492183 3.88218401965 0.968285953436 0.969613730459 0.970546004912
276660056 2 285522.064 285568.448 285738.55 3.87291187696 3.87521881969 3.87584836176 0.96822796924 0.968804704923 0.968962090439
304326056 2 313656.287 313738.872 313942.617 3.87747364672 3.87999171489 3.88101330805 0.96936841168 0.969997928723 0.970253327012
334758656 2 345505.577 345583.313 346108.793 3.86882578854 3.87470856847 3.875580347 0.967206447136 0.968677142117 0.96889508675
368234520 2 379737.02 379768.608 379902.883 3.87714372781 3.87851457169 3.8788372016 0.969285931952 0.969628642924 0.9697093004
405057968 2 417825.862 418120.406 418127.176 3.87497384767 3.87503658934 3.87776827467 0.968743461917 0.968759147335 0.969442068667
445563760 2 459057.393 459757.293 460498.994 3.8702691281 3.87651281912 3.88242312874 0.967567282025 0.969128204781 0.970605782184
490120136 2 504783.927 505751.915 505937.632 3.87494509205 3.8763680094 3.88380144283 0.968736273012 0.969092002351 0.970950360708
539132144 1 277756.429 278302.902 278781.912 3.86776990037 3.87442703706 3.88204979407 0.966942475091 0.968606759264 0.970512448517
593045352 1 305693.538 305757.765 306199.376 3.87358955297 3.87918424247 3.87999926907 0.968397388243 0.969796060617 0.969999817268
652349880 1 336070.466 336637.768 336660.95 3.87541162704 3.87567850082 3.88222081973 0.96885290676 0.968919625204 0.970555204931
717584864 1 369874.301 370576.857 390626.183 3.67402337697 3.87279912626 3.88015529633 0.918505844243 0.968199781564 0.970038824081
789343344 1 406672.567 406917.544 407467.389 3.87438781757 3.87962306191 3.88196012248 0.968596954393 0.969905765479 0.97049003062
868277672 1 448295.891 448577.964 463536.111 3.7463215978 3.87124532047 3.87368115315 0.93658039945 0.967811330117 0.968420288287
955105432 1 492577.633 492670.466 493765.656 3.8686588279 3.87725872734 3.87798944984 0.967164706976 0.969314681834 0.969497362459
1050615968 1 541078.134 541441.87 542515.701 3.87312649593 3.88080799145 3.88341683754 0.968281623982 0.970201997862 0.970854209385

META_DATA
ERT_VERSION  1.1.0
TIMESTAMP_DATA  1535278205.19
MPI_PROCS      1
UNAME  ('Linux', 'atajo-Inspiron-15-7568', '4.15.0-33-generic', '#36-Ubuntu SMP Wed Aug 15 16:00:05 UTC 2018', 'x86_64', 'x86_64')
HOSTNAME  ('atajo-Inspiron-15-7568', [], ['127.0.1.1'])
TIMESTAMP_DATA  1535278056.86
FLOPS          4
TIMESTAMP_DATA  1535278353.58
CONFIG  {'ERT_WORKING_SET_MIN': ['1'], 'ERT_CFLAGS': [], 'ERT_CC': ['mpicc'], 'ERT_MPI_CFLAGS': ['-I/usr/include/mpi'], 'ERT_MPI_LDFLAGS': ['-lmpi'], 'ERT_MEMORY_MAX': ['1073741824'], 'ERT_PROCS_THREADS': ['1-4'], 'ERT_LDFLAGS': [], 'ERT_LDLIBS': [], 'ERT_RUN': ['export', 'OMP_NUM_THREADS=ERT_OPENMP_THREADS;', 'mpirun', '-np', 'ERT_MPI_PROCS', 'ERT_CODE'], 'ERT_FLOPS': ['1,2,4,8,16'], 'ERT_OPENMP_CFLAGS': ['-fopenmp'], 'ERT_MPI': ['True'], 'ERT_TRIALS_MIN': ['1'], 'ERT_DRIVER': ['driver1'], 'ERT_RESULTS': ['Results/myLaptop'], 'ERT_OPENMP': ['False'], 'ERT_MPI_PROCS': ['1,2,4,8'], 'ERT_KERNEL': ['kernel1'], 'ERT_GPU': [False], 'ERT_OPENMP_THREADS': ['1,2,4,8'], 'ERT_LD': ['mpicc'], 'ERT_NUM_EXPERIMENTS': ['3'], 'ERT_OPENMP_LDFLAGS': ['-fopenmp'], 'ERT_ALIGN': ['64'], 'ERT_GNUPLOT': ['gnuplot']}
