8 134217728 4747555.017 4748963.833 4756123.066 0.451519781595 0.452200463831 0.452334652323 0.451519781595 0.452200463831 0.452334652323
16 67108864 2423599.958 2426324.129 2426566.124 0.884988719969 0.885076986349 0.886071829186 0.884988719969 0.885076986349 0.886071829186
24 33554432 1732764.006 1735246.181 1737548.113 0.926945690856 0.928175352659 0.929504958796 0.926945690856 0.928175352659 0.929504958796
32 33554432 2249114.037 2250295.877 2250440.121 0.954250516582 0.954311684054 0.954813145386 0.954250516582 0.954311684054 0.954813145386
40 16777216 1395889.044 1397970.915 1403760.91 0.956129544881 0.960089559517 0.961521466028 0.956129544881 0.960089559517 0.961521466028
48 16777216 1670665.979 1670892.954 1673901.796 0.962190697118 0.96392335137 0.964054309027 0.962190697118 0.96392335137 0.964054309027
56 16777216 1947033.882 1948586.941 1953828.096 0.961726467056 0.964313242824 0.965082430959 0.961726467056 0.964313242824 0.965082430959
64 16777216 2209265.947 2210239.887 2210958.004 0.971291016887 0.97160659376 0.972034919977 0.971291016887 0.97160659376 0.972034919977
72 8388608 1247521.162 1251950.026 1257324.934 0.960737769001 0.96486243613 0.968287824523 0.960737769001 0.96486243613 0.968287824523
80 8388608 1378257.99 1379101.038 1380419.97 0.972296336745 0.973226212596 0.973821512183 0.972296336745 0.973226212596 0.973821512183
88 8388608 1512413.979 1517838.001 1518098.116 0.972529372403 0.972696036749 0.976184449826 0.972529372403 0.972696036749 0.976184449826
96 8388608 1662417.173 1662572.145 1668985.128 0.965025217409 0.968747576365 0.968837883871 0.965025217409 0.968747576365 0.968837883871
104 8388608 1802316.904 1806788.921 1808274.984 0.964914340705 0.965707971595 0.968104144242 0.964914340705 0.965707971595 0.968104144242
112 8388608 1933454.99 1933902.979 1934336.901 0.971417228834 0.97163519184 0.971860323472 0.971417228834 0.97163519184 0.971860323472
120 8388608 2069723.129 2071633.816 2075078.011 0.970212160375 0.971825186696 0.972722337491 0.970212160375 0.971825186696 0.972722337491
128 8388608 2212142.944 2216526.031 2217732.906 0.968323841969 0.968851084068 0.970770742381 0.968323841969 0.968851084068 0.970770742381
136 4194304 1167056.084 1168316.126 1168793.917 0.976092253225 0.976491432936 0.977545726928 0.976092253225 0.976491432936 0.977545726928
144 4194304 1243041.039 1243818.998 1247170.925 0.968559744126 0.971169883996 0.971777692048 0.968559744126 0.971169883996 0.971777692048
152 4194304 1314373.016 1319256.067 1321216.106 0.965071807867 0.966505629873 0.970096312446 0.965071807867 0.966505629873 0.970096312446
160 4194304 1389170.885 1390594.006 1399561.882 0.958998167399 0.965182701931 0.966171472849 0.958998167399 0.965182701931 0.966171472849
176 4194304 1515068.054 1517894.03 1524173.021 0.968653156602 0.972660132276 0.974474383578 0.968653156602 0.972660132276 0.974474383578
192 4194304 1654617.071 1655909.061 1662014.961 0.969072345192 0.972645644579 0.973405124502 0.969072345192 0.972645644579 0.973405124502
208 4194304 1790791.988 1791435.957 1793627.977 0.972793960829 0.973984281817 0.974334526674 0.972793960829 0.973984281817 0.974334526674
224 4194304 1927592.993 1930778.98 1935138.941 0.971014614087 0.973207296881 0.974815844851 0.971014614087 0.973207296881 0.974815844851
240 4194304 2063491.106 2064656.019 2070341.11 0.972431987307 0.97510960735 0.975660090875 0.972431987307 0.97510960735 0.975660090875
264 2097152 1145112.038 1146064.043 1146329.88 0.965949047756 0.966173105913 0.966976347514 0.965949047756 0.966173105913 0.966976347514
288 2097152 1235324.86 1240684.032 1241544.008 0.97294944377 0.973623840433 0.977847682916 0.97294944377 0.973623840433 0.977847682916
312 2097152 1343589.067 1348823.071 1350424.051 0.969045868985 0.970196073996 0.973975510922 0.969045868985 0.970196073996 0.973975510922
336 2097152 1466449.976 1467814.922 1468086.004 0.959947945938 0.960125233009 0.961018900791 0.959947945938 0.960125233009 0.961018900791
368 2097152 1578920.841 1586991.072 1599655.867 0.96489745316 0.972597703436 0.977568876108 0.96489745316 0.972597703436 0.977568876108
400 2097152 1711963.892 1711974.859 1714466.095 0.978567966373 0.979991961436 0.979998239355 0.978567966373 0.979991961436 0.979998239355
440 2097152 1887568.235 1890849.829 1906256.914 0.968124362695 0.976012865589 0.977709693234 0.968124362695 0.976012865589 0.977709693234
480 2097152 2058463.097 2060327.053 2060603.142 0.97702749208 0.977158416218 0.97804324155 0.97702749208 0.977158416218 0.97804324155
528 1048576 1129848.957 1130926.847 1131684.065 0.978449984625 0.979105110943 0.980039189433 0.978449984625 0.979105110943 0.980039189433
576 1048576 1243596.792 1243880.033 1246149.063 0.969353978481 0.971122230402 0.971343412729 0.969353978481 0.971122230402 0.971343412729
632 1048576 1366731.167 1367475.033 1378071.07 0.961779180228 0.969231636421 0.96975915674 0.961779180228 0.969231636421 0.96975915674
688 1048576 1483896.971 1490003.109 1497962.952 0.963201776168 0.968347359334 0.972332044743 0.963201776168 0.968347359334 0.972332044743
752 1048576 1622288.227 1629948.139 1639056.921 0.962174213595 0.967551216057 0.972119675008 0.962174213595 0.967551216057 0.972119675008
824 1048576 1773669.958 1776702.166 1798784.018 0.960678564357 0.972618416901 0.974281173454 0.960678564357 0.972618416901 0.974281173454
904 1048576 1939080.954 1946201.086 1964313.03 0.965134059107 0.974115892565 0.977692759082 0.965134059107 0.974115892565 0.977692759082
992 1048576 2145364.046 2147065.878 2160449.982 0.962935870459 0.968938496632 0.969707117018 0.962935870459 0.968938496632 0.969707117018
1088 524288 1169072.151 1172199.011 1182804.108 0.964530542533 0.973256825244 0.975859947587 0.964530542533 0.973256825244 0.975859947587
1192 524288 1284477.949 1287792.921 1295750.141 0.964616983206 0.970577312251 0.973082171611 0.964616983206 0.970577312251 0.973082171611
1304 524288 1401012.897 1402129.889 1424470.901 0.959895427165 0.975190041042 0.975967535294 0.959895427165 0.975190041042 0.975967535294
1432 524288 1537500.143 1546001.911 1569077.015 0.95697076539 0.971254188831 0.976624840548 0.95697076539 0.971254188831 0.976624840548
1568 524288 1688784.122 1688910.961 1700393.915 0.966933105027 0.973507310904 0.973580427825 0.966933105027 0.973507310904 0.973580427825
1720 524288 1847705.841 1859659.195 1865933.18 0.966567688131 0.96982862497 0.976102732361 0.966567688131 0.96982862497 0.976102732361
1888 524288 2033508.062 2041748.047 2049297.094 0.966044159139 0.969615957713 0.973544941864 0.966044159139 0.969615957713 0.973544941864
2072 262144 1111429.93 1118506.193 1119977.951 0.969951895062 0.971228181657 0.977411806788 0.969951895062 0.971228181657 0.977411806788
2272 262144 1224348.068 1233420.134 1234105.11 0.965219515216 0.965755546844 0.972911516858 0.965219515216 0.965755546844 0.972911516858
2496 262144 1343549.967 1347345.114 1357333.899 0.964112698404 0.971260321058 0.974003855563 0.964112698404 0.971260321058 0.974003855563
2744 262144 1474995.136 1480763.912 1486817.837 0.967600896491 0.971556816277 0.975356621108 0.967600896491 0.971556816277 0.975356621108
3016 262144 1616389.036 1626181.126 1631127.119 0.969423283802 0.972371762726 0.978262394005 0.969423283802 0.972371762726 0.978262394005
3312 262144 1778879.881 1789350.033 1792737.007 0.968598210011 0.970431622643 0.976143400432 0.968598210011 0.970431622643 0.976143400432
3640 262144 1959645.033 1970072.031 1976754.904 0.965424856738 0.968699768318 0.973854084726 0.965424856738 0.968699768318 0.973854084726
4000 262144 2163005.114 2164296.865 2179625.034 0.962161824757 0.968976129806 0.969554804298 0.962161824757 0.968976129806 0.969554804298
4400 131072 1185323.0 1187742.949 1194114.923 0.965931819278 0.971113826414 0.973096447129 0.965931819278 0.971113826414 0.973096447129
4840 131072 1308258.057 1317145.109 1325295.925 0.957353701967 0.963278040764 0.969821629006 0.957353701967 0.963278040764 0.969821629006
5320 131072 1432314.157 1440073.967 1464609.861 0.952203120528 0.968426700265 0.973673319631 0.952203120528 0.968426700265 0.973673319631
5848 131072 1575103.045 1581435.919 1595677.137 0.960732015552 0.969383642791 0.97328115571 0.960732015552 0.969383642791 0.97328115571
6432 131072 1734479.904 1737609.863 1744763.136 0.96638344381 0.970361784831 0.97211285303 0.96638344381 0.970361784831 0.97211285303
7072 131072 1903382.063 1904497.862 1925432.92 0.962839239292 0.973423181506 0.973993820809 0.962839239292 0.973423181506 0.973993820809
7776 131072 2095269.918 2097805.977 2100123.882 0.97062452433 0.971696985493 0.972873101689 0.97062452433 0.971696985493 0.972873101689
8552 65536 1144284.01 1147979.975 1148880.005 0.97566999088 0.976434927796 0.979588750873 0.97566999088 0.976434927796 0.979588750873
9400 65536 1264338.97 1266526.937 1271481.037 0.969009182321 0.972799522858 0.974482974293 0.969009182321 0.972799522858 0.974482974293
10336 65536 1388267.994 1391980.886 1396576.881 0.970057725021 0.973260628523 0.975863592516 0.970057725021 0.973260628523 0.975863592516
11368 65536 1529587.984 1533234.119 1534860.849 0.970789304432 0.971819292002 0.974135853306 0.970789304432 0.971819292002 0.974135853306
12504 65536 1681228.161 1687124.014 1709205.866 0.958880565883 0.971430834011 0.974837518202 0.958880565883 0.971430834011 0.974837518202
13752 65536 1854588.032 1856924.057 1859502.077 0.969346668818 0.970692440116 0.971915116942 0.969346668818 0.970692440116 0.971915116942
15120 65536 2035065.889 2036052.942 2036849.976 0.972977226281 0.973358108288 0.973830208993 0.972977226281 0.973358108288 0.973830208993
16632 32768 1110608.101 1111526.966 1115379.095 0.977241510878 0.98062825765 0.981439583431 0.977241510878 0.98062825765 0.981439583431
18288 32768 1228312.016 1231106.997 1237709.045 0.968339346668 0.973532252615 0.975747491181 0.968339346668 0.973532252615 0.975747491181
20112 32768 1346904.039 1348793.03 1359117.031 0.969791417469 0.977214444828 0.978584957677 0.969791417469 0.977214444828 0.978584957677
22120 32768 1485553.98 1486527.92 1491280.079 0.972088570359 0.97519616046 0.975835506159 0.972088570359 0.97519616046 0.975835506159
24328 32768 1631747.007 1633131.027 1634198.904 0.975621635835 0.976259578467 0.977087625202 0.975621635835 0.976259578467 0.977087625202
26760 32768 1799736.977 1800109.863 1800435.066 0.974066431563 0.974242403782 0.974444256251 0.974066431563 0.974242403782 0.974444256251
29432 32768 1970691.919 1981652.975 1982964.039 0.97271332917 0.973356877483 0.978770721797 0.97271332917 0.973356877483 0.978770721797
32368 32768 2184482.098 2184837.103 2185000.896 0.970832209672 0.97090499108 0.97106277499 0.970832209672 0.97090499108 0.97106277499
35600 16384 1200877.905 1202319.86 1204195.976 0.968730026715 0.970241646013 0.97140666436 0.968730026715 0.970241646013 0.97140666436
39160 16384 1318759.918 1320567.131 1322794.199 0.970063885199 0.971699847647 0.97303145363 0.970063885199 0.971699847647 0.97303145363
43072 16384 1454415.798 1456346.035 1457962.036 0.968052158527 0.969126335418 0.97041251748 0.968052158527 0.969126335418 0.97041251748
47376 16384 1597904.921 1604643.106 1613368.988 0.962220533273 0.967452988266 0.971532628505 0.962220533273 0.967452988266 0.971532628505
52112 16384 1761566.877 1762198.21 1766084.194 0.966888227527 0.969020400946 0.969367690943 0.966888227527 0.969020400946 0.969367690943
57320 16384 1932615.042 1938231.945 1940706.968 0.96782347411 0.969059335156 0.971875784458 0.96782347411 0.969059335156 0.971875784458
63048 16384 2127136.946 2134279.013 2138837.814 0.965924975927 0.96798818309 0.971238296568 0.965924975927 0.96798818309 0.971238296568
69352 8192 1165474.892 1167491.913 1172524.929 0.969073782482 0.973251424997 0.974935775794 0.969073782482 0.973251424997 0.974935775794
76280 8192 1288526.058 1289855.957 1290746.927 0.968254499668 0.968923322963 0.969923357188 0.968254499668 0.968923322963 0.969923357188
83904 8192 1414228.201 1416218.042 1417609.93 0.969718895804 0.970671955329 0.972037705816 0.969718895804 0.970671955329 0.972037705816
92288 8192 1557245.016 1557937.86 1565037.012 0.966141107467 0.970543582528 0.97097539338 0.966141107467 0.970543582528 0.97097539338
101512 8192 1711723.089 1719271.183 1719950.914 0.96698841488 0.967370723389 0.971636486467 0.96698841488 0.967370723389 0.971636486467
111656 8192 1883677.006 1883768.082 1892007.828 0.966894468895 0.971123739424 0.971170693369 0.966894468895 0.971123739424 0.971170693369
122816 8192 2070014.954 2078485.012 2087591.887 0.963894023794 0.968117322176 0.972078650984 0.963894023794 0.968117322176 0.972078650984
135096 4096 1134081.125 1135440.111 1136154.175 0.974081208653 0.974693796069 0.975861785902 0.974081208653 0.974693796069 0.975861785902
148600 4096 1252936.125 1259087.086 1264006.853 0.96307325954 0.966836379736 0.97158280914 0.96307325954 0.966836379736 0.97158280914
163456 4096 1379565.001 1384463.072 1385952.95 0.966145028228 0.967184736871 0.970618674024 0.966145028228 0.967184736871 0.970618674024
179800 4096 1519540.071 1520457.029 1522409.201 0.967493889969 0.968736091785 0.969320670188 0.967493889969 0.968736091785 0.969320670188
197776 4096 1670196.056 1672551.87 1676345.11 0.966496088625 0.968688039552 0.970054375461 0.966496088625 0.968688039552 0.970054375461
217552 4096 1836374.044 1840982.914 1845847.845 0.965510775348 0.968062207665 0.970491817733 0.965510775348 0.968062207665 0.970491817733
239304 4096 2022891.998 2022936.106 2025416.136 0.967889182453 0.969075771689 0.969096901831 0.967889182453 0.969075771689 0.969096901831
263232 2048 1106359.959 1106593.132 1107794.046 0.973284046699 0.974340288965 0.974545637908 0.973284046699 0.974340288965 0.974545637908
289552 2048 1222819.805 1227648.973 1238517.046 0.957600862927 0.966078266739 0.969893509371 0.957600862927 0.966078266739 0.969893509371
318504 2048 1343669.891 1351716.995 1352314.949 0.964710465535 0.965137220902 0.970917330766 0.964710465535 0.965137220902 0.970917330766
350352 2048 1478623.152 1479101.896 1482448.816 0.968021139423 0.970211583043 0.970525715128 0.968021139423 0.970211583043 0.970525715128
385384 2048 1627710.104 1629247.904 1629450.083 0.968751900085 0.968872115855 0.969787470214 0.968751900085 0.968872115855 0.969787470214
423920 2048 1788294.077 1791429.996 1796228.886 0.966678764345 0.969268307373 0.970967998123 0.966678764345 0.969268307373 0.970967998123
466312 2048 1968764.067 1971889.973 1983017.921 0.963185421459 0.968620956622 0.970158884965 0.963185421459 0.968620956622 0.970158884965
512936 2048 2177180.052 2179243.088 2183609.962 0.962161692135 0.964089718843 0.965003263772 0.962161692135 0.964089718843 0.965003263772
564224 1024 1190808.058 1192084.074 1195683.956 0.966418212941 0.969336624155 0.970375321394 0.966418212941 0.969336624155 0.970375321394
620640 1024 1310257.912 1311737.061 1316190.004 0.965719779163 0.968998100146 0.970092001246 0.965719779163 0.968998100146 0.970092001246
682704 1024 1443308.83 1443898.916 1443974.018 0.968284591392 0.968334955104 0.968730851595 0.968284591392 0.968334955104 0.968730851595
750968 1024 1587908.03 1594124.079 1602929.115 0.959482518352 0.964782154827 0.96855890577 0.959482518352 0.964782154827 0.96855890577
826064 1024 1741776.943 1745801.926 1745860.1 0.969023275118 0.969055565127 0.971294905929 0.969023275118 0.969055565127 0.971294905929
908664 1024 1916912.079 1917511.94 1919209.003 0.969641070405 0.970499235588 0.970802934776 0.969641070405 0.970499235588 0.970802934776
999528 1024 2111121.178 2115494.013 2118815.184 0.966121707763 0.96763844824 0.969642749707 0.966121707763 0.96763844824 0.969642749707
1099480 512 1156023.979 1156733.036 1157283.068 0.972854050259 0.973316646936 0.973913638862 0.972854050259 0.973316646936 0.973913638862
1209424 512 1276855.946 1278640.032 1292204.857 0.958400805639 0.968568279583 0.969921610875 0.958400805639 0.968568279583 0.969921610875
1330360 512 1404069.901 1412437.916 1412970.066 0.964131281179 0.964494527206 0.970242748619 0.964131281179 0.964494527206 0.970242748619
1463392 512 1546660.9 1546844.006 1548400.879 0.967781295092 0.968755351016 0.968870039968 0.967781295092 0.968755351016 0.968870039968
1609728 512 1698164.94 1700829.983 1701887.131 0.968549231012 0.969151231149 0.970672184529 0.968549231012 0.969151231149 0.970672184529
1770696 512 1867429.972 1875586.987 1879992.962 0.964467814853 0.96673346348 0.970956197119 0.964467814853 0.96673346348 0.970956197119
1947760 512 2053598.166 2056742.191 2058248.043 0.969031039181 0.969740519122 0.971225175899 0.969031039181 0.969740519122 0.971225175899
2142536 256 1125568.867 1127152.92 1128109.932 0.972403841933 0.973229463842 0.974599124196 0.972403841933 0.973229463842 0.974599124196
2356784 256 1247036.934 1247626.066 1253245.831 0.96283855741 0.967175535109 0.967632453459 0.96283855741 0.967175535109 0.967632453459
2592456 256 1369952.917 1374906.063 1376308.203 0.964418775611 0.965402297451 0.968892766699 0.964418775611 0.965402297451 0.968892766699
2851696 256 1506931.067 1513092.995 1531251.907 0.953512838303 0.964956124194 0.968901885411 0.953512838303 0.964956124194 0.968901885411
3136864 256 1658015.966 1658730.984 1663924.932 0.965232467591 0.968254878876 0.968672437983 0.965232467591 0.968254878876 0.968672437983
3450544 256 1822761.059 1824277.163 1837464.094 0.961476490218 0.968426598672 0.969232099444 0.961476490218 0.968426598672 0.969232099444
3795592 256 2004578.114 2005119.801 2005436.182 0.969037619568 0.969190520701 0.969452420151 0.969037619568 0.969190520701 0.969452420151
4175144 256 2206079.006 2211105.108 2219246.149 0.963243184612 0.966789737976 0.968992371618 0.963243184612 0.966789737976 0.968992371618
4592656 128 1213230.133 1214483.023 1220048.904 0.963666236776 0.968082644001 0.969082372767 0.963666236776 0.968082644001 0.969082372767
5051920 128 1333611.012 1335664.034 1340789.795 0.964574405938 0.968276068741 0.969766677362 0.964574405938 0.968276068741 0.969766677362
5557112 128 1469486.952 1469870.806 1475748.062 0.963999688451 0.967854226503 0.968107045839 0.963999688451 0.967854226503 0.968107045839
6112816 128 1615154.028 1616647.005 1620938.063 0.965416835918 0.967979336961 0.968874094279 0.965416835918 0.967979336961 0.968874094279
6724096 128 1776108.98 1778213.978 1782017.946 0.965965903915 0.968032305053 0.969179591671 0.965965903915 0.968032305053 0.969179591671
7396504 128 1954631.09 1956681.967 1957955.837 0.967082601261 0.967712206651 0.968727568945 0.967082601261 0.967712206651 0.968727568945
8136152 128 2154677.153 2157758.951 2162984.848 0.962954000314 0.965286187799 0.966666820178 0.962954000314 0.965286187799 0.966666820178
8949760 64 1181527.853 1185310.125 1186910.152 0.965169333222 0.966472196464 0.96956603866 0.965169333222 0.966472196464 0.96956603866
9844736 64 1300653.934 1301087.141 1307117.939 0.964049356529 0.968517917279 0.968840500197 0.964049356529 0.968517917279 0.968840500197
10829208 64 1431078.911 1438257.933 1438577.89 0.963547843767 0.963762196054 0.968596918972 0.963547843767 0.963762196054 0.968596918972
11912128 64 1571485.996 1572069.883 1573333.979 0.969121880257 0.969901147836 0.970261515458 0.969121880257 0.969901147836 0.970261515458
13103336 64 1729267.12 1733705.044 1739283.085 0.964320887419 0.967423503672 0.969906261793 0.964320887419 0.967423503672 0.969906261793
14413664 64 1900099.993 1904247.999 1910867.929 0.965503143362 0.968859619634 0.97097468491 0.965503143362 0.968859619634 0.97097468491
15855024 64 2097878.933 2098056.078 2110491.991 0.961597144483 0.967296867458 0.967378546053 0.961597144483 0.967296867458 0.967378546053
17440520 32 1145318.031 1147858.858 1148218.155 0.972109067549 0.972413352235 0.974570599422 0.972109067549 0.972413352235 0.974570599422
19184568 32 1267802.954 1268333.912 1270596.981 0.966327144138 0.968051347034 0.968456768559 0.966327144138 0.968051347034 0.968456768559
21103024 32 1392062.187 1398634.911 1399833.918 0.964824125657 0.965651239918 0.97021063327 0.964824125657 0.965651239918 0.97021063327
23213320 32 1530044.079 1534469.128 1538980.961 0.965348186656 0.968186620956 0.970986718873 0.965348186656 0.968186620956 0.970986718873
25534648 32 1684745.073 1690602.779 1692792.892 0.965397172757 0.966647808876 0.97000875574 0.965397172757 0.966647808876 0.97000875574
28088112 32 1859534.025 1859847.784 1860507.965 0.966208799864 0.966551770239 0.966714856428 0.966208799864 0.966551770239 0.966714856428
30896920 32 2038233.042 2045897.961 2045929.909 0.966505681012 0.966520773613 0.970155443099 0.966505681012 0.966520773613 0.970155443099
33986608 16 1115294.933 1116575.003 1117660.999 0.973078113107 0.974024542084 0.975142470229 0.973078113107 0.974024542084 0.975142470229
37385264 16 1233806.133 1234675.169 1237946.033 0.966381745334 0.968941854536 0.969624332383 0.966381745334 0.968941854536 0.969624332383
41123784 16 1359559.059 1360033.035 1361041.069 0.966878309533 0.967594943751 0.967932271341 0.966878309533 0.967594943751 0.967932271341
45236160 16 1493095.16 1494246.96 1495340.824 0.968044941171 0.968753598803 0.969500912454 0.968044941171 0.968753598803 0.969500912454
49759776 16 1644282.818 1645138.979 1649518.967 0.965319504568 0.967889553603 0.96839352365 0.965319504568 0.967889553603 0.96839352365
54735752 16 1806530.952 1809849.977 1811638.117 0.966828886831 0.967784118164 0.969562166682 0.966828886831 0.967784118164 0.969562166682
60209320 16 1986332.893 1987457.037 1994482.994 0.966013872164 0.969428875257 0.96997751323 0.966013872164 0.969428875257 0.96997751323
66230248 16 2182096.004 2183831.93 2189760.923 0.967853574214 0.970481247611 0.971253295966 0.967853574214 0.970481247611 0.971253295966
72853272 8 1200320.005 1204105.139 1208621.025 0.964448183416 0.968065257962 0.971117991156 0.964448183416 0.968065257962 0.971117991156
80138592 8 1322261.095 1324718.952 1330060.959 0.964029102068 0.967916606058 0.969715797318 0.964029102068 0.967916606058 0.969715797318
88152448 8 1452758.074 1453740.12 1458317.995 0.96716845903 0.970214104017 0.970869956425 0.96716845903 0.970214104017 0.970869956425
96967688 8 1599459.171 1599755.049 1601948.023 0.968497720104 0.969825354807 0.97000475919 0.968497720104 0.969825354807 0.97000475919
106664456 8 1763050.079 1767848.969 1772975.922 0.962580075016 0.965371661226 0.967999330438 0.962580075016 0.965371661226 0.967999330438
117330896 8 1934603.93 1938781.977 1938907.146 0.968222918706 0.968285427795 0.97037657522 0.968222918706 0.968285427795 0.97037657522
129063984 8 2131237.03 2133240.223 2136151.075 0.966703042761 0.96802212978 0.968931993454 0.966703042761 0.96802212978 0.968931993454
141970376 4 1167448.044 1169815.063 1170774.937 0.970095081562 0.970891078362 0.972859575068 0.970095081562 0.970891078362 0.972859575068
156167408 4 1289381.981 1290626.049 1291751.862 0.967166605872 0.968010265226 0.968944255783 0.967166605872 0.968010265226 0.968944255783
171784144 4 1417357.922 1426236.868 1440037.012 0.954331826577 0.963565858403 0.969602053701 0.954331826577 0.963565858403 0.969602053701
188962552 4 1559346.914 1559979.2 1567128.897 0.964630553935 0.969051648894 0.969444581208 0.964630553935 0.969051648894 0.969444581208
207858800 4 1714985.132 1715070.009 1720001.221 0.966784429975 0.969564152643 0.969612137722 0.966784429975 0.969564152643 0.969612137722
228644680 4 1888639.927 1890548.944 1893161.058 0.966192195994 0.967527154378 0.968505120458 0.966192195994 0.967527154378 0.968505120458
251509144 4 2071943.998 2075637.817 2078438.044 0.968069824265 0.969375839812 0.971104023054 0.968069824265 0.969375839812 0.971104023054
276660056 2 1135823.965 1136396.885 1138138.056 0.972325121866 0.973814904464 0.974306105612 0.972325121866 0.973814904464 0.974306105612
304326056 2 1256816.864 1257564.068 1259603.977 0.966418212571 0.967985850563 0.968561338464 0.966418212571 0.967985850563 0.968561338464
334758656 2 1380393.982 1384154.797 1388180.017 0.964597247909 0.967402364896 0.970038004701 0.964597247909 0.967402364896 0.970038004701
368234520 2 1521151.066 1524070.024 1524875.164 0.965940107606 0.966450397164 0.968304932312 0.965940107606 0.966450397164 0.968304932312
405057968 2 1669767.141 1671209.812 1675889.015 0.966789481582 0.969496385413 0.970334025755 0.966789481582 0.969496385413 0.970334025755
445563760 2 1836216.211 1844241.858 1844416.857 0.966297305967 0.966388997337 0.970612844677 0.966297305967 0.966388997337 0.970612844677
490120136 2 2020171.165 2026223.898 2042683.84 0.959757210396 0.96755375649 0.970452691319 0.959757210396 0.96755375649 0.970452691319
539132144 1 1106676.102 1107125.998 1109800.1 0.971584241162 0.97393096174 0.974326892983 0.971584241162 0.97393096174 0.974326892983
593045352 1 1225003.958 1225712.061 1228173.971 0.965735092915 0.967674824895 0.968234181003 0.965735092915 0.967674824895 0.968234181003
652349880 1 1346315.861 1346801.043 1351810.932 0.965149584986 0.968739790321 0.969088902385 0.965149584986 0.968739790321 0.969088902385
717584864 1 1481045.961 1485139.132 1490135.908 0.96311331087 0.96635372207 0.969024436643 0.96311331087 0.96635372207 0.969024436643
789343344 1 1627010.822 1628083.944 1649744.987 0.956927707276 0.969659269608 0.970298824478 0.956927707276 0.969659269608 0.970298824478
868277672 1 1789274.931 1794550.896 1796696.186 0.966526982988 0.967682414509 0.970535781793 0.966526982988 0.967682414509 0.970535781793
955105432 1 1967525.959 1969894.886 1978508.949 0.965480022198 0.969701925507 0.970869459314 0.965480022198 0.969701925507 0.970869459314
1050615968 1 2161088.943 2164878.845 2168895.006 0.968802975795 0.970600244375 0.972302386168 0.968802975795 0.970600244375 0.972302386168

META_DATA
ERT_VERSION  1.1.0
TIMESTAMP_DATA  1535299617.5
TIMESTAMP_DATA  1535298448.59
UNAME  ('Linux', 'atajo-Inspiron-15-7568', '4.15.0-33-generic', '#36-Ubuntu SMP Wed Aug 15 16:00:05 UTC 2018', 'x86_64', 'x86_64')
HOSTNAME  ('atajo-Inspiron-15-7568', [], ['127.0.1.1'])
CONFIG  {'ERT_WORKING_SET_MIN': ['1'], 'ERT_CFLAGS': [], 'ERT_CC': ['gcc'], 'ERT_MPI_CFLAGS': ['-I/usr/include/mpi'], 'ERT_MPI_LDFLAGS': ['-lmpi'], 'ERT_MEMORY_MAX': ['1073741824'], 'ERT_PROCS_THREADS': ['1-4'], 'ERT_LDFLAGS': [], 'ERT_LDLIBS': [], 'ERT_RUN': ['export', 'OMP_NUM_THREADS=ERT_OPENMP_THREADS;', 'mpirun', '-np', 'ERT_MPI_PROCS', 'ERT_CODE'], 'ERT_FLOPS': ['1,2,4,8,16'], 'ERT_OPENMP_CFLAGS': ['-fopenmp'], 'ERT_MPI': ['False'], 'ERT_TRIALS_MIN': ['1'], 'ERT_DRIVER': ['driver1'], 'ERT_RESULTS': ['Results/myLaptop'], 'ERT_OPENMP': ['False'], 'ERT_MPI_PROCS': ['1,2,4,8'], 'ERT_KERNEL': ['kernel1'], 'ERT_GPU': [False], 'ERT_OPENMP_THREADS': ['1,2,4,8'], 'ERT_LD': ['gcc'], 'ERT_NUM_EXPERIMENTS': ['3'], 'ERT_OPENMP_LDFLAGS': ['-fopenmp'], 'ERT_ALIGN': ['64'], 'ERT_GNUPLOT': ['gnuplot']}
TIMESTAMP_DATA  1535299033.64
FLOPS          16
