32 33554432 1300387.972 1301501.94 1306015.001 1.64430243631 1.65000418516 1.65141764938 1.64430243631 1.65000418516 1.65141764938
64 16777216 899908.989 903457.09 928319.747 2.31330169905 2.37696252735 2.3863342563 2.31330169905 2.37696252735 2.3863342563
96 8388608 661101.791 661131.996 665219.582 2.4211745709 2.43614398599 2.43625529068 2.4211745709 2.43614398599 2.43625529068
128 8388608 881322.821 882074.413 933771.342 2.29979605435 2.43458331446 2.43665952683 2.29979605435 2.43458331446 2.43665952683
160 4194304 546121.759 546147.629 548398.703 2.44744794737 2.45753567118 2.4576520856 2.44744794737 2.45753567118 2.4576520856
192 4194304 654237.959 654759.001 656315.463 2.45402222986 2.45985581495 2.46181487002 2.45402222986 2.45985581495 2.46181487002
224 4194304 761383.773 764403.958 818169.854 2.29664804052 2.45818741823 2.46793832314 2.29664804052 2.45818741823 2.46793832314
256 4194304 870023.094 870639.346 872273.751 2.46193771799 2.4665593829 2.46830648843 2.46193771799 2.4665593829 2.46830648843
288 2097152 488291.242 488646.167 489708.982 2.46668857709 2.47205367314 2.47385053857 2.46668857709 2.47205367314 2.47385053857
320 2097152 541887.292 542731.794 544384.365 2.46549564295 2.47300286226 2.4768569033 2.46549564295 2.47300286226 2.4768569033
352 2097152 595284.824 596044.09 599225.56 2.46383850515 2.47698959317 2.48014891104 2.46383850515 2.47698959317 2.48014891104
384 2097152 651918.865 655191.689 673329.318 2.39201337732 2.45823132839 2.470572371 2.39201337732 2.45823132839 2.470572371
416 2097152 703536.805 715952.299 718570.727 2.42819585942 2.43707641757 2.48008412865 2.42819585942 2.43707641757 2.48008412865
448 2097152 769618.556 769904.019 775574.342 2.42278282073 2.44062655296 2.44153181774 2.42278282073 2.44062655296 2.44153181774
480 2097152 811171.789 813063.628 850096.721 2.36827865614 2.47614805369 2.48192299991 2.36827865614 2.47614805369 2.48192299991
512 2097152 875365.924 877304.496 893600.217 2.40318165455 2.4478201785 2.45324108367 2.40318165455 2.4478201785 2.45324108367
544 1048576 461029.783 467494.369 468460.379 2.43531948302 2.44035172111 2.4745704726 2.43531948302 2.44035172111 2.4745704726
576 1048576 487437.406 491356.305 495277.984 2.43895265088 2.45841874767 2.47818394143 2.43895265088 2.45841874767 2.47818394143
608 1048576 524541.854 526465.435 527551.505 2.41695531889 2.42194136829 2.43082302447 2.41695531889 2.42194136829 2.43082302447
640 1048576 554744.598 554940.615 559076.251 2.40070523046 2.41859623124 2.41945083348 2.40070523046 2.41859623124 2.41945083348
704 1048576 593083.657 599311.484 603309.139 2.44716168306 2.4634852617 2.4893537203 2.44716168306 2.4634852617 2.4893537203
768 1048576 654636.806 655288.814 656976.528 2.45155293585 2.4578669765 2.46031497349 2.45155293585 2.4578669765 2.46031497349
832 1048576 702614.574 707567.63 726873.19 2.40046061404 2.46595574758 2.48333941334 2.40046061404 2.46595574758 2.48333941334
896 1048576 753817.051 754660.127 756817.65 2.48282818457 2.48992642485 2.49271118172 2.48282818457 2.48992642485 2.49271118172
960 1048576 817680.04 823693.823 824447.001 2.44195917695 2.44419208179 2.46216835622 2.44195917695 2.44419208179 2.46216835622
1056 524288 451586.484 453525.176 528803.088 2.09396707608 2.44153205731 2.45201372325 2.09396707608 2.44153205731 2.45201372325
1152 524288 485858.772 486204.872 490884.968 2.46077926754 2.48446616142 2.48623596324 2.46077926754 2.48446616142 2.48623596324
1248 524288 526143.412 532203.857 558783.07 2.34191570621 2.45887516745 2.48719801133 2.34191570621 2.45887516745 2.48719801133
1344 524288 573758.44 576875.527 612319.517 2.301553527 2.44296399837 2.45623601458 2.301553527 2.44296399837 2.45623601458
1472 524288 618362.928 624844.999 626444.502 2.46391159484 2.47021881342 2.49611320813 2.46391159484 2.47021881342 2.49611320813
1600 524288 672047.697 672968.403 706325.646 2.37528059402 2.49301689726 2.49643233284 2.37528059402 2.49301689726 2.49643233284
1760 524288 739316.883 742461.159 743655.716 2.4816507428 2.48564350826 2.49621481997 2.4816507428 2.48564350826 2.49621481997
1920 524288 810298.915 814016.986 814877.325 2.47063681641 2.47324804596 2.48459658866 2.47063681641 2.47324804596 2.48459658866
2112 262144 445920.509 447079.006 447927.286 2.47204466128 2.47673507622 2.48316960905 2.47204466128 2.47673507622 2.48316960905
2304 262144 489108.529 489296.795 491946.987 2.45546691802 2.46876653259 2.46971680185 2.45546691802 2.46876653259 2.46971680185
2528 262144 538445.813 538806.561 578282.815 2.29195824192 2.4598810778 2.46152914927 2.29195824192 2.4598810778 2.46152914927
2752 262144 584815.547 585446.34 585654.121 2.46363941491 2.46451378618 2.4671720569 2.46363941491 2.46451378618 2.4671720569
3008 262144 638833.32 639765.867 640788.924 2.46111979301 2.46505539815 2.46865380159 2.46111979301 2.46505539815 2.46865380159
3296 262144 701347.864 703743.828 704229.934 2.45381964692 2.45551460524 2.46390320225 2.45381964692 2.45551460524 2.46390320225
3616 262144 766491.735 766983.726 771710.736 2.45665288762 2.47179352538 2.47338010501 2.45665288762 2.47179352538 2.47338010501
3968 262144 840430.929 841065.044 845561.606 2.4603467911 2.47350047281 2.47536675795 2.4603467911 2.47350047281 2.47536675795
4352 131072 460591.51 463316.621 464964.473 2.45362980238 2.46235648861 2.47692513481 2.45362980238 2.46235648861 2.47692513481
4768 131072 504867.026 505135.298 506556.976 2.46744719986 2.47439170644 2.47570652792 2.46744719986 2.47439170644 2.47570652792
5216 131072 551039.131 551561.009 553536.278 2.47019600764 2.4790423574 2.4813902082 2.47019600764 2.4790423574 2.4813902082
5728 131072 605238.304 605874.086 607964.218 2.4698177747 2.47833810143 2.48094151027 2.4698177747 2.47833810143 2.48094151027
6272 131072 662096.378 662778.087 669696.426 2.45509323952 2.48072047077 2.48327467516 2.45509323952 2.48072047077 2.48327467516
6880 131072 725899.889 726795.97 729764.455 2.47141486221 2.48150897149 2.48457224933 2.47141486221 2.48150897149 2.48457224933
7552 131072 796243.769 799683.312 822771.983 2.40614839701 2.47561935868 2.48631331896 2.40614839701 2.47561935868 2.48631331896
8288 65536 436899.335 437056.052 438265.29 2.4786921547 2.4855501509 2.48644172461 2.4786921547 2.4855501509 2.48644172461
9088 65536 478899.854 479244.123 480877.451 2.47710166805 2.48554396149 2.48733075621 2.47710166805 2.48554396149 2.48733075621
9984 65536 525939.302 526010.073 527995.508 2.47847344944 2.48782849449 2.48816325957 2.47847344944 2.48782849449 2.48816325957
10976 65536 579843.541 579927.992 584052.374 2.46321449247 2.48073259413 2.48109389909 2.46321449247 2.48073259413 2.48109389909
12064 65536 636139.533 636235.814 637103.217 2.48194101961 2.48532473842 2.48570089732 2.48194101961 2.48532473842 2.48570089732
13248 65536 697484.972 698016.812 701432.569 2.47556491207 2.48767913057 2.4895760134 2.47556491207 2.48767913057 2.4895760134
14560 65536 769939.246 770295.739 771042.448 2.47510150051 2.47750081349 2.47864793218 2.47510150051 2.47750081349 2.47864793218
16000 65536 842252.237 845599.472 873054.476 2.40208607555 2.48007723449 2.48993342834 2.40208607555 2.48007723449 2.48993342834
17600 32768 462717.889 464676.425 464835.932 2.48137788109 2.48222965045 2.4927361302 2.48137788109 2.48222965045 2.4927361302
19360 32768 509962.816 510937.079 533052.266 2.38021117426 2.48323524001 2.48797935887 2.38021117426 2.48323524001 2.48797935887
21280 32768 559789.723 560981.314 561628.367 2.48314750811 2.48601164637 2.49130347111 2.48314750811 2.48601164637 2.49130347111
23392 32768 615052.488 616140.3 617178.571 2.48391338266 2.48809907743 2.49249965151 2.48391338266 2.48809907743 2.49249965151
25728 32768 676852.773 679934.45 680610.554 2.47734948877 2.47981288196 2.49110334664 2.47734948877 2.47981288196 2.49110334664
28288 32768 745144.38 745858.981 746487.549 2.48347393132 2.48556686348 2.48795054725 2.48347393132 2.48556686348 2.48795054725
31104 32768 817971.886 818411.047 822639.029 2.47791761896 2.49071875492 2.49205599714 2.47791761896 2.49071875492 2.49205599714
34208 16384 449932.168 452469.844 468696.463 2.39158566895 2.47735348303 2.49132607918 2.39158566895 2.47735348303 2.49132607918
37600 16384 494576.0 495153.375 496927.113 2.47939137907 2.48827305277 2.49117789784 2.47939137907 2.48827305277 2.49117789784
41344 16384 543859.45 544542.381 546262.408 2.48005385719 2.48788751669 2.49101158764 2.48005385719 2.48788751669 2.49101158764
45472 16384 598705.88 599068.274 601491.525 2.47721943547 2.48723987009 2.4887453853 2.47721943547 2.48723987009 2.4887453853
50016 16384 659350.311 661081.414 662187.192 2.47501659319 2.47915650522 2.48566545076 2.47501659319 2.47915650522 2.48566545076
55008 16384 724027.284 727126.335 755006.479 2.38739957091 2.47893943217 2.4895500264 2.38739957091 2.47893943217 2.4895500264
60480 16384 796281.496 797045.324 800566.476 2.47550790523 2.48644409587 2.48882920168 2.47550790523 2.48644409587 2.48882920168
66528 8192 439131.398 439704.123 441685.494 2.46780744853 2.47892774933 2.4821608224 2.46780744853 2.47892774933 2.4821608224
73152 8192 482970.641 484518.279 485332.267 2.46948832685 2.47363705343 2.48156361123 2.46948832685 2.47363705343 2.48156361123
80448 8192 532642.624 533172.749 533895.019 2.46876255648 2.47210690057 2.47456732265 2.46876255648 2.47210690057 2.47456732265
88480 8192 585200.251 585321.817 588638.804 2.46272639546 2.47668253241 2.47719702362 2.46272639546 2.47668253241 2.47719702362
97312 8192 643322.988 645316.329 647925.71 2.46071391117 2.47066397726 2.47831934773 2.46071391117 2.47066397726 2.47831934773
107040 8192 708309.878 709340.158 709802.694 2.47074768076 2.47235876923 2.47595496614 2.47074768076 2.47235876923 2.47595496614
117728 8192 779308.502 784896.629 826806.66 2.33289793771 2.45746443638 2.47508598591 2.33289793771 2.45746443638 2.47508598591
129472 8192 857466.902 857720.763 858731.706 2.47023515398 2.47314666906 2.47387886699 2.47023515398 2.47314666906 2.47387886699
142400 4096 471185.791 472043.186 473602.354 2.46312289233 2.47125863607 2.47575547116 2.46312289233 2.47125863607 2.47575547116
156640 4096 518157.897 519354.637 521319.985 2.4614342763 2.47074886519 2.47645531879 2.4614342763 2.47074886519 2.47645531879
172288 4096 570014.956 570991.936 572919.433 2.46349349438 2.47180950731 2.47604607764 2.46349349438 2.47180950731 2.47604607764
189504 4096 627651.385 627966.676 636646.006 2.43843007475 2.47213240341 2.47337424102 2.43843007475 2.47213240341 2.47337424102
208448 4096 690940.594 691693.54 692529.144 2.4657532911 2.46873205726 2.47142233475 2.4657532911 2.46873205726 2.47142233475
229280 4096 759737.431 762004.355 825859.626 2.27431115515 2.46489635876 2.47225117963 2.27431115515 2.46489635876 2.47225117963
252192 4096 834355.916 834471.298 836700.027 2.46917269909 2.47576743376 2.47610980444 2.46917269909 2.47576743376 2.47610980444
277408 2048 459242.104 459353.217 461468.63 2.46227607714 2.4736153486 2.47421383646 2.46227607714 2.4736153486 2.47421383646
305120 2048 506098.252 507555.745 545138.512 2.29257609303 2.46233351176 2.46942469187 2.29257609303 2.46233351176 2.46942469187
335616 2048 555205.929 556184.652 556926.734 2.46833748872 2.47163083529 2.47598785279 2.46833748872 2.47163083529 2.47598785279
369152 2048 610385.393 610843.321 613421.013 2.46494097847 2.47534275978 2.47719983037 2.46494097847 2.47534275978 2.47719983037
406048 2048 672396.821 673221.458 675227.6 2.46312888869 2.47046880077 2.47349861876 2.46312888869 2.47046880077 2.47349861876
446624 2048 739090.299 739781.441 741153.395 2.46827703461 2.47285455219 2.47516698092 2.46827703461 2.47285455219 2.47516698092
491264 2048 813108.116 813656.336 816143.679 2.46551850584 2.47305558252 2.47472298506 2.46551850584 2.47305558252 2.47472298506
540384 1024 446789.955 448190.543 451942.361 2.44877782545 2.46927662639 2.47701726419 2.44877782545 2.46927662639 2.47701726419
594400 1024 491467.993 492341.048 493028.653 2.4690881404 2.47253647638 2.47692874681 2.4690881404 2.47253647638 2.47692874681
653824 1024 540827.661 541581.285 542348.797 2.46894905899 2.47244797611 2.47589324393 2.46894905899 2.47244797611 2.47589324393
719200 1024 594881.965 596764.24 597772.132 2.46401851333 2.46818006387 2.47598966965 2.46401851333 2.46818006387 2.47598966965
791104 1024 655651.284 656933.648 657802.361 2.46302094376 2.46627798246 2.47110168399 2.46302094376 2.46627798246 2.47110168399
870208 1024 721352.177 721538.422 721828.675 2.46898751148 2.46998071019 2.47061843136 2.46898751148 2.46998071019 2.47061843136
957216 1024 794985.579 796407.619 853609.814 2.29657430813 2.46152638577 2.46592947065 2.29657430813 2.46152638577 2.46592947065
1052928 512 435684.77 437938.03 439053.48 2.45573334711 2.4619882224 2.47472105119 2.45573334711 2.4619882224 2.47472105119
1158208 512 479630.236 481142.024 481596.476 2.46265297008 2.46497901418 2.47274859461 2.46265297008 2.46497901418 2.47274859461
1274016 512 526915.203 527728.781 529631.47 2.46320783015 2.47208875273 2.47590575594 2.46320783015 2.47208875273 2.47590575594
1401408 512 580348.202 582721.091 609114.366 2.35594803226 2.4626563448 2.47272548972 2.35594803226 2.4626563448 2.47272548972
1541536 512 637848.307 639420.74 639818.421 2.46715757501 2.4686919977 2.47477785341 2.46715757501 2.4686919977 2.47477785341
1695680 512 700883.971 702975.504 704294.681 2.46541166197 2.4700381594 2.47740908887 2.46541166197 2.4700381594 2.47740908887
1865248 512 771691.42 774131.884 1226818.824 1.55688347345 2.46729787453 2.47510067172 1.55688347345 2.46729787453 2.47510067172
2051744 512 848907.652 851272.577 891209.01 2.35745580714 2.46805302175 2.47492863452 2.35745580714 2.46805302175 2.47492863452
2256896 256 467058.05 467807.525 469475.856 2.46132093319 2.47009868428 2.47406238261 2.46132093319 2.47009868428 2.47406238261
2482560 256 513897.491 515333.019 515869.709 2.46393749783 2.46650354846 2.47339351186 2.46393749783 2.46650354846 2.47339351186
2730816 256 565351.844 565937.853 567423.226 2.46408276562 2.47055005172 2.47311087217 2.46408276562 2.47055005172 2.47311087217
3003872 256 622381.705 622711.774 623466.143 2.46682595562 2.46981433179 2.47112415363 2.46682595562 2.46981433179 2.47112415363
3304256 256 685083.889 688283.747 689132.663 2.45493961153 2.45796748706 2.46944804741 2.45493961153 2.45796748706 2.46944804741
3634656 256 754378.985 756070.285 757644.478 2.45622310468 2.46133713878 2.46685539895 2.45622310468 2.46133713878 2.46685539895
3998112 256 830515.646 830947.005 832033.789 2.46027669917 2.46349446076 2.46477396767 2.46027669917 2.46349446076 2.46477396767
4397920 128 455952.132 458864.842 461760.72 2.43820548443 2.45359290351 2.46926692734 2.43820548443 2.45359290351 2.46926692734
4837696 128 503901.191 504971.867 505047.826 2.45214435593 2.45251321298 2.45772424856 2.45214435593 2.45251321298 2.45772424856
5321440 128 552957.385 555002.228 555377.572 2.45290539028 2.45456427249 2.46364128042 2.45290539028 2.45456427249 2.46364128042
5853568 128 608205.973 608274.786 611342.381 2.45118521891 2.46354680893 2.46382553695 2.45118521891 2.46354680893 2.46382553695
6438912 128 668141.662 669595.167 670208.338 2.45947622335 2.46172844912 2.46708380236 2.45947622335 2.46172844912 2.46708380236
7082784 128 735459.118 738470.499 766202.696 2.36646609763 2.45533532681 2.465388843 2.36646609763 2.45533532681 2.465388843
7791040 128 808903.261 811244.33 811999.097 2.45629120447 2.45857649322 2.46569192654 2.45629120447 2.45857649322 2.46569192654
8570144 64 444682.729 445319.88 445866.174 2.46033113963 2.46334933891 2.46687887894 2.46033113963 2.46334933891 2.46687887894
9427136 64 488688.043 489094.829 490170.712 2.46174114132 2.46715633953 2.46921001094 2.46174114132 2.46715633953 2.46921001094
10369824 64 537567.171 539075.965 539880.226 2.45857767719 2.46224569111 2.46915649542 2.45857767719 2.46224569111 2.46915649542
11406784 64 590756.579 595989.845 599515.259 2.43541482903 2.44982085559 2.47152279619 2.43541482903 2.44982085559 2.47152279619
12547456 64 652150.282 653301.258 654306.753 2.45461988683 2.45839778867 2.46273659972 2.45461988683 2.45839778867 2.46273659972
13802176 64 716142.684 717008.277 717821.619 2.46116650883 2.46395834563 2.46693650228 2.46116650883 2.46395834563 2.46693650228
15182368 64 786989.617 790234.62 790666.045 2.45785577399 2.45919762918 2.46933766599 2.45785577399 2.45919762918 2.46933766599
16700576 64 865216.223 865597.337 868255.283 2.46203365514 2.46959369747 2.47068151426 2.46203365514 2.46959369747 2.47068151426
18370624 32 476036.624 476425.153 477949.422 2.459925427 2.46779568332 2.46980983547 2.459925427 2.46779568332 2.46980983547
20207680 32 523338.121 525819.57 528942.469 2.44505139178 2.45957281506 2.47123507366 2.44505139178 2.45957281506 2.47123507366
22228448 32 576682.251 578450.467 578497.299 2.45916562525 2.45936472206 2.46690559582 2.45916562525 2.45936472206 2.46690559582
24451264 32 633477.584 634996.478 635797.594 2.46128785445 2.46439303243 2.47030192626 2.46128785445 2.46439303243 2.47030192626
26896384 32 696859.043 698689.122 729450.536 2.3598153556 2.46371171641 2.47018187292 2.3598153556 2.46371171641 2.47018187292
29586016 32 768052.192 768992.618 769413.98 2.46097039204 2.46231885675 2.46533379336 2.46097039204 2.46231885675 2.46533379336
32544608 32 843065.547 843264.031 845703.276 2.46286726221 2.46999140889 2.47057292213 2.46286726221 2.46999140889 2.47057292213
35799040 16 463409.623 466213.924 466351.884 2.45644827287 2.45717517437 2.47204465152 2.45644827287 2.45717517437 2.47204465152
39378944 16 510127.841 510889.204 549418.219 2.29356465516 2.46653520594 2.47021649618 2.29356465516 2.46653520594 2.47021649618
43316832 16 560357.362 562952.352 563479.01 2.45996496657 2.46226633404 2.47366897983 2.45996496657 2.46226633404 2.47366897983
47648512 16 617099.598 617758.161 619652.445 2.46065741579 2.46820273735 2.47083678055 2.46065741579 2.46820273735 2.47083678055
52413344 16 678456.76 678916.037 681144.974 2.46236421323 2.47044835678 2.47212071113 2.46236421323 2.47044835678 2.47212071113
57654656 16 745919.949 746589.863 748999.313 2.46321853702 2.47116801799 2.4733873849 2.46321853702 2.47116801799 2.4733873849
63420096 16 820400.371 823885.704 823974.415 2.46299282484 2.46325802493 2.47372276237 2.46299282484 2.46325802493 2.47372276237
69762080 8 451901.205 452920.021 455403.57 2.45099808945 2.46443793219 2.46999403332 2.45099808945 2.46443793219 2.46999403332
76738272 8 497059.209 498759.465 499244.822 2.45933918169 2.46173243449 2.47015311208 2.45933918169 2.46173243449 2.47015311208
84412096 8 546672.911 546893.461 583995.38 2.31267845989 2.46957338552 2.47056971147 2.31267845989 2.46957338552 2.47056971147
92853280 8 601057.425 602001.86 602910.644 2.46413377303 2.46785363753 2.47173134913 2.46413377303 2.46785363753 2.47173134913
102138592 8 662193.742 662452.035 698328.758 2.34018355005 2.46692195911 2.46788419816 2.34018355005 2.46692195911 2.46788419816
112352448 8 727185.656 727435.879 729556.836 2.46401524774 2.47119948286 2.47204981722 2.46401524774 2.47119948286 2.47204981722
123587680 8 799581.458 799683.309 888262.687 2.22614650929 2.47273246515 2.47304744278 2.22614650929 2.47273246515 2.47304744278
135946432 4 439893.689 440330.529 440784.427 2.46735453746 2.46989791616 2.47235066835 2.46735453746 2.46989791616 2.47235066835
149541056 4 485785.797 485982.036 486497.713 2.45906284045 2.46167215942 2.46266658142 2.45906284045 2.46167215942 2.46266658142
164495136 4 531403.368 533091.441 534479.835 2.46213421316 2.4685466447 2.47638830923 2.46213421316 2.4685466447 2.47638830923
180944640 4 584744.487 585930.346 587611.69 2.46345868306 2.47052764869 2.47553786685 2.46345868306 2.47052764869 2.47553786685
199039104 4 643976.117 646338.774 647928.058 2.45754572956 2.46358859479 2.47262715179 2.45754572956 2.46358859479 2.47262715179
218943008 4 708802.811 709601.566 711882.907 2.46043843275 2.4683486451 2.471130245 2.46043843275 2.4683486451 2.471130245
240837280 4 778922.819 781795.077 782467.1 2.46233770084 2.46445430098 2.47354191327 2.46233770084 2.46445430098 2.47354191327
264920992 4 856896.203 859603.443 861525.984 2.46001626806 2.46551820291 2.47330765218 2.46001626806 2.46551820291 2.47330765218
291413088 2 471390.974 473436.406 475919.596 2.44926319865 2.46210966716 2.47279310868 2.44926319865 2.46210966716 2.47279310868
320554368 2 519689.892 520527.013 551618.654 2.32446358132 2.46330630299 2.46727421822 2.32446358132 2.46330630299 2.46727421822
352609792 2 570907.152 571044.428 571686.943 2.46715302015 2.46992895621 2.47052285658 2.46715302015 2.46992895621 2.47052285658
387870752 2 627714.126 628267.015 629644.933 2.46406018168 2.46946436938 2.47163946729 2.46406018168 2.46946436938 2.47163946729
426657824 2 690020.854 691336.022 692915.229 2.46297270514 2.46859883138 2.47330393872 2.46297270514 2.46859883138 2.47330393872
469323584 2 759550.948 760402.01 761338.981 2.46577987316 2.46881821893 2.47158448152 2.46577987316 2.46881821893 2.47158448152
516255936 2 834691.676 835547.167 838747.176 2.46203361762 2.47146280373 2.47399585185 2.46203361762 2.47146280373 2.47399585185
567881504 1 459571.844 459707.819 461691.145 2.46000604582 2.47061929569 2.47135028577 2.46000604582 2.47061929569 2.47135028577
624669632 1 504468.062 507178.296 549198.364 2.27484156162 2.4633137377 2.47654778986 2.27484156162 2.4633137377 2.47654778986
687136576 1 557191.276 557248.394 562753.649 2.44205107233 2.46617696309 2.46642977231 2.44205107233 2.46617696309 2.46642977231
755850208 1 613030.256 613820.066 614058.652 2.46181763106 2.46277451607 2.46594748172 2.46181763106 2.46277451607 2.46594748172
831435200 1 672128.125 673704.274 711523.174 2.33705726077 2.46824974128 2.47403781831 2.33705726077 2.46824974128 2.47403781831
914578720 1 739945.259 739981.306 740997.763 2.46850602166 2.47189682384 2.47201724418 2.46850602166 2.47189682384 2.47201724418
1006036576 1 813828.761 813934.796 816845.13 2.4632247633 2.47203235675 2.47235444165 2.4632247633 2.47203235675 2.47235444165

META_DATA
ERT_VERSION  1.1.0
MPI_PROCS      4
FLOPS          16
UNAME  ('Linux', 'atajo-Inspiron-15-7568', '4.15.0-33-generic', '#36-Ubuntu SMP Wed Aug 15 16:00:05 UTC 2018', 'x86_64', 'x86_64')
HOSTNAME  ('atajo-Inspiron-15-7568', [], ['127.0.1.1'])
TIMESTAMP_DATA  1535283800.42
TIMESTAMP_DATA  1535284012.46
TIMESTAMP_DATA  1535283588.3
CONFIG  {'ERT_WORKING_SET_MIN': ['1'], 'ERT_CFLAGS': [], 'ERT_CC': ['mpicc'], 'ERT_MPI_CFLAGS': ['-I/usr/include/mpi'], 'ERT_MPI_LDFLAGS': ['-lmpi'], 'ERT_MEMORY_MAX': ['1073741824'], 'ERT_PROCS_THREADS': ['1-4'], 'ERT_LDFLAGS': [], 'ERT_LDLIBS': [], 'ERT_RUN': ['export', 'OMP_NUM_THREADS=ERT_OPENMP_THREADS;', 'mpirun', '-np', 'ERT_MPI_PROCS', 'ERT_CODE'], 'ERT_FLOPS': ['1,2,4,8,16'], 'ERT_OPENMP_CFLAGS': ['-fopenmp'], 'ERT_MPI': ['True'], 'ERT_TRIALS_MIN': ['1'], 'ERT_DRIVER': ['driver1'], 'ERT_RESULTS': ['Results/myLaptop'], 'ERT_OPENMP': ['False'], 'ERT_MPI_PROCS': ['1,2,4,8'], 'ERT_KERNEL': ['kernel1'], 'ERT_GPU': [False], 'ERT_OPENMP_THREADS': ['1,2,4,8'], 'ERT_LD': ['mpicc'], 'ERT_NUM_EXPERIMENTS': ['3'], 'ERT_OPENMP_LDFLAGS': ['-fopenmp'], 'ERT_ALIGN': ['64'], 'ERT_GNUPLOT': ['gnuplot']}
