16 67108864 2450981.399 2460472.168 2477847.141 0.866673174655 0.872793310133 0.876172968459 0.866673174655 0.872793310133 0.876172968459
32 33554432 1248954.216 1264938.785 1277338.311 1.68121759874 1.69769768582 1.71942543649 1.68121759874 1.69769768582 1.71942543649
48 16777216 880990.159 898589.236 963342.245 1.67190086842 1.79237928908 1.82818470734 1.67190086842 1.79237928908 1.82818470734
64 16777216 1175412.168 1201048.087 1573776.199 1.36454195289 1.78800805001 1.8270047788 1.36454195289 1.78800805001 1.8270047788
80 8388608 720096.658 728349.212 1011898.433 1.32639525493 1.84276615926 1.86388488974 1.32639525493 1.84276615926 1.86388488974
96 8388608 852997.589 868970.783 894536.898 1.80049893928 1.85347167881 1.88817970504 1.80049893928 1.85347167881 1.88817970504
112 8388608 993990.886 1016792.35 1057162.817 1.77744445963 1.84801566613 1.89040786839 1.77744445963 1.84801566613 1.89040786839
128 8388608 1132217.17 1158400.415 1205778.5 1.78099348098 1.85383535796 1.89670648432 1.78099348098 1.85383535796 1.89670648432
144 4194304 637610.606 653192.797 671389.765 1.79919268206 1.84931548166 1.89450981623 1.79919268206 1.84931548166 1.89450981623
160 4194304 705658.139 723247.016 738744.813 1.8168347938 1.85576608034 1.90202196477 1.8168347938 1.85576608034 1.90202196477
176 4194304 774193.199 793772.082 808554.893 1.82596756359 1.85997346276 1.90701107928 1.82596756359 1.85997346276 1.90701107928
192 4194304 846012.58 869791.581 895991.925 1.79757505739 1.8517226094 1.90376925128 1.79757505739 1.8517226094 1.90376925128
208 4194304 911555.972 940700.805 965836.505 1.80654847375 1.85481978407 1.9141232328 1.80654847375 1.85481978407 1.9141232328
224 4194304 983519.289 1016083.229 1037368.134 1.81136101102 1.84930538992 1.91053516999 1.81136101102 1.84930538992 1.91053516999
240 4194304 1057154.982 1085213.517 1117131.37 1.80217472543 1.8551795462 1.90441889248 1.80217472543 1.8551795462 1.90441889248
256 4194304 1121671.42 1159321.128 1192134.093 1.80137759721 1.85236307364 1.91453897256 1.80137759721 1.85236307364 1.91453897256
272 2097152 596667.912 607444.047 624193.966 1.82771822565 1.87811650083 1.91203626851 1.82771822565 1.87811650083 1.91203626851
288 2097152 642644.825 646383.937 661822.712 1.82520111519 1.86879574639 1.87966899446 1.82520111519 1.86879574639 1.87966899446
304 2097152 677377.201 690777.716 702286.236 1.8155964771 1.84584474349 1.88236098605 1.8155964771 1.84584474349 1.88236098605
320 2097152 701693.295 718991.28 733567.322 1.82965794651 1.86675042846 1.9127691394 1.82965794651 1.86675042846 1.9127691394
352 2097152 770474.865 788248.721 824248.145 1.7912020997 1.873006538 1.91621436995 1.7912020997 1.873006538 1.91621436995
384 2097152 851269.081 868846.987 874948.076 1.84080950651 1.85373576717 1.89201366753 1.84080950651 1.85373576717 1.89201366753
416 2097152 911938.664 936976.357 941497.761 1.85324972217 1.86219262734 1.91331997741 1.85324972217 1.86219262734 1.91331997741
448 2097152 981010.35 1005966.913 1006885.687 1.86619813576 1.86790257981 1.91542137348 1.86619813576 1.86790257981 1.91542137348
480 2097152 1062910.374 1086215.709 1094842.827 1.83886295855 1.8534678732 1.89410694377 1.83886295855 1.8534678732 1.89410694377
528 1048576 587712.396 601245.999 624550.84 1.77294814943 1.84166922997 1.88407844302 1.77294814943 1.84166922997 1.88407844302
576 1048576 629692.98 643954.612 653144.322 1.84945273397 1.87584579641 1.91833098092 1.84945273397 1.87584579641 1.91833098092
624 1048576 680533.705 697345.838 705960.652 1.85367675138 1.87657655168 1.92293612849 1.85367675138 1.87657655168 1.92293612849
672 1048576 748366.499 764477.444 770070.337 1.83007457408 1.84346334226 1.88314969455 1.83007457408 1.84346334226 1.88314969455
736 1048576 802432.242 821382.837 827015.753 1.86635365336 1.87915281702 1.9235317217 1.86635365336 1.87915281702 1.9235317217
800 1048576 877538.819 903217.739 1033814.614 1.6228456991 1.85749407652 1.91184887059 1.6228456991 1.85749407652 1.91184887059
880 1048576 961976.303 984698.46 987430.166 1.86898661145 1.87417146971 1.91843993895 1.86898661145 1.87417146971 1.91843993895
960 1048576 1059610.29 1084397.126 1171407.175 1.71867303101 1.85657622261 1.9000060107 1.71867303101 1.85657622261 1.9000060107
1056 524288 576797.859 590564.121 600022.491 1.84542458426 1.87498057641 1.91973017708 1.84542458426 1.87498057641 1.91973017708
1152 524288 630394.355 640562.178 788459.321 1.5320505698 1.88578032467 1.91619665122 1.5320505698 1.88578032467 1.91619665122
1264 524288 695848.2 705205.028 809366.284 1.63757755938 1.87945350838 1.90472586406 1.63757755938 1.87945350838 1.90472586406
1376 524288 758176.056 770811.94 906100.436 1.59236274333 1.87184512995 1.90304160173 1.59236274333 1.87184512995 1.90304160173
1504 524288 827976.696 843861.493 856152.852 1.84202890911 1.8688591873 1.90471339546 1.84202890911 1.8688591873 1.90471339546
1648 524288 907210.12 922642.375 947568.205 1.82367162478 1.87293939106 1.90479935122 1.82367162478 1.87293939106 1.90479935122
1808 524288 1008059.303 1013129.025 1101840.657 1.72059852389 1.87125761993 1.88066853047 1.72059852389 1.87125761993 1.88066853047
1984 524288 1091888.211 1111023.451 1194965.389 1.74094982428 1.87248503362 1.90530016081 1.74094982428 1.87248503362 1.90530016081
2176 262144 598942.211 607712.484 643670.084 1.77241527354 1.87728690464 1.90477589832 1.77241527354 1.87728690464 1.90477589832
2384 262144 657342.467 664436.638 695962.927 1.79593271927 1.88114640361 1.90144811076 1.79593271927 1.88114640361 1.90144811076
2608 262144 718018.646 729710.113 873713.662 1.56497850894 1.87381684814 1.90432812799 1.56497850894 1.87381684814 1.90432812799
2864 262144 788368.865 798311.984 842466.88 1.78233811637 1.88091981844 1.9046424823 1.78233811637 1.88091981844 1.9046424823
3136 262144 862514.888 876878.263 917708.16 1.79160133871 1.87502329271 1.90624786989 1.79160133871 1.87502329271 1.90624786989
3440 262144 945680.447 961093.094 1044265.996 1.72709896416 1.87656193896 1.90714604042 1.72709896416 1.87656193896 1.90714604042
3776 262144 1039472.42 1051799.75 1126210.706 1.7578517745 1.88221330914 1.90453488703 1.7578517745 1.88221330914 1.90453488703
4144 131072 570871.955 578503.507 597273.723 1.81880550603 1.87781875625 1.90292188377 1.81880550603 1.87781875625 1.90292188377
4544 131072 624661.687 632581.707 691977.322 1.72141817098 1.88304897663 1.90692395706 1.72141817098 1.88304897663 1.90692395706
4992 131072 685735.943 695612.514 705591.659 1.85464614173 1.88125259633 1.90834804761 1.85464614173 1.88125259633 1.90834804761
5488 131072 764911.875 767075.578 777632.209 1.85003431616 1.87549481858 1.88080002288 1.85003431616 1.87549481858 1.88080002288
6032 131072 828986.292 854467.653 855186.583 1.84901475237 1.85057047209 1.90745326341 1.84901475237 1.85057047209 1.90745326341
6624 131072 908972.516 941455.314 970665.848 1.78891825604 1.84442302272 1.91033482909 1.78891825604 1.84442302272 1.91033482909
7280 131072 998598.664 1032588.741 1088383.716 1.75343336357 1.84817850924 1.91108639416 1.75343336357 1.84817850924 1.91108639416
8000 131072 1099343.823 1140782.374 1216020.3 1.72460278829 1.83834537401 1.90763977213 1.72460278829 1.83834537401 1.90763977213
8800 65536 602947.824 615737.075 656903.059 1.75586577684 1.87325669808 1.91299073334 1.75586577684 1.87325669808 1.91299073334
9680 65536 664281.421 686648.079 700957.115 1.81006360139 1.84778345531 1.90999916585 1.81006360139 1.84778345531 1.90999916585
10640 65536 740784.562 754291.731 764750.6 1.82360900403 1.84889482767 1.88260683543 1.82360900403 1.84889482767 1.88260683543
11696 65536 802595.93 818834.912 920520.084 1.66538257953 1.87219436975 1.91007461501 1.66538257953 1.87219436975 1.91007461501
12864 65536 881290.076 890637.747 902794.794 1.86765610436 1.89314927835 1.91322954146 1.86765610436 1.89314927835 1.91322954146
14144 65536 968104.16 972034.558 1006063.918 1.84270833575 1.90721857854 1.91496167933 1.84270833575 1.90721857854 1.91496167933
15552 65536 1064561.105 1066650.178 1096799.213 1.85852772307 1.91105930139 1.91480952519 1.85852772307 1.91105930139 1.91480952519
17104 32768 586010.304 586278.824 612274.743 1.83075940469 1.91193626328 1.91281234536 1.83075940469 1.91193626328 1.91281234536
18800 32768 643634.178 644767.672 665335.749 1.85181211419 1.91088488692 1.91425011616 1.85181211419 1.91088488692 1.91425011616
20672 32768 709938.467 710212.34 735652.673 1.84157584377 1.90754245695 1.9082783297 1.84157584377 1.90754245695 1.9082783297
22736 32768 781473.584 791028.391 817690.418 1.82223793162 1.8836574173 1.9066882445 1.82223793162 1.8836574173 1.9066882445
25008 32768 857210.714 857938.412 893416.282 1.83444640647 1.91030529124 1.91192697575 1.83444640647 1.91030529124 1.91192697575
27504 32768 944402.715 945097.32 978968.854 1.84122522043 1.9072132635 1.9086160124 1.84122522043 1.9072132635 1.9086160124
30240 32768 1035717.605 1037876.824 1087731.809 1.82196440667 1.90948347065 1.91346427871 1.82196440667 1.90948347065 1.91346427871
33264 16384 569297.191 571396.2 593622.534 1.83617482419 1.90759888148 1.91463223292 1.83617482419 1.90759888148 1.91463223292
36576 16384 627875.326 629688.513 645462.828 1.85684181336 1.90335752242 1.90885406445 1.85684181336 1.90335752242 1.90885406445
40224 16384 689113.704 690839.404 718862.515 1.83353562677 1.90791090428 1.91268875419 1.83353562677 1.90791090428 1.91268875419
44240 16384 757743.906 772886.878 784373.957 1.84816987747 1.87563841652 1.91312171371 1.84816987747 1.87563841652 1.91312171371
48656 16384 834170.088 834728.964 863111.767 1.84722288463 1.91003292896 1.91131260991 1.84722288463 1.91003292896 1.91131260991
53520 16384 917469.497 918091.896 954799.441 1.83676621989 1.91020459677 1.91150045395 1.83676621989 1.91020459677 1.91150045395
58864 16384 1008334.48 1027814.877 1052877.411 1.83198493181 1.87665658005 1.91291242168 1.83198493181 1.87665658005 1.91291242168
64736 16384 1110429.386 1146414.073 1265451.731 1.67629408221 1.85035171668 1.91031440157 1.67629408221 1.85035171668 1.91031440157
71200 8192 611997.852 631866.465 635484.909 1.83567034162 1.84618248414 1.9061191084 1.83567034162 1.84618248414 1.9061191084
78320 8192 674644.634 694025.12 786323.848 1.63189108821 1.84891705361 1.90203081049 1.63189108821 1.84891705361 1.90203081049
86144 8192 742353.239 761867.405 763561.652 1.84842087381 1.85253140735 1.9012287168 1.84842087381 1.85253140735 1.9012287168
94752 8192 827216.736 831974.675 846461.194 1.83400819672 1.86594233532 1.87667475819 1.83400819672 1.86594233532 1.87667475819
104224 8192 899704.59 924415.604 931117.453 1.8339319175 1.84722759829 1.8979629925 1.8339319175 1.84722759829 1.8979629925
114640 8192 988283.502 1016494.407 1124421.363 1.67042518206 1.84778366419 1.90052930783 1.67042518206 1.84778366419 1.90052930783
126096 8192 1087785.867 1116418.179 1121525.236 1.84209574398 1.85052241433 1.89923120595 1.84209574398 1.85052241433 1.89923120595
138704 4096 598032.214 617401.322 635847.036 1.78700710024 1.84039639617 1.90000327976 1.78700710024 1.84039639617 1.90000327976
152560 4096 657784.941 670290.534 672412.707 1.85863757033 1.86452210886 1.89996979575 1.85863757033 1.86452210886 1.89996979575
167808 4096 723602.245 736977.326 747087.045 1.84005752101 1.86529909063 1.89977732311 1.84005752101 1.86529909063 1.89977732311
184576 4096 805812.108 811575.12 816690.976 1.85143051219 1.86310121483 1.87642575358 1.85143051219 1.86310121483 1.87642575358
203024 4096 876586.076 895857.825 899460.202 1.84907859659 1.85651401549 1.89732948485 1.84907859659 1.85651401549 1.89732948485
223312 4096 963068.944 982207.971 991473.048 1.84510502599 1.86250973115 1.89952330557 1.84510502599 1.86250973115 1.89952330557
245632 4096 1059693.636 1076471.375 1082260.071 1.85927338347 1.86927157631 1.89886706463 1.85927338347 1.86927157631 1.89886706463
270192 2048 582249.001 595408.715 599373.9 1.84643747751 1.85873401601 1.90074423503 1.84643747751 1.85873401601 1.90074423503
297200 2048 641080.289 651112.65 654001.115 1.86135951771 1.86961687812 1.89887479133 1.86135951771 1.86961687812 1.89887479133
326912 2048 705178.614 720690.671 720882.066 1.85749044838 1.85798374515 1.89885445392 1.85749044838 1.85798374515 1.89885445392
359600 2048 775533.375 790310.054 791605.849 1.86067548877 1.8637262585 1.89923689616 1.86067548877 1.8637262585 1.89923689616
395552 2048 853152.743 866834.016 871368.825 1.85935156907 1.86907869568 1.89905149493 1.85935156907 1.86907869568 1.89905149493
435104 2048 938870.355 956848.573 966418.69 1.84411373915 1.86255802045 1.89822372653 1.84411373915 1.86255802045 1.89822372653
478608 2048 1032895.673 1051997.307 1052444.3 1.86269085024 1.86348230642 1.89794421571 1.86269085024 1.86348230642 1.89794421571
526464 1024 569335.469 577623.188 578272.259 1.86451667916 1.86661182307 1.89378377197 1.86451667916 1.86661182307 1.89378377197
579104 1024 627997.976 635029.175 641644.24 1.84838407028 1.86763858842 1.88854906755 1.84838407028 1.86763858842 1.88854906755
637008 1024 686843.203 697891.793 705974.36 1.84793167843 1.86933332228 1.89940350039 1.84793167843 1.86933332228 1.89940350039
700704 1024 756979.841 767588.424 823693.394 1.74220383756 1.86954590133 1.89574637827 1.74220383756 1.86954590133 1.89574637827
770768 1024 831765.384 842146.053 847057.813 1.86354796541 1.87441698311 1.89781024116 1.86354796541 1.87441698311 1.89781024116
847840 1024 915272.347 930877.858 940819.847 1.84559916071 1.86531058299 1.89711436786 1.84559916071 1.86531058299 1.89711436786
932624 1024 1006712.24 1022762.013 1074682.443 1.77728217711 1.86750576158 1.89727896027 1.77728217711 1.86750576158 1.89727896027
1025872 1024 1108428.117 1126353.213 1191966.22 1.76262197766 1.86529929666 1.89546423785 1.76262197766 1.86529929666 1.89546423785
1128448 512 609206.932 619396.787 641259.703 1.80197000777 1.86557433983 1.89677873199 1.80197000777 1.86557433983 1.89677873199
1241280 512 669530.874 679889.695 793682.909 1.60148430259 1.86952490874 1.89844974946 1.60148430259 1.86952490874 1.89844974946
1365408 512 737779.041 748660.051 763751.468 1.83067116802 1.86757366061 1.89511725639 1.83067116802 1.86757366061 1.89511725639
1501936 512 823889.016 840850.128 842890.628 1.82465246725 1.82908037091 1.86673500208 1.82465246725 1.82908037091 1.86673500208
1652128 512 892114.425 908104.406 925487.471 1.82798700686 1.86297859676 1.89637004468 1.82798700686 1.86297859676 1.89637004468
1817328 512 980533.74 997951.392 1021875.136 1.82110691066 1.86476404254 1.89788866623 1.82110691066 1.86476404254 1.89788866623
1999056 512 1078694.664 1105284.634 1109223.185 1.8454657022 1.85204180085 1.89769488282 1.8454657022 1.85204180085 1.89769488282
2198960 256 593345.213 605165.869 610319.603 1.84471793871 1.86042798788 1.89749153668 1.84471793871 1.86042798788 1.89749153668
2418848 256 652559.837 662117.302 695473.652 1.78072910805 1.87043922921 1.8978338932 1.78072910805 1.87043922921 1.8978338932
2660720 256 717712.273 736650.572 761078.625 1.78994468541 1.84930100075 1.89809857132 1.78994468541 1.84930100075 1.89809857132
2926784 256 789784.508 804350.926 814455.709 1.83989551727 1.86300948947 1.89736996968 1.83989551727 1.86300948947 1.89736996968
3219456 256 868610.837 882218.361 950346.333 1.73448501327 1.86842798208 1.89769848796 1.73448501327 1.86842798208 1.89769848796
3541392 256 957209.147 972884.388 1023444.646 1.77165683663 1.86372885244 1.89424924499 1.77165683663 1.86372885244 1.89424924499
3895520 256 1052374.791 1070989.539 1082306.818 1.84282886038 1.86230226101 1.89524326985 1.84282886038 1.86230226101 1.89524326985
4285072 128 579154.269 598311.304 598903.643 1.83164428005 1.83345764097 1.89410402498 1.83164428005 1.83345764097 1.89410402498
4713568 128 636662.021 646736.66 660644.983 1.82650809293 1.86578785869 1.89531237642 1.82650809293 1.86578785869 1.89531237642
5184912 128 700658.557 711647.235 727636.131 1.82417751875 1.8651621291 1.89441413188 1.82417751875 1.8651621291 1.89441413188
5703392 128 771627.156 784216.793 849177.377 1.71939148586 1.86181724879 1.89219410002 1.71939148586 1.86181724879 1.89219410002
6273728 128 847533.355 862791.032 912521.062 1.76004087454 1.86148709065 1.89499841927 1.76004087454 1.86148709065 1.89499841927
6901088 128 932302.69 950683.026 1071845.981 1.64825782745 1.85832551932 1.89496238394 1.64825782745 1.85832551932 1.89496238394
7591184 128 1025297.266 1051358.635 1689345.045 1.15035297836 1.84841122649 1.89539479763 1.15035297836 1.84841122649 1.89539479763
8350288 128 1128341.532 1175547.819 1210897.305 1.76536335424 1.81844897626 1.8945272042 1.76536335424 1.81844897626 1.8945272042
9185312 64 620984.75 636659.169 664250.271 1.76999541789 1.84670227533 1.89331531249 1.76999541789 1.84670227533 1.89331531249
10103840 64 682463.423 708531.865 712141.041 1.8160609283 1.82531172398 1.89503418999 1.8160609283 1.82531172398 1.89503418999
11114224 64 751170.582 780800.974 789119.694 1.80279453525 1.82200166159 1.89387165324 1.80279453525 1.82200166159 1.89387165324
12225632 64 825615.18 851810.879 869933.891 1.79885036345 1.83712245826 1.89541197147 1.79885036345 1.83712245826 1.89541197147
13448192 64 908465.166 933393.257 960530.778 1.79210142499 1.84420506908 1.89480966406 1.79210142499 1.84420506908 1.89480966406
14793008 64 999393.705 1048808.208 1056385.276 1.79243791732 1.8053873049 1.89465374309 1.79243791732 1.8053873049 1.89465374309
16272304 64 1098660.288 1131268.704 1158463.987 1.79794532707 1.84116727055 1.89581341453 1.79794532707 1.84116727055 1.89581341453
17899520 32 604461.646 622891.096 637941.91 1.79572663599 1.83911648016 1.89518935995 1.79572663599 1.83911648016 1.89518935995
19689472 32 665312.405 686457.263 691012.337 1.82359437094 1.83569506205 1.89403684424 1.82359437094 1.83569506205 1.89403684424
21658416 32 731769.454 759066.171 771360.335 1.79700531788 1.82611039321 1.89422859402 1.79700531788 1.82611039321 1.89422859402
23824256 32 805020.537 827772.022 859755.956 1.77347114999 1.8419955537 1.89405401964 1.77347114999 1.8419955537 1.89405401964
26206672 32 885141.938 914288.749 941528.921 1.7813866049 1.83446095102 1.89486785791 1.7813866049 1.83446095102 1.89486785791
28827328 32 973427.378 1023333.491 1033946.917 1.78437496323 1.80288147337 1.8953124123 1.78437496323 1.80288147337 1.8953124123
31710048 32 1070672.682 1101470.423 1132624.429 1.79180584494 1.84248530839 1.89548412518 1.79180584494 1.84248530839 1.89548412518
34881040 16 599818.652 606648.126 619983.317 1.80036018614 1.83993526422 1.86088457949 1.80036018614 1.83993526422 1.86088457949
38369136 16 647625.691 668957.507 685558.373 1.79096689699 1.8354115757 1.89586727189 1.79096689699 1.8354115757 1.89586727189
42206048 16 713125.302 734480.626 777362.085 1.73740598115 1.83884160887 1.89390774975 1.73740598115 1.83884160887 1.89390774975
46426640 16 784680.963 807176.172 849189.849 1.74949392265 1.84055542214 1.8933204067 1.74949392265 1.84055542214 1.8933204067
51069296 16 865901.837 889270.635 920447.924 1.7754589145 1.83770542699 1.88730107983 1.7754589145 1.83770542699 1.88730107983
56176224 16 947676.567 977975.197 1013415.025 1.77384301955 1.83812347544 1.89689101809 1.77384301955 1.83812347544 1.89689101809
61793840 16 1042914.635 1073726.278 1100241.892 1.79724376465 1.84162660495 1.89603522056 1.79724376465 1.84162660495 1.89603522056
67973216 8 573513.063 590495.47 608209.29 1.7881533115 1.84179474908 1.89633249208 1.7881533115 1.84179474908 1.89633249208
74770528 8 631840.278 650865.468 677075.89 1.76690451642 1.83805795025 1.89340326924 1.76690451642 1.83805795025 1.89340326924
82247568 8 693989.218 723329.779 756629.051 1.73924208469 1.81930998309 1.89622699297 1.73924208469 1.81930998309 1.89622699297
90472320 8 764070.082 789700.935 828137.601 1.7479669058 1.83304470825 1.89453448591 1.7479669058 1.83304470825 1.89453448591
99519552 8 840762.277 877146.239 945490.83 1.68411240117 1.81533336313 1.89389185928 1.68411240117 1.81533336313 1.89389185928
109471504 8 924058.011 952233.835 1159445.803 1.5106735127 1.83940540613 1.89549145524 1.5106735127 1.83940540613 1.89549145524
120418640 8 1016644.723 1054489.703 1074686.238 1.79280070022 1.82713803133 1.89515392783 1.79280070022 1.82713803133 1.89515392783
132460496 8 1117747.431 1159568.977 1694429.001 1.25078591947 1.82772045306 1.8961062913 1.25078591947 1.82772045306 1.8961062913
145706544 4 614971.981 634669.751 644072.074 1.80981663242 1.83662818366 1.89545603379 1.80981663242 1.83662818366 1.89545603379
160277184 4 678197.597 698692.021 704486.447 1.82007400917 1.83516833377 1.89062520668 1.82007400917 1.83516833377 1.89062520668
176304896 4 744250.432 770662.379 780192.235 1.80780979959 1.83016481203 1.89511367056 1.80780979959 1.83016481203 1.89511367056
193935376 4 818734.867 850761.078 851838.992 1.82133363531 1.82364126442 1.89497610342 1.82133363531 1.82364126442 1.89497610342
213328912 4 901247.805 927372.214 968794.315 1.76160333476 1.84028728728 1.89363157007 1.76160333476 1.84028728728 1.89363157007
234661792 4 998960.037 1026822.833 1163792.749 1.61308303185 1.82825534812 1.8792486851 1.61308303185 1.82825534812 1.8792486851
258127968 4 1090147.188 1131874.265 1265279.254 1.63206955103 1.8244285676 1.894261405 1.63206955103 1.8244285676 1.894261405
283940752 2 599505.279 621078.486 627578.4 1.80975477805 1.82869481652 1.89450042858 1.80975477805 1.82869481652 1.89450042858
312334816 2 659202.463 675351.35 855198.909 1.46087565226 1.84991007125 1.89522845275 1.46087565226 1.84991007125 1.89522845275
343568288 2 724682.928 742531.046 755722.94 1.81848807183 1.85079554505 1.89637853867 1.81848807183 1.85079554505 1.89637853867
377925104 2 798908.988 816848.8 837717.003 1.8045478492 1.85064900138 1.89220604438 1.8045478492 1.85064900138 1.89220604438
415717600 2 876477.373 897930.481 911915.983 1.82349079411 1.85189213997 1.89721999817 1.82349079411 1.85189213997 1.89721999817
457289360 2 964165.625 987191.194 1013669.827 1.80449036883 1.85289075826 1.89714027608 1.80449036883 1.85289075826 1.89714027608
503018288 2 1061704.013 1086245.261 1461700.709 1.3765288199 1.85231938333 1.89513567563 1.3765288199 1.85231938333 1.89513567563
553320112 1 589998.508 607709.298 923623.036 1.19815138955 1.82100262024 1.87566613982 1.19815138955 1.82100262024 1.87566613982
608652112 1 642207.203 659348.328 747350.686 1.62882599401 1.84622326668 1.89550073296 1.62882599401 1.84622326668 1.89550073296
669517312 1 706265.128 722105.098 821127.676 1.63072645477 1.85434866435 1.89593761735 1.63072645477 1.85434866435 1.89593761735
736469040 1 777010.114 795120.652 1131441.772 1.30182402352 1.85247116434 1.89564852949 1.30182402352 1.85247116434 1.89564852949
810115936 1 855726.845 874661.751 1179722.754 1.3734005439 1.85240965453 1.89339843838 1.3734005439 1.85240965453 1.89339843838
891127520 1 940282.042 963768.319 986914.282 1.80588635964 1.84925671955 1.89544728113 1.80588635964 1.84925671955 1.89544728113
980240272 1 1036733.656 1059009.69 1416887.197 1.38365322811 1.85123947638 1.89101659105 1.38365322811 1.85123947638 1.89101659105

META_DATA
ERT_VERSION  1.1.0
TIMESTAMP_DATA  1535294268.9
OPENMP_THREADS 1
HOSTNAME  ('atajo-Inspiron-15-7568', [], ['127.0.1.1'])
TIMESTAMP_DATA  1535294871.27
MPI_PROCS      2
UNAME  ('Linux', 'atajo-Inspiron-15-7568', '4.15.0-33-generic', '#36-Ubuntu SMP Wed Aug 15 16:00:05 UTC 2018', 'x86_64', 'x86_64')
FLOPS          16
TIMESTAMP_DATA  1535294571.05
CONFIG  {'ERT_WORKING_SET_MIN': ['1'], 'ERT_CFLAGS': [], 'ERT_CC': ['mpicc'], 'ERT_MPI_CFLAGS': ['-I/usr/include/mpi'], 'ERT_MPI_LDFLAGS': ['-lmpi'], 'ERT_MEMORY_MAX': ['1073741824'], 'ERT_PROCS_THREADS': ['1-4'], 'ERT_LDFLAGS': [], 'ERT_LDLIBS': [], 'ERT_RUN': ['export', 'OMP_NUM_THREADS=ERT_OPENMP_THREADS;', 'mpirun', '-np', 'ERT_MPI_PROCS', 'ERT_CODE'], 'ERT_FLOPS': ['1,2,4,8,16'], 'ERT_OPENMP_CFLAGS': ['-fopenmp'], 'ERT_MPI': ['True'], 'ERT_TRIALS_MIN': ['1'], 'ERT_DRIVER': ['driver1'], 'ERT_RESULTS': ['Results/myLaptop'], 'ERT_OPENMP': ['True'], 'ERT_MPI_PROCS': ['1,2,4'], 'ERT_KERNEL': ['kernel1'], 'ERT_GPU': [False], 'ERT_OPENMP_THREADS': ['1,2,4'], 'ERT_LD': ['mpicc'], 'ERT_NUM_EXPERIMENTS': ['3'], 'ERT_OPENMP_LDFLAGS': ['-fopenmp'], 'ERT_ALIGN': ['64'], 'ERT_GNUPLOT': ['gnuplot']}
