64 16777216 1390503.933 1391386.723 1435551.257 1.49592962113 1.54341249094 1.54439235808 1.49592962113 1.54341249094 1.54439235808
128 8388608 999284.813 1017101.915 1021804.653 2.10165773046 2.11137509067 2.1490205996 2.10165773046 2.11137509067 2.1490205996
192 4194304 732160.966 732971.301 735072.567 2.19109351689 2.19737489558 2.19980688782 2.19109351689 2.19737489558 2.19980688782
256 4194304 947936.342 949929.638 976165.157 2.19991835664 2.26067654076 2.26543023287 2.19991835664 2.26067654076 2.26543023287
320 2097152 602092.045 603456.37 606216.143 2.21402431377 2.22414965973 2.22918952533 2.21402431377 2.22414965973 2.22918952533
384 2097152 720069.489 726326.767 736075.627 2.18810768476 2.21747677378 2.23674625936 2.18810768476 2.21747677378 2.23674625936
448 2097152 836631.559 842527.889 844102.946 2.22608889224 2.23025043626 2.24596857695 2.22608889224 2.23025043626 2.24596857695
512 2097152 958866.932 963498.39 969518.749 2.21499960699 2.22883989251 2.23960549304 2.21499960699 2.22883989251 2.23960549304
576 1048576 537054.964 541191.813 544529.598 2.21835425739 2.23203589371 2.24922891133 2.21835425739 2.23203589371 2.24922891133
640 1048576 592706.211 597479.783 612721.812 2.19051656676 2.24639781661 2.26448998693 2.19051656676 2.24639781661 2.26448998693
704 1048576 660149.588 665934.444 668933.237 2.20708872924 2.21702754874 2.23645524414 2.20708872924 2.21702754874 2.23645524414
768 1048576 713714.215 713861.013 716433.101 2.24809927647 2.25619932546 2.25666338452 2.24809927647 2.25619932546 2.25666338452
832 1048576 772450.304 776682.251 777349.923 2.24458819944 2.24651775131 2.25882552569 2.24458819944 2.24651775131 2.25882552569
896 1048576 829769.872 833773.831 842266.116 2.23094358933 2.25366654857 2.26454135708 2.23094358933 2.25366654857 2.26454135708
960 1048576 890407.498 892021.019 898620.749 2.24039554199 2.25697139094 2.2610612832 2.24039554199 2.25697139094 2.2610612832
1024 1048576 945544.008 950370.663 952873.274 2.25369281162 2.25962746074 2.2711620293 2.25369281162 2.25962746074 2.2711620293
1088 524288 503616.214 511406.346 518641.871 2.19968874823 2.2308105813 2.26531762935 2.19968874823 2.2308105813 2.26531762935
1152 524288 534225.457 536244.854 538760.041 2.24211051317 2.25262684199 2.26114187591 2.24211051317 2.25262684199 2.26114187591
1216 524288 564783.467 573310.164 573420.157 2.22361980205 2.22404641687 2.25762347962 2.22361980205 2.22404641687 2.25762347962
1280 524288 605541.461 606901.588 614853.212 2.18292310068 2.21152375696 2.2164911347 2.18292310068 2.21152375696 2.2164911347
1408 524288 653498.561 654084.808 665360.898 2.21893864283 2.25719201844 2.25921692274 2.21893864283 2.25719201844 2.25921692274
1536 524288 713447.877 719311.101 732641.905 2.19836283593 2.23910451787 2.25750582197 2.19836283593 2.23910451787 2.25750582197
1664 524288 772714.408 778797.002 779025.879 2.23975930843 2.2404175408 2.25805348773 2.23975930843 2.2404175408 2.25805348773
1792 524288 819357.284 828099.975 830061.969 2.2637444699 2.26910789606 2.29331968934 2.2637444699 2.26910789606 2.29331968934
1920 524288 881539.779 888539.074 901811.974 2.2324674966 2.26581585314 2.2838060947 2.2324674966 2.26581585314 2.2838060947
2112 262144 490286.696 499680.382 501579.558 2.20761838942 2.21600906477 2.25846686242 2.20761838942 2.21600906477 2.25846686242
2304 262144 523071.847 537215.165 541801.976 2.22952223415 2.24855817687 2.30935684826 2.22952223415 2.24855817687 2.30935684826
2496 262144 580008.661 583795.513 585480.522 2.23512618922 2.24157743398 2.25621259818 2.23512618922 2.24157743398 2.25621259818
2688 262144 627128.717 631171.435 632365.621 2.22859386595 2.2328103996 2.24720397232 2.22859386595 2.2328103996 2.24720397232
2944 262144 669911.179 676390.296 680259.618 2.26899235403 2.28197222983 2.30404256622 2.26899235403 2.28197222983 2.30404256622
3200 262144 739350.799 740821.419 764950.467 2.193242141 2.26467750118 2.26918210174 2.193242141 2.26467750118 2.26918210174
3520 262144 813596.449 826473.349 831981.607 2.21819057594 2.23297431458 2.26831589822 2.21819057594 2.23297431458 2.26831589822
3840 262144 880110.039 880123.512 888640.906 2.26555620657 2.28748112344 2.28751614092 2.26555620657 2.28748112344 2.28751614092
4224 131072 478737.547 490367.968 504540.636 2.19466218773 2.25809255143 2.31295051524 2.19466218773 2.25809255143 2.31295051524
4608 131072 531315.661 539547.822 540487.598 2.23494406989 2.23883686069 2.27352521423 2.23494406989 2.23883686069 2.27352521423
5056 131072 590537.245 599584.34 603852.676 2.19490633507 2.2105314892 2.2443970727 2.19490633507 2.2105314892 2.2443970727
5504 131072 627379.49 654943.386 655811.222 2.20008521904 2.20300045293 2.29978920095 2.20008521904 2.20300045293 2.29978920095
6016 131072 667168.752 697625.051 703372.685 2.24213754334 2.26061019704 2.36380720661 2.24213754334 2.26061019704 2.36380720661
6592 131072 763903.682 764204.478 767192.883 2.25243649451 2.26124459846 2.26213498994 2.25243649451 2.26124459846 2.26213498994
7232 131072 836243.069 843387.256 843957.815 2.24635091269 2.24787058912 2.26707458427 2.24635091269 2.24787058912 2.26707458427
7936 131072 912720.115 918730.673 924978.439 2.24910624538 2.26440114077 2.27931295674 2.24910624538 2.26440114077 2.27931295674
8704 65536 503295.757 508721.122 512522.023 2.22595446986 2.2425856499 2.26675999575 2.22595446986 2.2425856499 2.26675999575
9536 65536 542946.62 552714.516 554398.024 2.25452209043 2.26138911828 2.302072701 2.25452209043 2.26138911828 2.302072701
10432 65536 603188.064 608130.095 613938.88 2.22716486697 2.24843847598 2.26686034689 2.22716486697 2.24843847598 2.26686034689
11456 65536 661961.752 664943.104 683962.062 2.19538614117 2.25817941861 2.26834983662 2.19538614117 2.25817941861 2.26834983662
12544 65536 699918.691 726611.195 742050.334 2.21570841312 2.26278810362 2.34908309943 2.21570841312 2.26278810362 2.34908309943
13760 65536 796022.693 796744.146 798037.996 2.25998101474 2.26365104664 2.26570264373 2.25998101474 2.26365104664 2.26570264373
15104 65536 871172.301 878931.109 900687.15 2.19800125715 2.25240803031 2.27246835755 2.19800125715 2.25240803031 2.27246835755
16576 32768 479587.356 486481.941 489782.482 2.21797384742 2.23302171046 2.26512380364 2.21797384742 2.23302171046 2.26512380364
18176 32768 518486.726 525519.992 527192.22 2.25948390513 2.26667368346 2.29742108383 2.25948390513 2.26667368346 2.29742108383
19968 32768 576153.331 576160.569 583747.565 2.24176155322 2.27128151146 2.27131004472 2.24176155322 2.27128151146 2.27131004472
21952 32768 630497.6 634796.621 642233.636 2.24006684072 2.26631053854 2.2817632803 2.24006684072 2.26631053854 2.2817632803
24128 32768 698344.567 698609.182 707295.654 2.23563173202 2.26342946635 2.26428711946 2.23563173202 2.26342946635 2.26428711946
26496 32768 769541.26 770376.306 775855.79 2.23809872708 2.25401773455 2.25646361834 2.23809872708 2.25401773455 2.25646361834
29120 32768 838508.448 842069.398 842191.472 2.26600290248 2.26633140277 2.27595598417 2.26600290248 2.26633140277 2.27595598417
32000 32768 928324.73 933143.335 946705.975 2.21520942656 2.24740607508 2.25907156432 2.21520942656 2.24740607508 2.25907156432
35200 16384 489797.368 514991.448 520634.926 2.21543646498 2.2397140855 2.35491996356 2.21543646498 2.2397140855 2.35491996356
38720 16384 554313.729 560937.275 568153.046 2.23316053471 2.26188740978 2.28891491158 2.23316053471 2.26188740978 2.28891491158
42560 16384 607358.32 617977.335 619574.054 2.25091104283 2.25672690731 2.29618337985 2.25091104283 2.25672690731 2.29618337985
46784 16384 675645.095 677494.558 679828.506 2.25500710616 2.26277553657 2.26896949796 2.25500710616 2.26277553657 2.26896949796
51456 16384 736967.098 741629.609 745672.629 2.26119364239 2.27352061937 2.28790432107 2.26119364239 2.27352061937 2.28790432107
56576 16384 813950.735 818360.003 823699.726 2.25067741251 2.26536287356 2.27763461384 2.25067741251 2.26536287356 2.27763461384
62208 16384 897434.901 899187.243 913496.635 2.23146059427 2.26697137873 2.27139789385 2.23146059427 2.26697137873 2.27139789385
68416 8192 468174.611 486507.949 494860.776 2.2651375869 2.30402760387 2.3942514559 2.2651375869 2.30402760387 2.3942514559
75200 8192 542951.62 552146.391 563140.214 2.1878686149 2.23143141037 2.26922022997 2.1878686149 2.23143141037 2.26922022997
82688 8192 596635.423 598161.35 601902.822 2.25079554786 2.26487417149 2.2706667083 2.25079554786 2.26487417149 2.2706667083
90944 8192 664445.482 669217.399 678072.453 2.19744437251 2.22652085589 2.24251129154 2.19744437251 2.22652085589 2.24251129154
100032 8192 711981.529 720779.114 728606.923 2.24939433907 2.27382322291 2.30191967241 2.24939433907 2.27382322291 2.30191967241
110016 8192 793561.893 798710.967 804039.803 2.24180710616 2.25676398406 2.2714071327 2.24180710616 2.25676398406 2.2714071327
120960 8192 872288.274 880357.574 883395.693 2.24339857632 2.25114055758 2.27196524254 2.24339857632 2.25114055758 2.27196524254
133056 4096 483019.586 484362.552 486001.114 2.24278241469 2.25036957853 2.25662640521 2.24278241469 2.25036957853 2.25662640521
146304 4096 527621.051 529348.534 532770.574 2.2496031622 2.26414600404 2.27155903982 2.2496031622 2.26414600404 2.27155903982
160896 4096 585425.523 589904.067 590268.158 2.23298515113 2.23436335793 2.25145638551 2.23298515113 2.23436335793 2.25145638551
176960 4096 638129.098 639690.169 644444.811 2.24946542397 2.26618508499 2.27172890963 2.24946542397 2.26618508499 2.27172890963
194624 4096 687741.59 697602.833 705546.526 2.25975148236 2.28548356254 2.31825416869 2.25975148236 2.28548356254 2.31825416869
214080 4096 769350.102 781251.21 792729.101 2.21228583357 2.24478802407 2.27951274126 2.21228583357 2.24478802407 2.27951274126
235456 4096 843097.309 853116.582 860743.35 2.24091833181 2.26095189415 2.28782079057 2.24091833181 2.26095189415 2.28782079057
258944 4096 941620.575 943581.145 954581.439 2.2221982969 2.24810474355 2.25278557449 2.2221982969 2.24810474355 2.25278557449
284800 2048 515797.123 517689.579 517983.545 2.25208080693 2.2533596335 2.26162719407 2.25208080693 2.2533596335 2.26162719407
313280 2048 566586.779 567467.19 568687.583 2.25641445032 2.26126708753 2.26478083775 2.25641445032 2.26126708753 2.26478083775
344576 2048 621636.566 624664.259 628203.65 2.24669706392 2.25942700525 2.27043158848 2.24669706392 2.25942700525 2.27043158848
379008 2048 689332.865 690213.077 693627.402 2.23811337834 2.24918480935 2.25205680278 2.23811337834 2.24918480935 2.25205680278
416896 2048 756781.964 758102.937 760240.826 2.24613827303 2.25247249768 2.25640421843 2.24613827303 2.25247249768 2.25640421843
458560 2048 828176.446 830293.707 857235.122 2.19106953483 2.26216547731 2.2679487796 2.19106953483 2.26216547731 2.2679487796
504384 2048 918542.943 919106.909 919401.317 2.24706754907 2.24778732895 2.24916742298 2.24706754907 2.24778732895 2.24916742298
554816 1024 502356.802 503328.068 505710.2 2.24686622496 2.25750010826 2.26186480103 2.24686622496 2.25750010826 2.26186480103
610240 1024 552288.207 553397.522 569095.121 2.19606788722 2.25836125085 2.2628973499 2.19606788722 2.25836125085 2.2628973499
671232 1024 610348.118 610520.287 617329.931 2.2268208084 2.25165840558 2.25229356077 2.2268208084 2.25165840558 2.25229356077
738304 1024 667106.92 669934.443 670812.421 2.25405276448 2.2570067979 2.26657308846 2.25405276448 2.2570067979 2.26657308846
812096 1024 736659.976 738015.208 745248.493 2.23170207471 2.25357498053 2.25772087827 2.23170207471 2.25357498053 2.25772087827
893248 1024 815198.115 815203.8 819723.953 2.23169262934 2.24406694866 2.24408259825 2.23169262934 2.24406694866 2.24408259825
982528 1024 888355.624 898104.437 903288.968 2.22765628197 2.24051598133 2.26510339963 2.22765628197 2.24051598133 2.26510339963
1080768 512 489484.857 490194.557 490205.362 2.25763836504 2.25768812851 2.26096153165 2.25763836504 2.25768812851 2.26096153165
1188800 512 537980.949 538522.504 539329.694 2.25711881534 2.26050200494 2.26277752449 2.25711881534 2.26050200494 2.26277752449
1307648 512 591044.893 591487.494 611459.383 2.18989451994 2.26383747008 2.2655327334 2.18989451994 2.26383747008 2.2655327334
1438400 512 651853.049 651853.562 652773.174 2.25640644969 2.25958970828 2.25959148655 2.25640644969 2.25958970828 2.25959148655
1582208 512 700606.251 714594.37 728659.544 2.22350891488 2.26727365904 2.31254144491 2.22350891488 2.26727365904 2.31254144491
1740416 512 760743.224 776219.164 789050.111 2.25864740294 2.29598297318 2.34269057913 2.25864740294 2.29598297318 2.34269057913
1914432 512 864153.359 864932.108 868903.937 2.25615086377 2.26651126703 2.26855377877 2.25615086377 2.26651126703 2.26855377877
2105856 256 476969.962 477018.628 480278.784 2.24494253737 2.26028546625 2.26051608676 2.24494253737 2.26028546625 2.26051608676
2316416 256 528120.968 528297.429 531582.672 2.2310828672 2.24495696344 2.24570707066 2.2310828672 2.24495696344 2.24570707066
2548032 256 579643.201 580970.974 583085.654 2.23739406904 2.24553797416 2.25068176725 2.23739406904 2.24553797416 2.25068176725
2802816 256 634215.581 640045.73 642081.708 2.23498314018 2.24209259548 2.26270346392 2.23498314018 2.24209259548 2.26270346392
3083072 256 681207.209 701336.299 703826.936 2.24278552476 2.25075026952 2.31725801363 2.24278552476 2.25075026952 2.31725801363
3391360 256 770235.863 770413.154 789070.551 2.20053367573 2.25382486135 2.25434364123 2.20053367573 2.25382486135 2.25434364123
3730496 256 843491.083 860454.483 866987.059 2.20304782196 2.21977337528 2.26441510823 2.20304782196 2.21977337528 2.26441510823
4103488 256 927774.839 932648.238 937495.62 2.24106204998 2.25270983249 2.26454282621 2.24106204998 2.25270983249 2.26454282621
4513792 128 512491.631 515174.25 515314.014 2.24238177229 2.24299011839 2.25473096945 2.24238177229 2.24299011839 2.25473096945
4965120 128 565016.521 566353.615 570343.879 2.22860412253 2.24430583002 2.24961690987 2.22860412253 2.24430583002 2.24961690987
5461632 128 620741.048 621217.93 622440.716 2.24628266767 2.25070418042 2.25243327553 2.24628266767 2.25070418042 2.25243327553
6007744 128 683112.206 685077.101 693206.915 2.21864847381 2.24497718834 2.25143461131 2.21864847381 2.24497718834 2.25143461131
6608512 128 749869.282 750056.947 753875.207 2.24411024038 2.25553416813 2.25609864627 2.24411024038 2.25553416813 2.25609864627
7269312 128 823092.83 826021.712 828554.845 2.24601169522 2.25289946374 2.26091614964 2.24601169522 2.25289946374 2.26091614964
7996224 128 905958.374 906904.194 910699.199 2.24776012348 2.25716603534 2.25952251532 2.24776012348 2.25716603534 2.25952251532
8795840 64 505179.167 509973.806 510388.53 2.20590286384 2.20769676159 2.22864993956 2.20590286384 2.20769676159 2.22864993956
9675392 64 551239.334 551857.571 552158.843 2.2429237378 2.24414820251 2.24666510463 2.2429237378 2.24414820251 2.24666510463
10642880 64 604308.912 608830.122 611204.355 2.22885951132 2.23755131485 2.25429182484 2.22885951132 2.23755131485 2.25429182484
11707136 64 665387.216 674177.946 677450.784 2.21198859517 2.22272682886 2.25209227344 2.21198859517 2.22272682886 2.25209227344
12877824 64 732220.84 735555.62 749817.59 2.19834996402 2.24097461454 2.25118076672 2.19834996402 2.24097461454 2.25118076672
14165568 64 805311.934 808950.368 811102.04 2.23546806022 2.24141402949 2.25154083461 2.23546806022 2.24141402949 2.25154083461
15582080 64 869808.427 883234.209 884272.879 2.2555325255 2.25818499745 2.293040833 2.2555325255 2.25818499745 2.293040833
17140288 32 496054.749 496450.443 500685.299 2.1909539469 2.20964337421 2.21140596721 2.1909539469 2.20964337421 2.21140596721
18854272 32 534995.479 535894.691 541718.569 2.2274913157 2.251698754 2.25548337391 2.2274913157 2.251698754 2.25548337391
20739648 32 579048.707 587729.849 595074.183 2.2305411828 2.25841425998 2.29227257734 2.2305411828 2.25841425998 2.29227257734
22813568 32 637347.89 639106.238 645912.704 2.26047319237 2.28454717727 2.29084990303 2.26047319237 2.28454717727 2.29084990303
25094912 32 706036.848 709798.992 718629.42 2.23491318794 2.26271717219 2.27477414607 2.23491318794 2.26271717219 2.27477414607
27604352 32 768770.753 787585.594 788053.255 2.24182631921 2.24315749483 2.2980563726 2.24182631921 2.24315749483 2.2980563726
30364736 32 858467.806 858807.885 867105.057 2.24118529619 2.26283798501 2.26373440031 2.24118529619 2.26283798501 2.26373440031
33401152 32 952987.541 955039.15 1508821.522 1.41678369299 2.23831005043 2.24312872523 1.41678369299 2.23831005043 2.24312872523
36741248 16 520585.124 520834.22 832895.843 1.41160499945 2.25737843416 2.25845857247 1.41160499945 2.25737843416 2.25845857247
40415360 16 576332.469 577161.658 701622.097 1.84328789747 2.24077864854 2.2440025325 1.84328789747 2.24077864854 2.2440025325
44456896 16 618644.616 628839.133 658462.27 2.1605196483 2.26229666276 2.29957658275 2.1605196483 2.26229666276 2.29957658275
48902528 16 695662.792 703972.448 715882.633 2.18594616473 2.22292917918 2.24948195303 2.18594616473 2.22292917918 2.24948195303
53792768 16 758960.878 764747.932 767064.186 2.24409978646 2.25089667323 2.26805969306 2.24409978646 2.25089667323 2.26805969306
59172032 16 836630.011 837560.207 844563.629 2.24199214717 2.26073899903 2.26325257175 2.24199214717 2.26073899903 2.26325257175
65089216 16 918725.353 934423.493 989252.492 2.10548361399 2.22902669678 2.26711378455 2.10548361399 2.22902669678 2.26711378455
71598080 8 509420.703 509606.195 521737.98 2.19567929481 2.24795006662 2.24876859785 2.19567929481 2.24795006662 2.24876859785
78757888 8 555896.438 559139.355 607168.159 2.07541549951 2.25368898957 2.26683626996 2.07541549951 2.25368898957 2.26683626996
86633664 8 613632.573 614062.443 615095.849 2.25353272381 2.25732519518 2.25890652646 2.25353272381 2.25732519518 2.25890652646
95297024 8 675113.37 677539.092 683200.855 2.23177762856 2.25042717388 2.25851309092 2.23177762856 2.25042717388 2.25851309092
104826688 8 741987.408 744329.849 745971.146 2.24838053991 2.25333836908 2.26045211808 2.24838053991 2.25333836908 2.26045211808
115309312 8 815515.406 816328.829 819052.865 2.25253957448 2.26005615196 2.26231040938 2.25253957448 2.26005615196 2.26231040938
126840192 8 901550.61 902998.553 904022.297 2.24490378029 2.24744886385 2.25105839815 2.24490378029 2.24744886385 2.25105839815
139524160 4 487336.029 494601.045 505304.003 2.20895396311 2.25675479517 2.29039761803 2.20895396311 2.25675479517 2.29039761803
153476544 4 542024.828 542943.217 546521.016 2.24659677497 2.2614010334 2.26523267676 2.24659677497 2.2614010334 2.26523267676
168824192 4 598936.58 599296.812 613839.381 2.20023930983 2.25363043647 2.25498588849 2.20023930983 2.25363043647 2.25498588849
185706560 4 657490.757 660522.594 660704.228 2.24858933399 2.24920766299 2.2595792628 2.24858933399 2.24920766299 2.2595792628
204277184 4 722705.36 723067.949 724202.652 2.25657482403 2.2601160434 2.26124996776 2.25657482403 2.2601160434 2.26124996776
224704896 4 793909.381 796371.686 803922.815 2.23608427881 2.2572866409 2.26428760136 2.23608427881 2.2572866409 2.26428760136
247175360 4 875854.707 877027.908 877603.365 2.25318516184 2.25466357679 2.25768368223 2.25318516184 2.25466357679 2.25768368223
271892864 2 481549.287 484954.361 488833.363 2.22483066484 2.24262640665 2.25848419956 2.22483066484 2.24262640665 2.25848419956
299082112 2 530224.568 536338.972 536509.081 2.22983820846 2.23054543946 2.25626747646 2.22983820846 2.23054543946 2.25626747646
328990272 2 588662.815 588784.404 600095.007 2.19292124189 2.2350474623 2.23550911399 2.19292124189 2.2350474623 2.23550911399
361889280 2 640027.012 640369.723 640431.318 2.26028471643 2.26050212558 2.2617125416 2.26028471643 2.26050212558 2.2617125416
398078208 2 689668.352 705218.003 718593.644 2.21587380475 2.25790156409 2.30880948413 2.21587380475 2.25790156409 2.30880948413
437886016 2 774939.94 778442.619 778472.812 2.24997461311 2.25006188157 2.26023201746 2.24997461311 2.25006188157 2.26023201746
481674560 2 850599.729 865967.303 867922.657 2.21989623668 2.22490876194 2.26510563584 2.21989623668 2.22490876194 2.26510563584
529841984 2 937727.378 939148.824 939751.48 2.25524298828 2.25669018779 2.26011097225 2.25524298828 2.25669018779 2.26011097225
582826176 1 515757.193 517928.972 526180.523 2.21530881712 2.25060271778 2.26007968056 2.21530881712 2.25060271778 2.26007968056
641108736 1 561497.621 567799.754 568592.322 2.25507349007 2.25822125312 2.28356706074 2.25507349007 2.25822125312 2.28356706074
705219584 1 623993.15 629436.268 637936.688 2.21093910184 2.24079742415 2.26034399256 2.21093910184 2.24079742415 2.26034399256
775741504 1 686650.159 687210.492 691878.953 2.24241971991 2.25765326063 2.25949559272 2.24241971991 2.25765326063 2.25949559272
853315648 1 756363.833 760079.317 768814.01 2.21982335624 2.24533316172 2.25636290571 2.21982335624 2.24533316172 2.25636290571
938647168 1 819182.923 830699.418 837065.004 2.24271033555 2.25989605304 2.29166683447 2.24271033555 2.25989605304 2.29166683447
1032511872 1 913884.381 924519.38 925318.938 2.23168862021 2.23361866573 2.25961159522 2.23168862021 2.23361866573 2.25961159522

META_DATA
ERT_VERSION  1.1.0
OPENMP_THREADS 8
UNAME  ('Linux', 'atajo-Inspiron-15-7568', '4.15.0-33-generic', '#36-Ubuntu SMP Wed Aug 15 16:00:05 UTC 2018', 'x86_64', 'x86_64')
HOSTNAME  ('atajo-Inspiron-15-7568', [], ['127.0.1.1'])
TIMESTAMP_DATA  1535276394.31
TIMESTAMP_DATA  1535275946.2
CONFIG  {'ERT_WORKING_SET_MIN': ['1'], 'ERT_CFLAGS': [], 'ERT_CC': ['gcc'], 'ERT_MPI_CFLAGS': ['-I/usr/include/mpi'], 'ERT_MPI_LDFLAGS': ['-mpicc'], 'ERT_MEMORY_MAX': ['1073741824'], 'ERT_PROCS_THREADS': ['1-4'], 'ERT_LDFLAGS': [], 'ERT_LDLIBS': [], 'ERT_RUN': ['export', 'OMP_NUM_THREADS=ERT_OPENMP_THREADS;', 'mpirun', '-np', 'ERT_MPI_PROCS', 'ERT_CODE'], 'ERT_FLOPS': ['1,2,4,8,16'], 'ERT_OPENMP_CFLAGS': ['-fopenmp'], 'ERT_MPI': ['False'], 'ERT_TRIALS_MIN': ['1'], 'ERT_DRIVER': ['driver1'], 'ERT_RESULTS': ['Results/myLaptop'], 'ERT_OPENMP': ['True'], 'ERT_MPI_PROCS': ['1,2,4,8'], 'ERT_KERNEL': ['kernel1'], 'ERT_GPU': [False], 'ERT_OPENMP_THREADS': ['1,2,4,8'], 'ERT_LD': ['gcc'], 'ERT_NUM_EXPERIMENTS': ['3'], 'ERT_OPENMP_LDFLAGS': ['-fopenmp'], 'ERT_ALIGN': ['64'], 'ERT_GNUPLOT': ['gnuplot']}
FLOPS          16
TIMESTAMP_DATA  1535276171.37
