32 33554432 320385.355 323818.211 407063.018 5.27555575682 6.63175687794 6.7028146402 0.329722234801 0.414484804871 0.418925915013
64 16777216 251283.709 256717.962 274901.586 7.81182705872 8.36514761675 8.54605201645 0.48823919117 0.522821726047 0.534128251028
96 8388608 174811.683 174823.911 179602.396 8.96765729116 9.21277144978 9.21341587907 0.560478580698 0.575798215611 0.575838492442
128 8388608 222562.2 222751.084 224217.512 9.5776803018 9.64073264847 9.64891454164 0.598605018862 0.602545790529 0.603057158853
160 4194304 135688.962 135903.976 136646.252 9.82227657441 9.87592357121 9.8915730522 0.6138922859 0.617245223201 0.618223315762
192 4194304 159828.037 160049.949 161668.304 9.96245210811 10.0631880614 10.0771602169 0.622653256757 0.628949253836 0.629822513556
224 4194304 183927.269 184011.451 185978.374 10.1035843662 10.2115829302 10.2162566879 0.631474022888 0.63822393314 0.638516042991
256 4194304 207867.467 207917.976 234296.563 9.16566432091 10.328513625 10.331023315 0.572854020057 0.645532101563 0.645688957185
288 2097152 116118.3 116438.889 116865.335 10.3363375632 10.3741933848 10.4028353154 0.646021097702 0.648387086551 0.65017720721
320 2097152 127900.986 127920.256 128077.061 10.4794509612 10.4922967008 10.4938775062 0.654965685073 0.655768543803 0.655867344134
352 2097152 139953.345 140244.282 140411.941 10.514739683 10.5273098264 10.5491941475 0.657171230188 0.657956864152 0.65932463422
384 2097152 152058.856 152089.091 152578.361 10.5559708824 10.5899293987 10.5920350736 0.65974818015 0.661870587418 0.662002192099
416 2097152 163966.088 164194.771 167171.036 10.4373969663 10.6265897103 10.6414105824 0.652337310394 0.664161856896 0.665088161401
448 2097152 176224.311 176768.94 177690.411 10.574842961 10.6299680928 10.6628204777 0.660927685062 0.664373005801 0.666426279856
480 2097152 187953.698 188377.451 189646.455 10.6158900782 10.6874039823 10.7114993822 0.663493129887 0.667962748896 0.669468711384
512 2097152 199959.468 200262.764 202145.293 10.6234660037 10.723329715 10.7395947263 0.663966625233 0.670208107185 0.671224670392
544 1048576 106042.783 106308.23 106974.606 10.6646869819 10.7315368528 10.7584001072 0.666542936368 0.670721053299 0.672400006703
576 1048576 112580.88 112802.265 129604.617 9.32034351832 10.7086462493 10.7297042979 0.582521469895 0.669290390579 0.67060651862
608 1048576 125186.668 127738.795 128060.258 9.95678468803 9.9818415854 10.1853371159 0.622299043002 0.623865099088 0.636583569746
640 1048576 124157.62 131000.777 135320.371 9.91851611167 10.2455673221 10.8102690757 0.619907256979 0.640347957631 0.675641817232
704 1048576 136190.862 136216.118 136309.861 10.8311680253 10.838621961 10.8406319361 0.676948001583 0.677413872564 0.677539496005
768 1048576 148288.343 148560.961 157075.12 10.2537737103 10.8414264768 10.8613576996 0.640860856894 0.677589154798 0.678834856223
832 1048576 160683.864 160920.87 161101.955 10.8305977044 10.8427854262 10.8587783525 0.676912356526 0.677674089135 0.678673647032
896 1048576 167180.371 172387.707 176361.063 10.654552428 10.9001286965 11.2396460228 0.665909526753 0.681258043533 0.702477876425
960 1048576 185932.605 186118.915 203747.359 9.88118780965 10.8170946516 10.8279337021 0.617574238103 0.676068415722 0.676745856382
1056 524288 109253.071 109364.326 127939.511 8.6548420214 10.1248395752 10.1351499401 0.540927626337 0.63280247345 0.633446871255
1152 524288 111200.747 111286.377 126949.339 9.51528823636 10.8545141334 10.8628726388 0.594705514772 0.678407133337 0.678929539925
1248 524288 120845.918 120900.93 138847.001 9.42492699572 10.8239270616 10.8288543764 0.589057937233 0.67649544135 0.676803398523
1344 524288 129518.515 139361.925 161268.333 8.73876549589 10.1124187543 10.8809628029 0.546172843493 0.632026172141 0.68006017518
1472 524288 141645.204 142392.641 143697.595 10.7413340634 10.8397727661 10.8969723535 0.671333378962 0.677485797879 0.681060772096
1600 524288 155566.396 158285.207 175091.917 9.58194774919 10.5993581573 10.7846015794 0.598871734325 0.662459884833 0.674037598711
1760 524288 168629.759 170484.726 207082.255 8.91188750094 10.824980063 10.9440573891 0.556992968808 0.676561253939 0.684003586816
1920 524288 184077.706 189030.436 223837.403 8.99432308013 10.6504855123 10.9370437287 0.562145192508 0.665655344518 0.683565233043
2112 262144 101316.687 102494.666 103499.288 10.6985881487 10.8034525036 10.9290610341 0.668661759296 0.675215781473 0.683066314634
2304 262144 110451.525 111009.746 112086.441 10.7770354846 10.8815630656 10.9365583861 0.673564717788 0.680097691603 0.683534899133
2528 262144 125827.437 126271.607 126375.637 10.4877814701 10.4964219233 10.5334742215 0.655486341881 0.656026370204 0.658342138845
2752 262144 130903.152 136500.7 143071.484 10.0847529896 10.5702064238 11.0221988849 0.630297061852 0.660637901491 0.688887430304
3008 262144 146914.411 147183.612 147413.265 10.6982116162 10.7149042109 10.7345378392 0.66863822601 0.669681513184 0.670908614949
3296 262144 159853.963 159868.276 167323.655 10.3276087771 10.8092317703 10.810199607 0.645475548571 0.675576985643 0.675637475438
3616 262144 175456.9 176178.632 176619.363 10.7339613041 10.7608135361 10.8050775319 0.670872581507 0.672550846007 0.675317345741
3968 262144 191520.415 191525.924 195567.845 10.637611638 10.8621054558 10.8624178994 0.664850727378 0.678881590985 0.678901118714
4352 131072 104743.705 105436.703 106907.468 10.6713844163 10.8202424349 10.8918305687 0.666961526018 0.676265152183 0.680739410545
4768 131072 114803.335 119199.595 119406.61 10.4676164242 10.4857956271 10.8873369576 0.654226026516 0.655362226692 0.680458559849
5216 131072 125102.049 127271.221 130716.983 10.4603324879 10.7435372526 10.9298218129 0.653770780496 0.671471078289 0.683113863307
5728 131072 137325.429 137348.224 138757.726 10.8214574805 10.9325099974 10.9343247127 0.676341092531 0.683281874835 0.683395294545
6272 131072 150171.341 150421.159 161975.583 10.1507099869 10.9304248081 10.9486081502 0.634419374184 0.683151550508 0.684288009388
6880 131072 164308.341 165257.879 180744.316 9.97846438502 10.9135535983 10.976623031 0.623654024063 0.682097099891 0.686038939435
7552 131072 180557.09 182987.625 192886.987 10.2635824157 10.8188271639 10.9644627525 0.641473900984 0.676176697741 0.68527892203
8288 65536 98984.055 101359.173 102126.997 10.6369987164 10.7175769479 10.9747447304 0.664812419776 0.669848559242 0.685921545647
9088 65536 108537.799 110943.196 112077.891 10.628165157 10.7368669639 10.9748156585 0.664260322315 0.671054185243 0.685925978654
9984 65536 120276.791 121050.435 121716.023 10.7514427086 10.810558822 10.8800944648 0.671965169286 0.675659926377 0.680005904048
10976 65536 130745.74 133542.815 135105.334 10.6483306721 10.7729215683 11.0033892653 0.665520667008 0.673307598016 0.687711829081
12064 65536 144801.898 146347.131 150609.488 10.4990238596 10.8048077007 10.9201096798 0.656188991227 0.675300481292 0.682506854986
13248 65536 157188.697 157479.953 162267.968 10.7010759881 11.0264311293 11.0468620781 0.668817249255 0.689151945581 0.690428879883
14560 65536 173090.944 179913.803 197476.075 9.66399762604 10.6073480088 11.0254660117 0.603999851628 0.662959250547 0.689091625729
16000 65536 190145.145 190184.487 195760.564 10.7128420411 11.0269351254 11.0292166545 0.669552627566 0.689183445335 0.689326040904
17600 32768 104261.566 104454.992 106088.274 10.8723948134 11.0423980503 11.0628839011 0.679524675837 0.690149878141 0.691430243816
19360 32768 114667.169 115725.021 117096.202 10.8353382802 10.9637220113 11.0648668757 0.677208642514 0.685232625708 0.691554179732
21280 32768 127370.551 134147.127 139230.305 10.0165411546 10.3960935369 10.949203478 0.626033822162 0.649755846057 0.684325217373
23392 32768 138519.613 138686.013 140111.48 10.9414168775 11.0538768751 11.0671556092 0.683838554842 0.690867304694 0.691697225576
25728 32768 152103.165 153736.034 159403.423 10.5776286122 10.9675667059 11.0853065286 0.66110178826 0.685472919121 0.692831658039
28288 32768 167207.45 167233.309 167252.639 11.0843235663 11.0856047703 11.0873191834 0.692770222896 0.692850298142 0.692957448965
31104 32768 183992.664 186066.459 186398.302 10.9358922379 10.9553960179 11.0788751012 0.683493264869 0.684712251121 0.692429693827
34208 16384 101085.907 102280.779 102485.276 10.9374515808 10.9593195805 11.0888627037 0.683590723803 0.684957473779 0.69305391898
37600 16384 111098.414 112326.925 112421.191 10.9594711552 10.9686684648 11.0899584939 0.684966947201 0.685541779053 0.69312240587
41344 16384 121985.419 123950.834 124381.413 10.891982647 10.9298190926 11.1059190771 0.680748915435 0.683113693289 0.694119942319
45472 16384 134122.247 135236.811 136374.099 10.9260226607 11.0179061824 11.1094656504 0.682876416291 0.688619136398 0.69434160315
50016 16384 148374.489 149710.28 150573.328 10.8845591033 10.9473062772 11.0458630661 0.680284943958 0.684206642323 0.690366441633
55008 16384 163189.203 164600.246 164632.0 10.9486742796 10.9507864527 11.0454742769 0.684292142475 0.684424153291 0.690342142305
60480 16384 179289.69 182293.311 184421.449 10.746085397 10.871537903 11.0536676147 0.671630337315 0.679471118938 0.690854225918
66528 8192 98908.076 101003.335 101792.716 10.7079837815 10.7916709087 11.0202806088 0.669248986342 0.674479431793 0.688767538052
73152 8192 108804.402 109312.905 112049.427 10.6963721287 10.9641434193 11.0153849106 0.668523258044 0.685258963706 0.688461556914
80448 8192 119506.854 119978.499 120117.762 10.9730651825 10.9858019811 11.0291584782 0.685816573905 0.686612623817 0.689322404889
88480 8192 131489.42 132910.502 144227.241 10.0511963617 10.9070110953 11.024889455 0.628199772607 0.681688193458 0.689055590937
97312 8192 144538.896 145938.027 146023.02 10.9185511161 10.9249099825 11.0306626944 0.682409444757 0.682806873907 0.689416418401
107040 8192 158927.607 159986.409 160471.033 10.9287223196 10.9618271387 11.0348566439 0.683045144976 0.685114196169 0.689678540243
117728 8192 174700.605 174965.035 177003.816 10.8972540569 11.0242343677 11.0409208486 0.681078378559 0.689014647984 0.690057553035
129472 8192 191815.47 193475.719 212841.929 9.9664067976 10.9640075714 11.0589059788 0.62290042485 0.685250473213 0.691181623672
142400 4096 105584.45 106544.193 123151.722 9.47238723954 10.9488914145 11.0484147997 0.592024202471 0.684305713405 0.690525924982
156640 4096 117023.965 124744.233 130486.824 9.83390384304 10.2866068366 10.9652316088 0.61461899019 0.642912927285 0.685326975547
172288 4096 127770.796 128314.701 128895.3 10.9498429811 10.9993888853 11.0462119685 0.684365186318 0.687461805331 0.690388248031
189504 4096 140545.186 141190.123 142354.238 10.9053077015 10.9952221516 11.0456772813 0.681581731343 0.687201384476 0.690354830083
208448 4096 154768.722 155105.263 155475.982 10.9830855804 11.0093363885 11.0332759354 0.686442848774 0.688083524284 0.689579745964
229280 4096 170134.586 175960.012 180515.282 10.4050013893 10.6743670829 11.0398585271 0.650312586831 0.667147942681 0.689991157941
252192 4096 187098.496 187634.251 200720.975 10.2926804934 11.0105529933 11.042081621 0.643292530838 0.688159562083 0.690130101313
277408 2048 102864.715 103183.996 116170.1 9.78102943873 11.0120097307 11.0461898232 0.611314339921 0.688250608166 0.69038686395
305120 2048 113229.513 113668.577 113955.157 10.9672221328 10.9948725759 11.0375068027 0.685451383302 0.687179535994 0.689844175167
335616 2048 124408.288 124700.507 154750.508 8.88322212164 11.0238776816 11.0497713464 0.555201382602 0.688992355099 0.690610709151
369152 2048 137026.877 137219.639 138095.051 10.949317742 11.0191704556 11.0346716287 0.684332358876 0.688698153476 0.689666976793
406048 2048 150694.667 150864.014 150940.563 11.0187253509 11.0243162959 11.0367051543 0.688670334428 0.689019768492 0.689794072142
446624 2048 165879.829 165908.341 165930.475 11.0249301944 11.0264010415 11.0282962976 0.689058137151 0.689150065095 0.689268518597
491264 2048 182369.533 182526.651 185824.743 10.8285759556 11.024238559 11.0337363424 0.676785997223 0.689014909938 0.689608521397
540384 1024 100337.944 100504.046 102682.241 10.7779731064 11.0115609873 11.0297898071 0.673623319148 0.688222561707 0.689361862946
594400 1024 110349.204 110602.225 225950.464 5.38760212504 11.0063897901 11.0316264719 0.336725132815 0.68789936188 0.689476654494
653824 1024 121297.528 121526.483 203359.28 6.58456084227 11.018434163 11.0392319949 0.411535052642 0.688652135189 0.689951999681
719200 1024 133498.154 133708.643 232241.979 6.34218501901 11.015904185 11.0332731642 0.396386563688 0.688494011565 0.689579572763
791104 1024 146816.854 147197.123 148660.013 10.8985661935 11.0068794755 11.035388294 0.681160387091 0.687929967218 0.689711768378
870208 1024 161495.785 161557.733 163341.143 10.9108210661 11.0312638764 11.0354953474 0.681926316629 0.689453992277 0.689718459216
957216 1024 178044.746 178771.041 184574.856 10.6210477986 10.9658608969 11.0105937527 0.663815487414 0.685366306056 0.688162109541
1052928 512 97965.967 97997.279 98491.104 10.9471640403 11.0023286667 11.0058452442 0.68419775252 0.687645541669 0.687865327762
1158208 512 107811.863 107911.953 108036.124 10.9778558142 10.9904876988 11.0006910093 0.686115988389 0.686905481175 0.687543188081
1274016 512 118637.917 118643.26 118769.015 10.9842822558 10.9959249603 10.9964201748 0.686517640986 0.687245310016 0.687276260928
1401408 512 130439.974 130669.382 131238.162 10.9346379904 10.9822344763 11.001549203 0.683414874402 0.68638965477 0.687596825188
1541536 512 143506.302 144003.459 144227.021 10.9447789537 10.9617704669 10.9997459484 0.684048684608 0.685110654182 0.687484121777
1695680 512 157940.81 158591.153 158799.625 10.9343855189 10.9487590395 10.9938420602 0.683399094929 0.684297439971 0.687115128762
1865248 512 173883.177 174422.815 236334.701 8.08181762525 10.9504823208 10.9844666112 0.505113601578 0.684405145049 0.686529163198
2051744 512 191643.172 191989.435 267602.692 7.85113871724 10.9432368297 10.9630091909 0.490696169828 0.683952301855 0.685188074428
2256896 256 105812.643 105959.338 110214.888 10.4843435671 10.9054168685 10.9205357624 0.655271472943 0.681588554281 0.682533485153
2482560 256 115957.125 116414.997 117043.391 10.8598247978 10.9184448117 10.9615577309 0.678739049862 0.682402800732 0.685097358183
2730816 256 127595.492 128141.097 128313.471 10.8965783647 10.9112363226 10.95789334 0.681036147795 0.68195227016 0.68486833375
3003872 256 140465.474 143169.543 267188.901 5.75616149565 10.742385788 10.9491850218 0.359760093478 0.671399111751 0.684324063862
3304256 256 163279.137 166250.073 258768.119 6.53781879521 10.1761102505 10.3612690702 0.408613674701 0.636006890656 0.647579316885
3634656 256 172423.157 177246.968 192049.331 9.68992634502 10.4991577176 10.7928882894 0.605620396564 0.656197357351 0.674555518085
3998112 256 190305.501 191827.395 198182.659 10.3290235096 10.6712252648 10.7565642256 0.645563969348 0.666951579048 0.672285264103
4397920 128 106116.498 106998.428 110952.028 10.1473361082 10.5222809442 10.6097312032 0.634208506761 0.65764255901 0.663108200197
4837696 128 120050.048 122369.27 123737.266 10.0087080961 10.1205978919 10.3161156254 0.625544256004 0.632537368246 0.644757226586
5321440 128 132942.522 134438.884 137177.239 9.93086498847 10.1331445149 10.2472002148 0.620679061779 0.633321532184 0.640450013428
5853568 128 148815.026 149216.862 254455.098 5.88910742908 10.0425205832 10.0696377797 0.368069214318 0.627657536452 0.629352361233
6438912 128 166367.614 167585.322 170073.073 9.69207789877 9.83595372392 9.90794681951 0.605754868673 0.614747107745 0.619246676219
7082784 128 189207.249 190870.992 190968.163 9.49473815696 9.49957185741 9.58310378478 0.59342113481 0.593723241088 0.598943986549
7791040 128 210125.613 214578.873 214629.127 9.29280320839 9.29497956679 9.49197107161 0.580800200525 0.580936222924 0.593248191976
8570144 64 113843.924 114389.483 116976.117 9.37779830732 9.5898539204 9.63581009383 0.586112394208 0.599365870025 0.602238130864
9427136 64 125445.071 125583.14 126922.532 9.50716463803 9.60856216846 9.61913767022 0.594197789877 0.600535135529 0.601196104389
10369824 64 138241.656 138301.569 140913.359 9.41952900292 9.59741441545 9.60157387004 0.588720562683 0.599838400966 0.600098366877
11406784 64 149493.068 149776.716 231705.194 6.30140536254 9.7482999427 9.76679635741 0.393837835159 0.609268746419 0.610424772338
12547456 64 169166.786 198572.443 272820.759 5.88692141275 8.08810298013 9.49402897564 0.367932588297 0.505506436258 0.593376810978
13802176 64 181176.953 184468.645 190181.636 9.28942754494 9.57712096817 9.75112175554 0.580589221559 0.598570060511 0.609445109721
15182368 64 201291.523 204550.284 205485.493 9.45732506771 9.50056419379 9.65437130703 0.591082816732 0.593785262112 0.60339820669
16700576 64 223104.229 223248.809 227526.748 9.39526339998 9.57529734459 9.58150250034 0.587203962499 0.598456084037 0.598843906271
18370624 32 120288.107 121186.266 124836.771 9.41805788937 9.70175891054 9.77419933959 0.588628618086 0.606359931908 0.610887458724
20207680 32 136099.205 137749.568 140831.221 9.18327279148 9.3887156147 9.50256483864 0.573954549467 0.586794725919 0.593910302415
22228448 32 146230.038 150428.876 151821.556 9.37034706718 9.45709832998 9.7286487199 0.585646691699 0.591068645624 0.608040544994
24451264 32 162544.5 171860.193 175148.782 8.93458052138 9.10554601786 9.62739985665 0.558411282586 0.569096626116 0.601712491041
26896384 32 179364.005 181615.611 190499.773 9.03606628445 9.4780870792 9.5970681297 0.564754142778 0.59238044245 0.599816758106
29586016 32 197637.791 199957.779 200632.512 9.43767789739 9.4695241839 9.58068299802 0.589854868587 0.591845261494 0.598792687376
32544608 32 216574.535 220250.214 221552.367 9.40118555357 9.45676680251 9.61726600036 0.587574097098 0.591047925157 0.601079125023
35799040 16 119385.953 122262.87 202543.279 5.6559234434 9.36972344916 9.59551145854 0.353495215213 0.585607715572 0.599719466159
39378944 16 131794.116 200340.386 205666.164 6.12704678053 6.2899260262 9.56132372404 0.382940423783 0.393120376637 0.597582732753
43316832 16 147422.962 182923.793 270093.88 5.13206231848 7.57768358761 9.40246081882 0.320753894905 0.473605224226 0.587653801177
47648512 16 160656.758 194365.402 195625.646 7.79423564945 7.84477262059 9.49074538153 0.487139728091 0.490298288787 0.593171586346
52413344 16 178964.521 182456.009 221177.23 7.58318118009 9.19250079618 9.3718408466 0.473948823756 0.574531299761 0.585740052912
57654656 16 193560.93 201853.248 301529.767 6.11862971393 9.14005105333 9.53161876211 0.382414357121 0.571253190833 0.595726172632
63420096 16 215318.187 220286.091 236817.878 8.56963625018 9.21276083654 9.42532119686 0.535602265636 0.575797552284 0.589082574804
69762080 8 117312.677 122828.587 124046.444 8.99818845271 9.08740633807 9.51468595333 0.562386778294 0.567962896129 0.594667872083
76738272 8 130082.07 132051.407 136371.894 9.00341203738 9.29798765416 9.43875164348 0.562713252336 0.581124228385 0.589921977718
84412096 8 144081.034 149218.938 228181.327 5.91894855621 9.05108663888 9.3738467757 0.369934284763 0.56569291493 0.585865423481
92853280 8 158320.424 168109.969 258626.126 5.74440217227 8.83738477163 9.38383338337 0.359025135767 0.552336548227 0.58648958646
102138592 8 170949.274 179811.064 225059.341 7.26127369226 9.08852567604 9.55966313142 0.453829605766 0.568032854752 0.597478945713
112352448 8 192357.685 195267.513 233660.644 7.69337590288 9.20603299741 9.34529425222 0.48083599393 0.575377062338 0.584080890763
123587680 8 245317.452 296813.392 359213.405 5.5048137193 6.6621080224 8.0605878786 0.344050857456 0.4163817514 0.503786742412
135946432 4 157371.887 205595.384 250710.912 4.33795022053 5.28986320043 6.91083697814 0.271121888783 0.330616450027 0.431927311134
149541056 4 138595.276 141776.58 193258.47 6.19030280018 8.43812460422 8.6318125879 0.386893925011 0.527382787764 0.539488286744
164495136 4 140972.231 201816.628 293636.815 4.48159433959 6.52057811609 9.33489580654 0.280099646225 0.407536132256 0.583430987909
180944640 4 158283.446 167079.417 197737.485 7.32060044154 8.66388658754 9.1453475179 0.457537527596 0.541492911721 0.571584219868
199039104 4 173997.13 174322.983 180357.826 8.82863176672 9.13426792381 9.15137411749 0.55178948542 0.570891745238 0.571960882343
218943008 4 187691.761 203020.857 256317.653 6.83348978699 8.62740946857 9.33202424373 0.427093111687 0.539213091786 0.583251515233
240837280 4 205171.938 206951.064 313823.52 6.1394322516 9.30992188569 9.39065185415 0.383714515725 0.581870117855 0.586915740885
264920992 4 223908.805 248308.042 393834.352 5.38136890608 8.53523679269 9.46531752514 0.33633555663 0.533452299543 0.591582345321
291413088 2 123973.559 136261.161 226561.899 5.14496196026 8.55454586946 9.40242710948 0.321560122516 0.534659116841 0.587651694342
320554368 2 135730.511 140126.024 225303.789 5.69106040201 9.1504592466 9.44678880639 0.355691275125 0.571903702912 0.590424300399
352609792 2 147128.244 155632.535 161405.928 8.73845951928 9.06262413576 9.58646096531 0.546153719955 0.566414008485 0.599153810332
387870752 2 164613.628 183831.63 284051.196 5.4619837193 8.43969564976 9.42499735198 0.341373982456 0.52748097811 0.589062334499
426657824 2 251059.571 260073.011 301804.522 5.65475720738 6.562123803 6.79771453923 0.353422325461 0.410132737687 0.424857158702
469323584 2 209384.106 229665.974 232940.43 8.05911767227 8.17402031004 8.96579196895 0.503694854517 0.510876269377 0.560361998059
516255936 2 217370.649 266379.107 409098.607 5.04774083477 7.75219861368 9.50001186223 0.315483802173 0.484512413355 0.593750741389
567881504 1 119702.632 174854.989 198020.251 5.73559018466 6.49545668954 9.48820413573 0.358474386541 0.405966043096 0.593012758483
624669632 1 132916.81 145920.603 165601.162 7.54426628963 8.56177426844 9.39940752415 0.471516643102 0.535110891777 0.587462970259
687136576 1 145499.447 237238.512 267377.652 5.13982055613 5.79279114683 9.4452122007 0.321238784758 0.362049446677 0.590325762544
755850208 1 160741.666 205977.675 251192.156 6.01810359078 7.33914690512 9.4045337069 0.376131474424 0.45869668157 0.587783356681
831435200 1 177395.693 191175.203 209909.788 7.92183354499 8.69814899582 9.37379240656 0.495114596562 0.543634312239 0.58586202541
914578720 1 198898.818 200605.461 207763.822 8.80402286785 9.11818367696 9.19642187114 0.550251429241 0.56988647981 0.574776366947
1006036576 1 217092.775 217511.105 223442.833 9.00486771039 9.25043873967 9.26826400372 0.562804231899 0.578152421229 0.579266500232

META_DATA
ERT_VERSION  1.1.0
CONFIG  {'ERT_WORKING_SET_MIN': ['1'], 'ERT_CFLAGS': [], 'ERT_CC': ['gcc'], 'ERT_MPI_CFLAGS': ['-I/usr/include/mpi'], 'ERT_MPI_LDFLAGS': ['-lmpi'], 'ERT_MEMORY_MAX': ['1073741824'], 'ERT_PROCS_THREADS': ['1-4'], 'ERT_LDFLAGS': [], 'ERT_LDLIBS': [], 'ERT_RUN': ['export', 'OMP_NUM_THREADS=ERT_OPENMP_THREADS;', 'mpirun', '-np', 'ERT_MPI_PROCS', 'ERT_CODE'], 'ERT_FLOPS': ['1,2,4'], 'ERT_OPENMP_CFLAGS': ['-fopenmp'], 'ERT_MPI': ['False'], 'ERT_TRIALS_MIN': ['1'], 'ERT_DRIVER': ['driver1'], 'ERT_RESULTS': ['Results/myLaptop'], 'ERT_OPENMP': ['True'], 'ERT_MPI_PROCS': ['1,2,4,8'], 'ERT_KERNEL': ['kernel1'], 'ERT_GPU': [False], 'ERT_OPENMP_THREADS': ['1,2,4'], 'ERT_LD': ['gcc'], 'ERT_NUM_EXPERIMENTS': ['3'], 'ERT_OPENMP_LDFLAGS': ['-fopenmp'], 'ERT_ALIGN': ['64'], 'ERT_GNUPLOT': ['gnuplot']}
HOSTNAME  ('atajo-Inspiron-15-7568', [], ['127.0.1.1'])
TIMESTAMP_DATA  1535252753.25
UNAME  ('Linux', 'atajo-Inspiron-15-7568', '4.15.0-33-generic', '#36-Ubuntu SMP Wed Aug 15 16:00:05 UTC 2018', 'x86_64', 'x86_64')
FLOPS          1
OPENMP_THREADS 4
TIMESTAMP_DATA  1535252644.67
TIMESTAMP_DATA  1535252699.29
