16 67108864 2449149.808 2450969.107 2453119.487 0.875409314296 0.876177362606 0.87682821238 0.875409314296 0.876177362606 0.87682821238
32 33554432 1246492.448 1247713.796 1252172.317 1.7150064882 1.72113481063 1.72282122643 1.7150064882 1.72113481063 1.72282122643
48 16777216 881186.211 881750.325 882181.907 1.82571499508 1.82660861055 1.827777961 1.82571499508 1.82660861055 1.827777961
64 16777216 1149371.022 1150726.798 1151521.342 1.86490998445 1.86619765155 1.86839898248 1.86490998445 1.86619765155 1.86839898248
80 8388608 716373.976 716523.832 717028.258 1.87186106688 1.87317883936 1.8735706837 1.87186106688 1.87317883936 1.8735706837
96 8388608 852804.398 853025.73 854325.198 1.88524550109 1.8881174147 1.88860744595 1.88524550109 1.8881174147 1.88860744595
112 8388608 993516.383 993552.525 994161.736 1.89008299551 1.89124192704 1.89131072638 1.89008299551 1.89124192704 1.89131072638
128 8388608 1132496.894 1133194.89 1140650.576 1.88268317501 1.89507000689 1.8962380024 1.88268317501 1.89507000689 1.8962380024
144 4194304 637673.815 637933.598 638417.967 1.89211396677 1.89355060744 1.89432202418 1.89211396677 1.89355060744 1.89432202418
160 4194304 704571.835 704591.65 705809.128 1.90161507801 1.90490091672 1.90495448913 1.90161507801 1.90490091672 1.90495448913
176 4194304 774508.675 774711.349 776097.526 1.90233180566 1.90573561354 1.90623430783 1.90233180566 1.90573561354 1.90623430783
192 4194304 846232.985 854890.368 866271.476 1.85924710743 1.88399916093 1.90327340644 1.85924710743 1.88399916093 1.90327340644
208 4194304 911713.956 912110.527 913787.292 1.90944925507 1.91295946308 1.91379154889 1.90944925507 1.91295946308 1.91379154889
224 4194304 983425.839 983780.513 985088.746 1.90749127896 1.91002786411 1.91071671852 1.90749127896 1.91002786411 1.91071671852
240 4194304 1057432.979 1057461.408 1068071.29 1.88495462695 1.90386703928 1.90391822459 1.88495462695 1.90386703928 1.90391822459
256 4194304 1121667.098 1122200.946 1122342.562 1.91339411042 1.91363557093 1.91454634965 1.91339411042 1.91363557093 1.91454634965
272 2097152 596497.975 596546.315 597785.24 1.90846245719 1.91242600836 1.91258099074 1.90846245719 1.91242600836 1.91258099074
288 2097152 632311.28 632896.695 633770.805 1.90598800461 1.90862041395 1.91038747877 1.90598800461 1.90862041395 1.91038747877
304 2097152 668261.695 683445.382 695907.053 1.83223953616 1.86564786241 1.90803756304 1.83223953616 1.86564786241 1.90803756304
320 2097152 701796.2 702091.498 702406.703 1.91082641192 1.91168428022 1.91248866836 1.91082641192 1.91168428022 1.91248866836
352 2097152 769870.502 770656.974 771090.903 1.9146834728 1.91576156164 1.91771863471 1.9146834728 1.91576156164 1.91771863471
384 2097152 842112.235 842904.853 844426.367 1.90734538729 1.91078830578 1.91258678957 1.90734538729 1.91078830578 1.91258678957
416 2097152 912945.208 913419.781 920120.886 1.89630568173 1.91021751477 1.91121049622 1.89630568173 1.91021751477 1.91121049622
448 2097152 979465.587 979583.076 980711.266 1.91600551268 1.91821218438 1.91844227805 1.91600551268 1.91821218438 1.91844227805
480 2097152 1055312.209 1055511.65 1056596.3 1.90542586606 1.90738389292 1.90774436497 1.90542586606 1.90738389292 1.90774436497
528 1048576 587725.322 588120.458 589128.128 1.87955081989 1.88277119243 1.88403700598 1.87955081989 1.88277119243 1.88403700598
576 1048576 630486.044 631263.498 631604.392 1.91252557344 1.91355837274 1.9159179866 1.91252557344 1.91355837274 1.9159179866
624 1048576 681658.139 681787.443 681841.973 1.91924654072 1.91940004386 1.91976413561 1.91924654072 1.91940004386 1.91976413561
672 1048576 748044.098 748383.351 748605.509 1.8825484545 1.88310729002 1.88396131694 1.8825484545 1.88310729002 1.88396131694
736 1048576 802461.395 802769.953 805545.265 1.9160982493 1.92272252621 1.9234618408 1.9160982493 1.92272252621 1.9234618408
800 1048576 877563.631 877802.987 880913.698 1.90452436352 1.9112735145 1.91179481548 1.90452436352 1.9112735145 1.91179481548
880 1048576 960211.171 963127.887 979778.459 1.88358270489 1.91614611612 1.92196655875 1.88358270489 1.91614611612 1.92196655875
960 1048576 1049508.978 1050701.816 1065083.689 1.89024199769 1.91611539006 1.91829318491 1.89024199769 1.91611539006 1.91829318491
1056 524288 577766.553 577963.114 594170.631 1.86359977796 1.9158597308 1.91651152226 1.86359977796 1.9158597308 1.91651152226
1152 524288 630882.943 630934.265 636402.335 1.89810672521 1.91455690237 1.91471265058 1.89810672521 1.91455690237 1.91471265058
1264 524288 695869.499 695900.243 700302.558 1.89261062788 1.90458341886 1.90466756469 1.89261062788 1.90458341886 1.90466756469
1376 524288 757374.56 759222.896 764088.505 1.8883160348 1.90041762913 1.90505550649 1.8883160348 1.90041762913 1.90505550649
1504 524288 827712.964 837941.207 839082.528 1.87950320901 1.88206319349 1.90532028927 1.87950320901 1.88206319349 1.90532028927
1648 524288 906555.442 906873.62 910942.692 1.89699446867 1.90550613657 1.90617492096 1.89699446867 1.90550613657 1.90617492096
1808 524288 991649.336 992466.031 999362.533 1.89703470502 1.91021692308 1.91179012497 1.89703470502 1.91021692308 1.91179012497
1984 524288 1091424.614 1097455.579 1109169.359 1.8756150872 1.89563461502 1.90610946218 1.8756150872 1.89563461502 1.90610946218
2176 262144 597827.574 598082.67 604130.249 1.88841841621 1.90751336768 1.90832731312 1.88841841621 1.90751336768 1.90832731312
2384 262144 654299.159 655843.417 657147.291 1.90201285027 1.90579421795 1.91029221849 1.90201285027 1.90579421795 1.91029221849
2608 262144 716621.939 716972.523 720151.227 1.89868884859 1.90710670233 1.90803969232 1.89868884859 1.90710670233 1.90803969232
2864 262144 786279.498 788728.845 801174.257 1.87420004934 1.90377319344 1.90970365604 1.87420004934 1.90377319344 1.90970365604
3136 262144 861522.518 865800.689 866074.979 1.89841204037 1.89901346683 1.90844363745 1.89841204037 1.89901346683 1.90844363745
3440 262144 945630.09 946142.043 947438.457 1.90360725457 1.90621559769 1.90724760038 1.90360725457 1.90621559769 1.90724760038
3776 262144 1035486.922 1043445.671 1064077.967 1.86049476579 1.89728276519 1.91186527414 1.86049476579 1.89728276519 1.91186527414
4144 131072 570070.811 570507.455 570797.219 1.9031710384 1.90413766986 1.9055961383 1.9031710384 1.90413766986 1.9055961383
4544 131072 623257.922 626945.987 626998.13 1.89981800424 1.89997601181 1.91121892551 1.89981800424 1.89997601181 1.91121892551
4992 131072 683402.787 687590.407 688176.26 1.90158092347 1.90320114225 1.91486320058 1.90158092347 1.90320114225 1.91486320058
5488 131072 753929.971 753966.918 754088.75 1.90779437036 1.90810264702 1.90819615526 1.90779437036 1.90810264702 1.90819615526
6032 131072 826197.325 827507.605 829020.281 1.90737505974 1.91086172314 1.91389219034 1.90737505974 1.91086172314 1.91389219034
6624 131072 906046.487 908218.344 912161.589 1.90365597164 1.91192114481 1.91650415394 1.90365597164 1.91192114481 1.91650415394
7280 131072 998884.396 999251.216 1000180.55 1.90806381908 1.90983837642 1.91053972576 1.90806381908 1.90983837642 1.91053972576
8000 131072 1101342.219 1107494.702 1115242.616 1.8804446404 1.89360002916 1.9041783415 1.8804446404 1.89360002916 1.9041783415
8800 65536 603303.015 603689.632 604799.739 1.90713309815 1.91064006877 1.91186447162 1.90713309815 1.91064006877 1.91186447162
9680 65536 662988.914 664074.647 665896.551 1.90536646885 1.91059388539 1.91372273836 1.90536646885 1.91059388539 1.91372273836
10640 65536 728516.313 729613.411 730657.521 1.90870009535 1.91143153206 1.91431002314 1.90870009535 1.91143153206 1.91431002314
11696 65536 801847.122 803632.253 818142.238 1.87377944909 1.9076114806 1.91185834549 1.87377944909 1.9076114806 1.91185834549
12864 65536 879969.124 883299.347 884117.767 1.90711042232 1.9088774533 1.91610155631 1.90711042232 1.9088774533 1.91610155631
14144 65536 967137.056 971173.937 972354.519 1.90659099307 1.90890869016 1.91687657556 1.90659099307 1.90890869016 1.91687657556
15552 65536 1065535.443 1068888.865 1068987.713 1.90688042455 1.90705676778 1.91305860109 1.90688042455 1.90705676778 1.91305860109
17104 32768 586487.754 587227.221 596857.101 1.87805044477 1.9088484047 1.9112551564 1.87805044477 1.9088484047 1.9112551564
18800 32768 643742.078 645381.925 645706.189 1.90810746589 1.90906617039 1.91392926159 1.90810746589 1.90906617039 1.91392926159
20672 32768 707058.78 709494.739 709730.066 1.90883866543 1.90947179384 1.91605030631 1.90883866543 1.90947179384 1.91605030631
22736 32768 779226.083 779907.017 780650.937 1.90869750535 1.91051813039 1.91218765453 1.90869750535 1.91051813039 1.91218765453
25008 32768 856019.912 858387.839 858734.507 1.90853433121 1.90930511074 1.91458664106 1.90853433121 1.90930511074 1.91458664106
27504 32768 942770.507 943915.398 943947.935 1.90953555505 1.90960137722 1.91192037788 1.90953555505 1.90960137722 1.91192037788
30240 32768 1033867.32 1037043.058 1038182.318 1.90892158886 1.91101866476 1.91688875513 1.90892158886 1.91101866476 1.91688875513
33264 16384 569300.909 570626.906 579467.301 1.88102892108 1.91017062206 1.91461972881 1.88102892108 1.91017062206 1.91461972881
36576 16384 625929.861 626706.471 627538.472 1.90987871099 1.91241422174 1.91478701158 1.90987871099 1.91241422174 1.91478701158
40224 16384 688775.402 688883.422 690799.287 1.90802170298 1.91332813348 1.91362819894 1.90802170298 1.91332813348 1.91362819894
44240 16384 757845.599 759903.414 780246.729 1.85794603953 1.90768496797 1.91286499772 1.85794603953 1.90768496797 1.91286499772
48656 16384 834031.16 841626.137 846405.464 1.88368326507 1.89438010288 1.91163098511 1.88368326507 1.89438010288 1.91163098511
53520 16384 915858.452 916939.355 918992.216 1.90833320399 1.9126056161 1.91486288757 1.90833320399 1.9126056161 1.91486288757
58864 16384 1007565.325 1008697.707 1009833.089 1.91007362802 1.91222359148 1.91437270035 1.91007362802 1.91222359148 1.91437270035
64736 16384 1109968.514 1112588.787 1118148.357 1.89712683001 1.90660671111 1.91110758661 1.89712683001 1.90660671111 1.91110758661
71200 8192 610673.137 612581.329 613529.016 1.90136207022 1.90430355085 1.91025399567 1.90136207022 1.90430355085 1.91025399567
78320 8192 674576.076 675273.082 675992.835 1.89823739774 1.90026067113 1.90222411623 1.89823739774 1.90026067113 1.90222411623
86144 8192 742672.207 742949.384 743897.747 1.89728131547 1.8997031647 1.90041216394 1.89728131547 1.8997031647 1.90041216394
94752 8192 816720.097 817004.348 817379.736 1.89926015978 1.90013281055 1.90079413217 1.89926015978 1.90013281055 1.90079413217
104224 8192 898371.437 898825.874 899668.753 1.8980385951 1.89981849143 1.90077950575 1.8980385951 1.89981849143 1.90077950575
114640 8192 988118.442 988604.551 989414.986 1.8983558836 1.89991211157 1.90084678128 1.8983558836 1.89991211157 1.90084678128
126096 8192 1086986.139 1087485.915 1104920.103 1.86977941517 1.89975505476 1.90062852678 1.86977941517 1.89975505476 1.90062852678
138704 4096 597845.694 598164.795 612478.139 1.85518975396 1.8995821511 1.90059605581 1.85518975396 1.8995821511 1.90059605581
152560 4096 657342.526 657679.745 657727.688 1.90013518178 1.90027369628 1.90124854329 1.90013518178 1.90027369628 1.90124854329
167808 4096 723196.395 723658.602 724277.382 1.89800644085 1.89962937247 1.90084345761 1.89800644085 1.89962937247 1.90084345761
184576 4096 795492.639 795819.801 796602.867 1.89811844099 1.8999861402 1.90076754689 1.89811844099 1.8999861402 1.90076754689
203024 4096 875115.781 875199.216 876537.79 1.89743400339 1.90033603504 1.90051721625 1.89743400339 1.90033603504 1.90051721625
223312 4096 962653.013 963308.822 963536.22 1.89860211378 1.89905029646 1.9003440277 1.89860211378 1.89905029646 1.9003440277
245632 4096 1058808.081 1059314.286 1060244.216 1.8978809916 1.89954706605 1.90045521951 1.8978809916 1.89954706605 1.90045521951
270192 2048 582542.15 582571.269 603011.334 1.83529955342 1.89969277733 1.89978773553 1.83529955342 1.89969277733 1.89978773553
297200 2048 640587.396 640884.319 642620.414 1.8943238862 1.89945543043 1.90033585987 1.8943238862 1.89945543043 1.90033585987
326912 2048 704516.112 704521.216 707145.612 1.89357259563 1.90062629995 1.90064006939 1.89357259563 1.90062629995 1.90064006939
359600 2048 775673.0 776267.59 776613.593 1.8965951836 1.89744054624 1.89889502406 1.8965951836 1.89744054624 1.89889502406
395552 2048 853552.742 854205.703 878360.553 1.84455117715 1.89671057722 1.89816154559 1.84455117715 1.89671057722 1.89816154559
435104 2048 938674.254 940348.051 940451.554 1.89503220705 1.89524079101 1.89862028963 1.89503220705 1.89524079101 1.89862028963
478608 2048 1031859.854 1032894.044 1033359.687 1.89709197355 1.897947209 1.89984944215 1.89709197355 1.897947209 1.89984944215
526464 1024 567678.606 568207.62 568246.373 1.89741338129 1.89754278902 1.89931109012 1.89741338129 1.89754278902 1.89931109012
579104 1024 624123.929 625384.235 629293.94 1.88465980143 1.89644210011 1.90027162378 1.88465980143 1.89644210011 1.90027162378
637008 1024 687187.001 687470.377 687786.789 1.89679767751 1.89767068902 1.8984532334 1.89679767751 1.89767068902 1.8984532334
700704 1024 755618.343 756072.806 756249.637 1.89757683414 1.89802064115 1.89916219649 1.89757683414 1.89802064115 1.89916219649
770768 1024 831764.863 831908.578 832331.552 1.89651931398 1.89748357661 1.89781142991 1.89651931398 1.89748357661 1.89781142991
847840 1024 914759.78 916768.289 940437.747 1.84634902793 1.89401874043 1.89817737723 1.84634902793 1.89401874043 1.89817737723
932624 1024 1006002.325 1006457.93 1007921.105 1.89500343085 1.89775836135 1.89861783073 1.89500343085 1.89775836135 1.89861783073
1025872 1024 1107307.005 1107607.685 1108213.458 1.89583138594 1.89686825439 1.89738333318 1.89583138594 1.89686825439 1.89738333318
1128448 512 608512.401 608550.845 610784.3 1.89188024643 1.89882367512 1.89894363714 1.89188024643 1.89882367512 1.89894363714
1241280 512 669444.805 670053.455 671443.611 1.89304164814 1.89696913062 1.89869382884 1.89304164814 1.89696913062 1.89869382884
1365408 512 736306.593 736597.647 736717.264 1.89784855103 1.89815674499 1.89890706574 1.89784855103 1.89815674499 1.89890706574
1501936 512 810274.749 810609.524 812095.016 1.89384546598 1.89731605473 1.89809995424 1.89384546598 1.89731605473 1.89809995424
1652128 512 892356.814 892543.731 901258.072 1.87713056289 1.8954579067 1.89585493769 1.87713056289 1.8954579067 1.89585493769
1817328 512 980556.333 980888.805 980957.585 1.89706864033 1.89720166293 1.89784493697 1.89706864033 1.89720166293 1.89784493697
1999056 512 1078713.024 1079500.109 1079903.957 1.89556981501 1.89627895999 1.89766258352 1.89556981501 1.89627895999 1.89766258352
2198960 256 594530.204 595899.711 598917.227 1.87983826353 1.88935738551 1.89370954146 1.87983826353 1.88935738551 1.89370954146
2418848 256 652702.65 653353.498 654136.88 1.89325845074 1.89552849995 1.89741864232 1.89325845074 1.89552849995 1.89741864232
2660720 256 718333.554 718523.867 718895.67 1.89497405096 1.89595461274 1.8964569209 1.89497405096 1.89595461274 1.8964569209
2926784 256 790011.376 790206.049 792820.218 1.89010493675 1.89635780427 1.89682510091 1.89010493675 1.89635780427 1.89682510091
3219456 256 868870.807 870379.838 879189.638 1.8748645352 1.89384151612 1.89713068815 1.8748645352 1.89384151612 1.89713068815
3541392 256 956080.186 956563.11 957883.694 1.89291530418 1.89552856999 1.89648601713 1.89291530418 1.89552856999 1.89648601713
3895520 256 1052095.901 1052638.093 1053195.508 1.89376637562 1.89476920251 1.89574566169 1.89376637562 1.89476920251 1.89574566169
4285072 128 578515.391 578687.004 578966.124 1.89471954667 1.89563343296 1.89619576085 1.89471954667 1.89563343296 1.89619576085
4713568 128 638762.691 640200.647 646095.204 1.8676402495 1.88483628321 1.88907934825 1.8676402495 1.88483628321 1.88907934825
5184912 128 699900.725 699964.118 700711.973 1.89426971872 1.89629359258 1.896465348 1.89426971872 1.89629359258 1.896465348
5703392 128 770102.968 770292.223 771464.965 1.89259191051 1.89547331312 1.89593913109 1.89259191051 1.89547331312 1.89593913109
6273728 128 846887.469 846936.219 849340.928 1.89096547105 1.896334496 1.89644365608 1.89096547105 1.896334496 1.89644365608
6901088 128 931782.548 932565.986 933129.033 1.89328427851 1.89442736978 1.89602019462 1.89328427851 1.89442736978 1.89602019462
7591184 128 1024662.884 1025396.178 1027406.361 1.89150386621 1.89521196362 1.89656826098 1.89150386621 1.89521196362 1.89656826098
8350288 128 1128093.608 1128866.942 1130164.322 1.8914716085 1.89364543195 1.89494356926 1.8914716085 1.89364543195 1.89494356926
9185312 64 620006.825 629260.52 634063.414 1.8542623814 1.86841522491 1.89630160281 1.8542623814 1.86841522491 1.89630160281
10103840 64 682013.171 682276.044 682662.863 1.89448055562 1.89555463859 1.89628525517 1.89448055562 1.89555463859 1.89628525517
11114224 64 750178.466 750621.709 751004.846 1.89428960356 1.89525649864 1.89637631107 1.89428960356 1.89525649864 1.89637631107
12225632 64 825068.591 825860.267 827341.214 1.89145768338 1.89484947821 1.89666763839 1.89145768338 1.89484947821 1.89666763839
13448192 64 909787.122 915901.481 918049.167 1.87502874342 1.87942547502 1.89205643208 1.87502874342 1.87942547502 1.89205643208
14793008 64 998377.056 999393.597 1000509.735 1.89254032995 1.89465394784 1.89658307212 1.89254032995 1.89465394784 1.89658307212
16272304 64 1098632.736 1099273.265 1099548.552 1.89428189252 1.89475627063 1.89586095858 1.89428189252 1.89475627063 1.89586095858
17899520 32 603344.573 604048.887 627693.581 1.82504539584 1.89648438174 1.89869824188 1.82504539584 1.89648438174 1.89869824188
19689472 32 664222.032 664722.972 664983.065 1.89497488632 1.89571635265 1.89714605552 1.89497488632 1.89571635265 1.89714605552
21658416 32 731148.876 731207.45 731988.742 1.89366112409 1.89568449282 1.89583636042 1.89366112409 1.89568449282 1.89583636042
23824256 32 804172.9 805233.442 811474.39 1.8789901478 1.89355322875 1.89605044388 1.8789901478 1.89355322875 1.89605044388
26206672 32 883914.965 885061.934 894048.332 1.87599142906 1.89503914197 1.89749814678 1.87599142906 1.89503914197 1.89749814678
28827328 32 972220.941 972669.566 973890.296 1.89441151594 1.89678906022 1.89766432114 1.89441151594 1.89678906022 1.89766432114
31710048 32 1070010.046 1070176.254 1070301.507 1.89614146923 1.89636339287 1.89665796091 1.89614146923 1.89636339287 1.89665796091
34881040 16 588870.172 588944.144 589717.943 1.89275787391 1.8952447212 1.89548279582 1.89275787391 1.8952447212 1.89548279582
38369136 16 647207.06 647421.862 648339.278 1.89378060787 1.89646415122 1.89709357002 1.89378060787 1.89646415122 1.89709357002
42206048 16 711790.184 712037.802 712793.457 1.89478946915 1.89680032746 1.89746018751 1.89478946915 1.89680032746 1.89746018751
46426640 16 783349.373 784848.772 787115.149 1.88746523541 1.8929155947 1.89653880019 1.88746523541 1.8929155947 1.89653880019
51069296 16 861048.619 863331.602 869329.391 1.87985991147 1.89291978681 1.89793867145 1.87985991147 1.89291978681 1.89793867145
56176224 16 947068.438 948791.391 958732.208 1.87501697867 1.89466218291 1.89810904458 1.87501697867 1.89466218291 1.89810904458
61793840 16 1042297.327 1042983.234 1044681.828 1.89282787065 1.8959105147 1.8971581609 1.89282787065 1.8959105147 1.8971581609
67973216 8 572913.059 573019.936 573092.58 1.89772384769 1.89796442964 1.89831849513 1.89772384769 1.89796442964 1.89831849513
74770528 8 630310.666 630446.584 653096.448 1.83177913716 1.89758891294 1.89799810242 1.83177913716 1.89758891294 1.89799810242
82247568 8 695889.193 697892.699 712878.725 1.84598171028 1.88562094128 1.8910497551 1.84598171028 1.88562094128 1.8910497551
90472320 8 762253.969 763007.081 763796.705 1.89521257492 1.89717390054 1.89904832099 1.89521257492 1.89717390054 1.89904832099
99519552 8 839024.404 840378.158 840660.017 1.89412223705 1.89475751701 1.89781468144 1.89412223705 1.89475751701 1.89781468144
109471504 8 923189.703 923791.189 925319.997 1.89290631314 1.896038937 1.89727426368 1.89290631314 1.896038937 1.89727426368
120418640 8 1015963.072 1016270.61 1025851.449 1.87814545847 1.89585157835 1.89642546378 1.87814545847 1.89585157835 1.89642546378
132460496 8 1117234.847 1117349.924 1120419.016 1.89158511747 1.89678084768 1.89697621918 1.89158511747 1.89678084768 1.89697621918
145706544 4 614183.802 615616.058 615797.925 1.8929137379 1.89347294771 1.89788846304 1.8929137379 1.89347294771 1.89788846304
160277184 4 675750.534 676583.168 693728.113 1.84829971277 1.89513652223 1.89747163707 1.84829971277 1.89513652223 1.89747163707
176304896 4 743222.98 745564.477 754842.34 1.86852153524 1.89177356421 1.8977335281 1.86852153524 1.89177356421 1.8977335281
193935376 4 817222.702 817487.997 817717.935 1.89733273736 1.89786640745 1.89848251181 1.89733273736 1.89786640745 1.89848251181
213328912 4 899562.17 900217.495 901123.445 1.89389290165 1.8957988547 1.89717993143 1.89389290165 1.8957988547 1.89717993143
234661792 4 989392.156 990920.839 998242.614 1.88059927484 1.89449475893 1.89742189143 1.88059927484 1.89449475893 1.89742189143
258127968 4 1088859.122 1088892.885 1089204.739 1.89590044007 1.89644341739 1.89650222171 1.89590044007 1.89644341739 1.89650222171
283940752 2 598501.561 598569.711 599044.303 1.89595828274 1.89746154396 1.89767760355 1.89595828274 1.89746154396 1.89767760355
312334816 2 658294.58 658727.728 658744.348 1.89654646418 1.89659431491 1.89784224564 1.89654646418 1.89659431491 1.89784224564
343568288 2 724556.131 724701.317 725315.352 1.89472502989 1.89633041884 1.89671040407 1.89472502989 1.89633041884 1.89671040407
377925104 2 796280.286 807719.231 818536.184 1.84683395255 1.87156670038 1.89845264611 1.84683395255 1.87156670038 1.89845264611
415717600 2 876344.65 876655.141 899011.716 1.84966488245 1.89683528018 1.89750733344 1.84966488245 1.89683528018 1.89750733344
457289360 2 963818.299 964511.846 964803.345 1.89588629588 1.89645927895 1.89782393829 1.89588629588 1.89645927895 1.89782393829
503018288 2 1060055.497 1060886.003 1061269.546 1.89591151426 1.89659694473 1.89808284349 1.89591151426 1.89659694473 1.89808284349
553320112 1 586136.749 586141.919 586556.907 1.88667154166 1.88800730357 1.88802395668 1.88667154166 1.88800730357 1.88802395668
608652112 1 641713.568 641813.179 642063.309 1.89592553715 1.89666442484 1.89695883756 1.89592553715 1.89666442484 1.89695883756
669517312 1 705427.045 705962.699 706641.86 1.89492683606 1.89674982247 1.89819008711 1.89492683606 1.89674982247 1.89819008711
736469040 1 776093.636 776464.153 777645.841 1.8940988331 1.8969814309 1.89788707403 1.8940988331 1.8969814309 1.89788707403
810115936 1 853653.167 854340.772 855157.532 1.89465895039 1.89647026702 1.89799784577 1.89465895039 1.89647026702 1.89799784577
891127520 1 939085.715 939435.139 939567.302 1.89688917037 1.89715603133 1.89786194331 1.89688917037 1.89715603133 1.89786194331
980240272 1 1032541.897 1035306.887 1046190.173 1.87392368481 1.89362262399 1.89869345708 1.87392368481 1.89362262399 1.89869345708

META_DATA
ERT_VERSION  1.1.0
HOSTNAME  ('atajo-Inspiron-15-7568', [], ['127.0.1.1'])
MPI_PROCS      1
UNAME  ('Linux', 'atajo-Inspiron-15-7568', '4.15.0-33-generic', '#36-Ubuntu SMP Wed Aug 15 16:00:05 UTC 2018', 'x86_64', 'x86_64')
TIMESTAMP_DATA  1535292995.08
OPENMP_THREADS 2
TIMESTAMP_DATA  1535293282.66
TIMESTAMP_DATA  1535292707.77
FLOPS          16
CONFIG  {'ERT_WORKING_SET_MIN': ['1'], 'ERT_CFLAGS': [], 'ERT_CC': ['mpicc'], 'ERT_MPI_CFLAGS': ['-I/usr/include/mpi'], 'ERT_MPI_LDFLAGS': ['-lmpi'], 'ERT_MEMORY_MAX': ['1073741824'], 'ERT_PROCS_THREADS': ['1-4'], 'ERT_LDFLAGS': [], 'ERT_LDLIBS': [], 'ERT_RUN': ['export', 'OMP_NUM_THREADS=ERT_OPENMP_THREADS;', 'mpirun', '-np', 'ERT_MPI_PROCS', 'ERT_CODE'], 'ERT_FLOPS': ['1,2,4,8,16'], 'ERT_OPENMP_CFLAGS': ['-fopenmp'], 'ERT_MPI': ['True'], 'ERT_TRIALS_MIN': ['1'], 'ERT_DRIVER': ['driver1'], 'ERT_RESULTS': ['Results/myLaptop'], 'ERT_OPENMP': ['True'], 'ERT_MPI_PROCS': ['1,2,4'], 'ERT_KERNEL': ['kernel1'], 'ERT_GPU': [False], 'ERT_OPENMP_THREADS': ['1,2,4'], 'ERT_LD': ['mpicc'], 'ERT_NUM_EXPERIMENTS': ['3'], 'ERT_OPENMP_LDFLAGS': ['-fopenmp'], 'ERT_ALIGN': ['64'], 'ERT_GNUPLOT': ['gnuplot']}
