8 134217728 1354391.813 1380235.91 1381431.103 1.55453546929 1.55588159418 1.58557045855 0.388633867324 0.388970398546 0.396392614638
16 67108864 675680.876 692055.941 750618.935 2.86095054077 3.10304922012 3.17825133769 0.715237635192 0.77576230503 0.794562834423
24 33554432 458808.899 475980.043 493460.894 3.26391159985 3.38378207172 3.51042174533 0.815977899963 0.84594551793 0.877605436332
32 33554432 592839.003 611944.914 646423.101 3.32210226503 3.5092760784 3.62237240993 0.830525566258 0.877319019601 0.905593102484
40 16777216 366765.976 379292.965 411445.856 3.26209940002 3.53862951294 3.6594923407 0.815524850006 0.884657378235 0.914873085174
48 16777216 439939.022 452897.072 469460.011 3.43077727232 3.55624453231 3.66099085432 0.857694318079 0.889061133078 0.91524771358
56 16777216 507505.894 516392.946 564910.889 3.32627362756 3.63879523637 3.70251501355 0.831568406889 0.909698809093 0.925628753387
64 16777216 574607.134 582694.054 619493.008 3.46651797562 3.68543943989 3.73730766802 0.866629493904 0.921359859972 0.934326917006
72 8388608 320044.994 333248.854 337908.983 3.57480745636 3.62479731738 3.7743429038 0.89370186409 0.906199329346 0.94358572595
80 8388608 355766.058 368016.958 380165.815 3.53050491928 3.64705280782 3.77264005326 0.88262622982 0.911763201955 0.943160013314
88 8388608 387253.046 402116.06 406425.953 3.6326297499 3.67156439362 3.81248133036 0.908157437475 0.917891098406 0.95312033259
96 8388608 422544.003 443136.93 470216.036 3.42526118356 3.63457122836 3.81170416469 0.856315295891 0.908642807089 0.952926041173
104 8388608 457407.951 461292.982 473680.019 3.68356357459 3.78247780063 3.81460457822 0.920890893648 0.945619450157 0.953651144556
112 8388608 491663.933 492695.093 512768.984 3.66451218898 3.81381551937 3.82181418217 0.916128047246 0.953453879842 0.955453545542
120 8388608 525361.061 535863.876 538033.009 3.74190037846 3.75704728415 3.83215671936 0.935475094615 0.939261821038 0.958039179839
128 8388608 559779.882 565301.18 571727.037 3.75613449955 3.79883100191 3.83630015485 0.939033624887 0.949707750477 0.959075038713
136 4194304 296659.946 296955.824 309655.905 3.68425297105 3.84181954283 3.84565123598 0.921063242763 0.960454885707 0.961412808994
144 4194304 312932.968 313790.083 324978.113 3.71704894477 3.84957848397 3.86012237611 0.929262236193 0.962394620993 0.965030594028
152 4194304 360121.965 360568.047 373181.82 3.41674847933 3.53627679049 3.54065716597 0.854187119833 0.884069197624 0.885164291492
160 4194304 372660.16 378473.043 395123.959 3.39685116386 3.54629558122 3.60161193512 0.849212790966 0.886573895304 0.90040298378
176 4194304 382752.18 382827.044 393061.876 3.75613891386 3.85655880675 3.85731312621 0.939034728466 0.964139701687 0.964328281553
192 4194304 416059.017 416532.04 430588.961 3.74048775486 3.86671991907 3.8711160441 0.935121938716 0.966679979768 0.967779011024
208 4194304 450422.049 450714.827 470604.181 3.70763910404 3.87125153085 3.87376787587 0.92690977601 0.967812882712 0.968441968968
224 4194304 485792.16 485844.851 505136.013 3.71988562217 3.86758898058 3.86800847506 0.929971405543 0.966897245145 0.967002118766
240 4194304 518813.133 519143.105 541913.033 3.715108878 3.87805578194 3.8805222766 0.928777219499 0.969513945485 0.97013056915
264 2097152 300828.934 300942.183 306242.943 3.61574456264 3.67943185951 3.68081700545 0.903936140661 0.919857964877 0.920204251364
288 2097152 310970.068 311334.848 323879.004 3.72966304417 3.87993685821 3.88448817524 0.932415761041 0.969984214552 0.97112204381
312 2097152 336464.882 336812.019 348192.93 3.7583268793 3.88532111142 3.88932966859 0.939581719824 0.971330277854 0.972332417147
336 2097152 379365.921 379667.044 397353.172 3.5466840164 3.71190011425 3.71484644769 0.886671004101 0.927975028562 0.928711611922
368 2097152 396661.997 396707.058 411381.006 3.75200568205 3.89079004488 3.89123204056 0.938001420513 0.97269751122 0.972808010141
400 2097152 430682.182 430760.145 439743.996 3.81522343741 3.89479300598 3.89549804965 0.953805859353 0.973698251494 0.973874512412
440 2097152 473224.163 473742.008 488368.034 3.77889958293 3.89556705725 3.89982994169 0.944724895733 0.973891764312 0.974957485423
480 2097152 516773.939 517891.884 532428.98 3.78128538383 3.88742512134 3.89583484782 0.945321345957 0.971856280335 0.973958711954
528 1048576 284706.116 293078.184 299770.117 3.69381800655 3.77815994656 3.88926051733 0.923454501637 0.944539986641 0.972315129331
576 1048576 309314.013 316442.966 346013.069 3.49108071406 3.81730574476 3.9052855714 0.872770178516 0.954326436189 0.976321392849
632 1048576 347865.105 348155.022 362295.866 3.65833615115 3.80692501974 3.81009777914 0.914584037788 0.951731254935 0.952524444784
688 1048576 378338.814 378390.074 407536.03 3.54040003776 3.8131036598 3.81362028586 0.88510000944 0.953275914949 0.953405071466
752 1048576 411597.013 415657.997 425792.933 3.7038151218 3.79412477417 3.83155915663 0.925953780449 0.948531193543 0.957889789156
824 1048576 450545.073 450863.123 465137.005 3.71514893338 3.8327668861 3.8354725233 0.928787233344 0.958191721526 0.958868130825
904 1048576 493255.138 512454.987 528182.983 3.5893345091 3.69949645548 3.84349855064 0.897333627274 0.92487411387 0.960874637661
992 1048576 539999.962 540439.129 557794.809 3.72964170773 3.84941554445 3.8525461674 0.932410426932 0.962353886112 0.96313654185
1088 524288 295807.123 296097.04 304986.0 3.74066576171 3.85296215052 3.85673839233 0.935166440427 0.963240537629 0.964184598084
1192 524288 323544.979 323709.011 336500.883 3.71441103172 3.86119184059 3.86314940156 0.928602757931 0.965297960149 0.965787350389
1304 524288 353533.983 354573.011 364482.164 3.75146780571 3.85630902968 3.86764263055 0.937866951426 0.96407725742 0.966910657638
1432 524288 388128.996 388226.032 406263.113 3.69603043927 3.86774896125 3.86871593587 0.924007609817 0.966937240314 0.967178983969
1568 524288 423676.014 423925.877 444017.172 3.70293599366 3.87843077577 3.88071808096 0.925733998414 0.969607693941 0.970179520241
1720 524288 464426.994 464751.959 482065.201 3.74130038065 3.88067373375 3.88338908655 0.935325095163 0.970168433437 0.970847271638
1888 524288 509016.037 509430.17 526690.006 3.75877929227 3.88612925693 3.88929099301 0.939694823068 0.971532314233 0.972322748252
2072 262144 280360.937 280611.038 296261.072 3.66678189837 3.8712829821 3.87473642949 0.916695474591 0.967820745526 0.968684107373
2272 262144 306020.021 306497.097 318068.027 3.74505525511 3.88643921153 3.89249805326 0.936263813778 0.971609802882 0.973124513314
2496 262144 335739.851 338352.919 352710.009 3.710194819 3.86762689049 3.89772868518 0.927548704749 0.966906722622 0.974432171294
2744 262144 371519.804 371684.074 393602.133 3.65507742815 3.87061586072 3.87232727976 0.913769357038 0.967653965179 0.96808181994
3016 262144 407891.989 408390.999 417984.962 3.78303707491 3.8719085677 3.87664541262 0.945759268727 0.967977141925 0.969161353154
3312 262144 447460.89 448163.986 460661.888 3.76944978787 3.87456803814 3.88065615299 0.942362446967 0.968642009534 0.970164038247
3640 262144 491267.92 491603.851 504941.94 3.77946090198 3.88200441497 3.88465894537 0.944865225495 0.970501103743 0.971164736342
4000 262144 539219.856 539360.046 555448.055 3.77560418319 3.88822274759 3.88923363386 0.943901045796 0.972055686898 0.972308408465
4400 131072 296380.997 296562.91 306393.147 3.76455417262 3.8893386904 3.89172589226 0.941138543154 0.972334672599 0.972931473066
4840 131072 325855.017 326014.042 336429.834 3.77129740521 3.89178623171 3.89368551597 0.942824351303 0.972946557928 0.973421378993
5320 131072 357982.159 358207.941 371519.089 3.75379387302 3.89328633002 3.89574185455 0.938448468256 0.973321582505 0.973935463639
5848 131072 393304.11 393959.045 401306.868 3.82006447993 3.89131340289 3.8977932674 0.955016119983 0.972828350724 0.974448316851
6432 131072 431710.005 433032.99 445186.853 3.78742138641 3.89372229585 3.90565469522 0.946855346602 0.973430573962 0.976413673804
7072 131072 475695.133 476011.038 490009.069 3.78336338097 3.89462054449 3.89720692812 0.945840845244 0.973655136123 0.97430173203
7776 131072 522943.974 524656.057 543701.887 3.74917172947 3.88527248814 3.89799260599 0.937292932368 0.971318122036 0.974498151498
8552 65536 288726.807 288785.934 295922.041 3.78791569635 3.88151780273 3.88231268044 0.946978924088 0.970379450683 0.970578170111
9400 65536 316452.026 328814.03 329866.171 3.73508079433 3.74703232706 3.89340784312 0.933770198582 0.936758081764 0.97335196078
10336 65536 347021.818 347877.979 360093.832 3.76224214804 3.8943545547 3.90396258024 0.94056053701 0.973588638676 0.975990645061
11368 65536 382321.835 382637.978 398139.0 3.74247811945 3.89408940479 3.89730943826 0.935619529863 0.973522351197 0.974327359566
12504 65536 420027.971 420494.08 435451.031 3.76373959716 3.89761560496 3.90194082575 0.940934899291 0.974403901239 0.975485206436
13752 65536 462539.911 462768.078 478103.876 3.77010569143 3.89504425584 3.89696564801 0.942526422856 0.97376106396 0.974241412002
15120 65536 508035.183 508447.886 524584.055 3.77786671385 3.89776158888 3.90092794026 0.944466678462 0.974440397221 0.975231985065
16632 32768 279762.983 279803.991 292127.132 3.73123422168 3.89556542101 3.89613643775 0.93280855542 0.973891355252 0.974034109438
18288 32768 307415.962 307937.145 321846.008 3.72390005844 3.89210066879 3.89869920938 0.93097501461 0.973025167198 0.974674802345
20112 32768 338260.889 338421.822 352339.983 3.74087556223 3.89472529936 3.89657827689 0.935218890557 0.973681324841 0.974144569223
22120 32768 372004.986 372439.861 385598.183 3.75949987295 3.89232322262 3.89687336072 0.939874968239 0.973080805655 0.974218340181
24328 32768 409581.9 410875.082 425514.936 3.74689505141 3.88040034027 3.89265201416 0.936723762853 0.970100085067 0.973163003541
26760 32768 450074.196 450316.906 463159.084 3.7864816228 3.89446484605 3.89656500103 0.946620405701 0.973616211513 0.974141250257
29432 32768 495191.097 495365.143 513287.067 3.75784950763 3.89380556799 3.89517413315 0.939462376908 0.973451391997 0.973793533287
32368 32768 544305.086 544708.014 570190.907 3.72027898368 3.89432355221 3.8972063693 0.930069745921 0.973580888054 0.974301592324
35600 16384 300549.984 301666.021 317384.005 3.6754870492 3.866994354 3.88135372518 0.918871762299 0.966748588499 0.970338431294
39160 16384 330113.888 330444.098 338918.924 3.78614113622 3.88324345257 3.88712782662 0.946535284055 0.970810863143 0.971781956656
43072 16384 362790.108 362859.011 375881.91 3.75485826386 3.88961897931 3.89035771615 0.938714565966 0.972404744828 0.972589429037
47376 16384 398705.006 398933.887 418047.905 3.71349012741 3.89141363667 3.89364754552 0.928372531851 0.972853409167 0.973411886381
52112 16384 438573.122 440236.092 455044.031 3.75261710883 3.87884148308 3.89354917194 0.938154277207 0.969710370771 0.973387292986
57320 16384 483517.885 483886.957 503392.935 3.73120405434 3.88161270485 3.88457556229 0.932801013586 0.970403176211 0.971143890572
63048 16384 530890.942 533620.119 560638.905 3.68500445755 3.87158727799 3.89149013584 0.921251114387 0.967896819498 0.97287253396
69352 8192 292325.02 293496.847 313788.891 3.62110705825 3.87146635344 3.88698568463 0.905276764562 0.967866588359 0.971746421158
76280 8192 321731.091 322287.083 339133.024 3.68519557682 3.87782069441 3.88452205883 0.921298894206 0.969455173604 0.971130514707
83904 8192 353939.056 354625.94 373691.082 3.67866187398 3.87643141954 3.88395434947 0.919665468495 0.969107854885 0.970988587369
92288 8192 389500.141 389914.989 402040.005 3.76093566112 3.87788783365 3.88201808636 0.940233915279 0.969471958412 0.970504521589
101512 8192 428689.003 429084.063 448263.884 3.7102534185 3.87609970031 3.8796717349 0.927563354624 0.969024925076 0.969917933724
111656 8192 470938.921 471132.04 495390.177 3.69279002478 3.88292824237 3.88452052363 0.923197506195 0.970732060592 0.971130130907
122816 8192 518296.957 518923.044 541253.09 3.71770135114 3.87767968154 3.88236380095 0.929425337784 0.969419920384 0.970590950238
135096 4096 284968.853 285213.947 291597.128 3.79532692791 3.88026758032 3.88360489348 0.948831731978 0.970066895081 0.97090122337
148600 4096 313613.892 313704.014 333613.157 3.64893042872 3.88050884169 3.88162396837 0.912232607181 0.970127210422 0.970405992092
163456 4096 344902.992 345593.214 364398.003 3.67464020378 3.87458867176 3.88234252256 0.918660050944 0.968647167939 0.97058563064
179800 4096 379271.03 379800.081 397289.038 3.70743075977 3.87814977849 3.88355946933 0.926857689942 0.969537444622 0.970889867333
197776 4096 417280.912 417377.949 437570.81 3.70267155618 3.8818078336 3.88271053242 0.925667889044 0.9704519584 0.970677633105
217552 4096 458796.978 458864.927 481553.078 3.70091287009 3.88390107662 3.88447629226 0.925228217522 0.970975269156 0.971119073064
239304 4096 504677.057 505773.067 529360.056 3.70329862592 3.87600387586 3.88442141526 0.925824656479 0.969000968966 0.971105353814
263232 2048 277631.998 278584.003 291588.068 3.69767624373 3.87028063489 3.8835518952 0.924419060934 0.967570158722 0.970887973799
289552 2048 305542.946 305606.127 322939.873 3.67252572741 3.88082858038 3.88163106865 0.918131431853 0.970207145094 0.970407767162
318504 2048 336321.831 336426.02 350073.814 3.72662087773 3.87779870297 3.87900000461 0.931655219433 0.969449675741 0.969750001153
350352 2048 370090.008 381408.93 382916.927 3.74765827994 3.76247559804 3.87754805853 0.936914569985 0.94061889951 0.969387014631
385384 2048 406853.914 407950.163 423032.045 3.73147349629 3.8694257465 3.87985173469 0.932868374073 0.967356436624 0.969962933674
423920 2048 448176.861 448956.966 456178.188 3.80635542355 3.86757852422 3.8743105035 0.951588855888 0.966894631055 0.968577625876
466312 2048 492003.918 492490.053 518121.958 3.68641769087 3.8782792472 3.882111264 0.921604422718 0.969569811799 0.970527816
512936 2048 540998.936 541177.034 572878.122 3.66742204898 3.88225243128 3.88353047704 0.916855512245 0.97056310782 0.970882619259
564224 1024 297816.038 297883.987 313114.882 3.69043701985 3.87913013935 3.88001519247 0.922609254963 0.969782534836 0.970003798116
620640 1024 328004.837 328448.057 337051.868 3.77114278447 3.86992918031 3.87515846298 0.942785696117 0.967482295077 0.968789615746
682704 1024 360728.025 361887.932 386079.073 3.62148039037 3.86356567425 3.87598882011 0.905370097591 0.965891418562 0.968997205027
750968 1024 396856.07 396888.018 431540.012 3.5639394291 3.87510429705 3.87541625356 0.890984857274 0.968776074263 0.968854063389
826064 1024 436194.181 436284.065 449702.978 3.76199214763 3.87770080945 3.87849986472 0.940498036906 0.969425202362 0.96962496618
908664 1024 479499.102 480067.968 506576.061 3.67357247069 3.87641749928 3.88101638614 0.918393117672 0.969104374821 0.970254096534
999528 1024 527512.074 528881.073 563883.066 3.63024440248 3.87049839464 3.88054310962 0.90756110062 0.967624598659 0.970135777404
1099480 512 290560.007 290659.904 315309.048 3.57067939262 3.87348755197 3.87481928991 0.892669848155 0.968371887992 0.968704822478
1209424 512 319379.091 319387.913 332597.017 3.72357571686 3.87757371394 3.87768082163 0.930893929214 0.969393428486 0.969420205407
1330360 512 351340.055 351428.032 372515.917 3.6569944473 3.8764370396 3.87740771544 0.914248611825 0.969109259901 0.96935192886
1463392 512 386655.807 386945.009 408884.048 3.66488596298 3.87267795978 3.87557455719 0.916221490744 0.968169489944 0.968893639298
1609728 512 424993.038 425611.019 440754.175 3.73986581522 3.87292950233 3.87856111657 0.934966453806 0.968232375581 0.969640279143
1770696 512 468180.895 468890.905 509675.98 3.55754003553 3.86698203071 3.87284642189 0.889385008883 0.966745507678 0.968211605474
1947760 512 514250.994 514555.931 550882.101 3.62056824206 3.87616995518 3.87846841964 0.905142060515 0.969042488794 0.969617104911
2142536 256 282907.963 283133.03 308583.975 3.55487815594 3.87442762153 3.87750991654 0.888719538984 0.968606905383 0.969377479134
2356784 256 311391.83 311743.975 342391.014 3.52425548177 3.87071925929 3.875096556 0.881063870444 0.967679814822 0.968774139
2592456 256 342542.887 342740.059 378564.835 3.50623552238 3.87272347409 3.8749526625 0.876558880594 0.968180868522 0.968738165624
2851696 256 377436.876 378313.065 398060.083 3.66795972356 3.85941826249 3.86837758799 0.916989930889 0.964854565623 0.967094396998
3136864 256 414360.046 414869.07 449641.943 3.57189624545 3.87128008362 3.87603578942 0.892974061363 0.967820020904 0.969008947354
3450544 256 456254.959 456607.103 512045.145 3.45023977915 3.8691437702 3.87213002982 0.862559944788 0.967285942549 0.968032507456
3795592 256 502234.936 502298.117 567692.041 3.42323471821 3.86890382072 3.86939052762 0.855808679551 0.967225955179 0.967347631906
4175144 256 552753.21 553349.972 621700.048 3.43843262499 3.86314960905 3.8673203327 0.859608156247 0.965787402263 0.966830083176
4592656 128 303992.033 304544.926 340385.914 3.45407928954 3.8605796243 3.86760114861 0.863519822386 0.965144906075 0.966900287153
5051920 128 334532.022 334812.164 377943.039 3.42192178859 3.86273755574 3.86597226857 0.855480447147 0.965684388934 0.966493067142
5557112 128 367909.193 368432.045 418949.127 3.39568835526 3.86128375994 3.86677120079 0.848922088815 0.965320939985 0.966692800199
6112816 128 405038.834 405068.874 457582.951 3.41988461891 3.86324646608 3.86353298657 0.854971154727 0.96581161652 0.965883246642
6724096 128 445282.936 445783.138 489908.934 3.51365010216 3.86144837986 3.86578608079 0.878412525541 0.965362094966 0.966446520196
7396504 128 489909.887 490175.962 554597.139 3.414199048 3.86290877316 3.86500675787 0.853549762001 0.965727193289 0.966251689466
8136152 128 538674.831 538938.046 621661.901 3.35046254025 3.86473905017 3.86662749424 0.837615635062 0.966184762543 0.96665687356
8949760 64 296390.772 296489.0 346270.084 3.30831143934 3.86378341186 3.86506392311 0.827077859836 0.965945852966 0.966265980778
9844736 64 326011.896 356654.882 385197.163 3.2713797739 3.53318087484 3.86527676892 0.817844943474 0.883295218709 0.96631919223
10829208 64 358897.924 358905.077 401278.019 3.45430987587 3.86213155742 3.86220853147 0.863577468967 0.965532889355 0.965552132868
11912128 64 396233.082 396365.881 456918.001 3.33703723789 3.84683056007 3.84811983973 0.834259309473 0.961707640018 0.962029959932
13103336 64 433933.973 434355.021 504369.974 3.32539027789 3.86141963811 3.86516639019 0.831347569473 0.965354909527 0.966291597547
14413664 64 477586.985 477765.083 554718.971 3.32591652432 3.86162375119 3.86306379769 0.831479131079 0.965405937796 0.965765949422
15855024 64 525072.098 525766.85 614213.943 3.30413058044 3.85996772524 3.86507506251 0.82603264511 0.964991931309 0.966268765628
17440520 32 288994.789 289441.109 317692.041 3.51344426661 3.85637438944 3.86233012665 0.878361066653 0.964093597361 0.965582531663
19184568 32 317605.019 318367.004 373718.977 3.28538936357 3.85659423424 3.86584681774 0.821347340892 0.964148558561 0.966461704435
21103024 32 349723.816 349800.825 406661.987 3.32116986386 3.86103587949 3.86188607756 0.830292465964 0.965258969872 0.965471519389
23213320 32 383983.85 384713.173 435270.071 3.4131739786 3.86171460783 3.86904938841 0.85329349465 0.965428651958 0.967262347101
25534648 32 422335.148 422780.991 495950.222 3.29512398525 3.86539959645 3.86948015039 0.823780996311 0.966349899114 0.967370037599
28088112 32 464534.044 464965.82 539497.852 3.33205991708 3.86617486851 3.86976840819 0.83301497927 0.966543717127 0.967442102048
30896920 32 510674.0 511566.162 600497.961 3.29293854172 3.86539029921 3.87214324598 0.82323463543 0.966347574803 0.968035811496
33986608 16 280878.067 281036.854 328054.905 3.31521168995 3.86985351039 3.8720412299 0.828802922486 0.967463377597 0.968010307476
37385264 16 309023.857 309247.017 369052.887 3.24161790936 3.86852057493 3.8713142073 0.81040447734 0.967130143732 0.967828551826
41123784 16 339898.109 339941.978 397428.036 3.31119339553 3.87113440871 3.87163403725 0.827798348881 0.967783602177 0.967908509312
45236160 16 374066.114 374409.914 417495.966 3.46723618403 3.86623608476 3.8697894993 0.866809046006 0.966559021191 0.967447374824
49759776 16 411504.984 412125.111 486093.998 3.27573028787 3.86366370187 3.86948613969 0.818932571967 0.965915925468 0.967371534922
54735752 16 452582.836 452584.982 536617.041 3.26404853028 3.87008878699 3.87010713769 0.81601213257 0.967522196748 0.967526784423
60209320 16 497380.972 497921.228 578309.059 3.33160653463 3.86948403011 3.8736870698 0.832901633657 0.967371007528 0.96842176745
66230248 16 547305.822 547440.052 680779.934 3.11314689249 3.87141556095 3.87236504859 0.778286723122 0.967853890237 0.968091262146
72853272 8 301164.15 301532.03 360501.051 3.23342289507 3.86576627365 3.87048840973 0.808355723767 0.966441568413 0.967622102432
80138592 8 332132.816 332909.107 391596.079 3.27433685055 3.85155420816 3.86055641066 0.818584212637 0.96288855204 0.965139102665
88152448 8 364403.009 364626.884 420772.076 3.35202654465 3.86817108088 3.87054753436 0.838006636163 0.96704277022 0.967636883591
96967688 8 400812.149 400929.928 464068.89 3.34321701246 3.86971113815 3.87084825615 0.835804253114 0.967427784538 0.967712064037
106664456 8 440603.971 440875.053 497588.158 3.42980689665 3.87100899538 3.87339063724 0.857451724163 0.967752248844 0.968347659309
117330896 8 484719.992 485312.939 562816.143 3.33553747409 3.86821406383 3.87294596258 0.833884368523 0.967053515958 0.968236490646
129063984 8 534418.106 534734.011 610762.119 3.38106061224 3.86177744733 3.86406021955 0.84526515306 0.965444361832 0.966015054887
141970376 4 293278.933 293428.183 349586.964 3.24887116786 3.87066776064 3.87263754809 0.812217791965 0.967666940159 0.968159387023
156167408 4 322275.162 322826.147 364202.023 3.4303468545 3.87000642795 3.87662287173 0.857586713625 0.967501606987 0.969155717933
171784144 4 354831.934 355314.016 420078.993 3.27146364113 3.86777073269 3.87302556596 0.817865910281 0.966942683173 0.968256391489
188962552 4 390520.096 390667.915 442934.036 3.41292448341 3.86952794933 3.87099263645 0.853231120852 0.967381987333 0.967748159111
207858800 4 429877.996 431222.916 490784.883 3.3881858582 3.85617354343 3.86823800118 0.847046464551 0.964043385858 0.967059500296
228644680 4 473418.951 473734.14 557114.84 3.28326820373 3.86114760486 3.86371824815 0.820817050933 0.965286901214 0.965929562038
251509144 4 519327.164 519615.889 657623.053 3.05961468781 3.87223176695 3.87438457196 0.764903671952 0.968057941739 0.968596142989
276660056 2 285653.114 285979.986 318918.943 3.46997332172 3.86964220636 3.87407022631 0.867493330429 0.96741055159 0.968517556577
304326056 2 314156.055 314286.947 361731.052 3.36521904125 3.87322552088 3.87483928648 0.841304760311 0.96830638022 0.96870982162
334758656 2 345777.988 345973.969 385275.841 3.47552190276 3.87033344697 3.87252708521 0.86888047569 0.967583361741 0.968131771303
368234520 2 380227.089 380719.9 439536.81 3.35111427869 3.86882345788 3.87383782643 0.837778569672 0.967205864469 0.968459456606
405057968 2 418274.879 418915.033 493234.873 3.28490940258 3.867686152 3.87360550046 0.821227350646 0.966921538001 0.968401375116
445563760 2 460757.017 461371.899 542524.099 3.28511681469 3.86294666811 3.8681017852 0.821279203673 0.965736667027 0.967025446299
490120136 2 506045.103 506364.107 599404.812 3.27071205428 3.87168149736 3.8741221531 0.817678013569 0.96792037434 0.968530538275
539132144 1 278710.127 278995.991 312409.878 3.45144108407 3.86480208599 3.86876608901 0.862860271019 0.966200521498 0.967191522251
593045352 1 306401.968 306507.111 348390.102 3.40449024582 3.86970044555 3.87102834796 0.851122561456 0.967425111387 0.967757086991
652349880 1 336991.787 337344.885 392525.911 3.32385639632 3.86755459476 3.87160699557 0.830964099081 0.96688864869 0.967901748893
717584864 1 370999.813 398045.063 429270.029 3.34327959337 3.60554585751 3.868383966 0.835819898342 0.901386464376 0.967095991501
789343344 1 407618.046 407958.984 475836.039 3.3177114775 3.86971913824 3.87295583081 0.829427869376 0.967429784559 0.968238957703
868277672 1 448700.905 455202.818 541293.144 3.20816061177 3.81490464323 3.87018462555 0.802040152942 0.953726160808 0.967546156387
955105432 1 493369.102 493373.156 557818.89 3.42442842694 3.8717365158 3.87176832975 0.856107106735 0.96793412895 0.967942082437
1050615968 1 543685.913 567051.172 641357.899 3.27622367991 3.70554200354 3.86479010355 0.819055919977 0.926385500884 0.966197525887

META_DATA
ERT_VERSION  1.1.0
UNAME  ('Linux', 'atajo-Inspiron-15-7568', '4.15.0-33-generic', '#36-Ubuntu SMP Wed Aug 15 16:00:05 UTC 2018', 'x86_64', 'x86_64')
HOSTNAME  ('atajo-Inspiron-15-7568', [], ['127.0.1.1'])
FLOPS          4
CONFIG  {'ERT_WORKING_SET_MIN': ['1'], 'ERT_CFLAGS': [], 'ERT_CC': ['gcc'], 'ERT_MPI_CFLAGS': ['-I/usr/include/mpi'], 'ERT_MPI_LDFLAGS': ['-lmpi'], 'ERT_MEMORY_MAX': ['1073741824'], 'ERT_PROCS_THREADS': ['1-4'], 'ERT_LDFLAGS': [], 'ERT_LDLIBS': [], 'ERT_RUN': ['export', 'OMP_NUM_THREADS=ERT_OPENMP_THREADS;', 'mpirun', '-np', 'ERT_MPI_PROCS', 'ERT_CODE'], 'ERT_FLOPS': ['1,2,4,8,16'], 'ERT_OPENMP_CFLAGS': ['-fopenmp'], 'ERT_MPI': ['False'], 'ERT_TRIALS_MIN': ['1'], 'ERT_DRIVER': ['driver1'], 'ERT_RESULTS': ['Results/myLaptop'], 'ERT_OPENMP': ['False'], 'ERT_MPI_PROCS': ['1,2,4,8'], 'ERT_KERNEL': ['kernel1'], 'ERT_GPU': [False], 'ERT_OPENMP_THREADS': ['1,2,4,8'], 'ERT_LD': ['gcc'], 'ERT_NUM_EXPERIMENTS': ['3'], 'ERT_OPENMP_LDFLAGS': ['-fopenmp'], 'ERT_ALIGN': ['64'], 'ERT_GNUPLOT': ['gnuplot']}
TIMESTAMP_DATA  1535297493.82
TIMESTAMP_DATA  1535297185.16
TIMESTAMP_DATA  1535297344.5
