32 33554432 319756.501 319933.621 321503.328 6.67950674526 6.71227875735 6.71599683285 0.834938343158 0.839034844669 0.839499604107
64 16777216 262042.04 262627.038 262944.608 8.1670571773 8.17693282593 8.19518748976 1.02088214716 1.02211660324 1.02439843622
96 8388608 185902.987 185964.473 185966.134 8.66078517285 8.66086252937 8.66372704383 1.08259814661 1.08260781617 1.08296588048
128 8388608 233519.876 233902.898 237599.275 9.03825842061 9.18109038564 9.19614931621 1.12978230258 1.1476362982 1.14951866453
160 4194304 144704.426 144714.874 144728.942 9.27373102748 9.27463254399 9.27530219428 1.15921637844 1.159329068 1.15941277429
192 4194304 170358.871 170420.721 170522.187 9.44517991668 9.45080343839 9.45423461981 1.18064748958 1.1813504298 1.18177932748
224 4194304 194824.744 195608.202 196020.063 9.58599932702 9.60618303725 9.64481283753 1.19824991588 1.20077287966 1.20560160469
256 4194304 218205.078 218970.739 221167.681 9.7097534246 9.80717176097 9.84158419998 1.21371917807 1.22589647012 1.230198025
288 2097152 123621.047 123639.91 123783.608 9.75863905987 9.76998084195 9.7714716168 1.21982988248 1.22124760524 1.2214339521
320 2097152 136215.004 136237.427 136636.613 9.82296948476 9.8517515308 9.8533732745 1.2278711856 1.23146894135 1.23167165931
352 2097152 148945.65 148987.667 149010.082 9.90802090828 9.90951155709 9.91230699252 1.23850261353 1.23868894464 1.23903837406
384 2097152 161716.853 161794.516 161880.183 9.94941262205 9.95468063948 9.95946128138 1.24367657776 1.24433507994 1.24493266017
416 2097152 174539.701 174584.879 174629.238 9.991628458 9.99416715808 9.99675405655 1.24895355725 1.24927089476 1.24959425707
448 2097152 187331.49 187347.043 196589.292 9.55824283654 10.0297723514 10.0306050627 1.19478035457 1.25372154393 1.25382563284
480 2097152 199627.497 200055.307 200128.716 10.0598552783 10.0635466771 10.0851132748 1.25748190979 1.25794333464 1.26063915934
512 2097152 211844.101 218707.468 219753.03 9.77225955883 9.81897722852 10.1370943909 1.22153244485 1.22737215357 1.26713679887
544 1048576 112957.748 113012.418 113023.09 10.0939612251 10.0949144191 10.0998002191 1.26174515314 1.26186430238 1.26247502739
576 1048576 119450.44 119496.347 123529.552 9.77870908169 10.1087571489 10.1126421301 1.22233863521 1.26359464361 1.26408026626
608 1048576 130844.931 130894.118 130923.548 9.73903041491 9.74122012114 9.74488202374 1.21737880186 1.21765251514 1.21811025297
640 1048576 137489.688 137510.418 137530.613 9.75911653938 9.76054977885 9.7620214252 1.21988956742 1.22006872236 1.22025267815
704 1048576 144858.606 144892.421 144930.527 10.186915335 10.189594444 10.1919730472 1.27336441687 1.2736993055 1.27399663089
768 1048576 157627.08 157677.917 157681.543 10.2143390111 10.2145739026 10.2178682495 1.27679237639 1.27682173782 1.27723353119
832 1048576 170479.917 170576.443 185908.276 9.38543727876 10.2290236173 10.2348153067 1.17317965984 1.27862795216 1.27935191334
896 1048576 183217.389 183290.619 183305.093 10.2509328096 10.2517423 10.2558398101 1.2813666012 1.2814677875 1.28197997626
960 1048576 195634.263 196665.587 196674.817 10.2365211302 10.2370015553 10.2909678966 1.27956514128 1.27962519442 1.28637098707
1056 524288 113733.542 113749.634 113756.76 9.7338941088 9.73450390179 9.73588122315 1.2167367636 1.21681298772 1.21698515289
1152 524288 117476.906 117511.007 119509.268 10.107664219 10.2795438729 10.2825278017 1.26345802737 1.28494298411 1.28531597521
1248 524288 127109.273 127116.523 127184.502 10.2891691002 10.2946715117 10.2952586945 1.28614613752 1.28683393897 1.28690733681
1344 524288 142633.668 142649.535 142692.067 9.87641551229 9.87936023766 9.88045924753 1.23455193904 1.23492002971 1.23505740594
1472 524288 149356.624 149408.542 149516.956 10.3232697702 10.3307605532 10.3343516388 1.29040872127 1.29134506915 1.29179395485
1600 524288 162088.957 162268.334 162310.96 10.336465264 10.3391805329 10.3506224671 1.29205815799 1.29239756661 1.29382780839
1760 524288 178119.168 178151.002 178352.411 10.3474561945 10.3591545334 10.361005953 1.29343202431 1.29489431668 1.29512574413
1920 524288 194048.571 194197.065 194322.878 10.3604163376 10.367128463 10.3750618189 1.2950520422 1.29589105788 1.29688272737
2112 262144 106826.522 106829.737 106830.581 10.364974576 10.3650564636 10.3653684054 1.29562182199 1.29563205795 1.29567105068
2304 262144 116411.263 116455.694 116473.861 10.3710784688 10.3726963492 10.3766553242 1.29638480861 1.29658704365 1.29708191552
2528 262144 130746.078 130793.364 130851.93 10.1290066108 10.1335421268 10.1372070526 1.26612582634 1.26669276585 1.26715088157
2752 262144 141946.453 141966.885 142013.037 10.1599163463 10.1632192324 10.1646821425 1.26998954328 1.27040240405 1.27058526781
3008 262144 153304.839 153337.362 153365.707 10.2829917773 10.2848926278 10.2870745261 1.28537397216 1.28561157847 1.28588431576
3296 262144 167623.643 167657.531 167659.006 10.3069515276 10.307042205 10.3091259507 1.28836894094 1.28838027562 1.28864074384
3616 262144 183631.867 183637.497 183653.856 10.3228184221 10.3237380109 10.3240545281 1.29035230276 1.29046725136 1.29050681601
3968 262144 200588.262 201172.766 201184.658 10.3406234088 10.3412346779 10.3713685101 1.2925779261 1.29265433473 1.29642106376
4352 131072 110378.526 110381.314 110384.037 10.3352868676 10.3355418291 10.3358028898 1.29191085845 1.29194272864 1.29197536122
4768 131072 120772.745 120803.624 120835.516 10.3438346057 10.3465653646 10.3492107594 1.29297932571 1.29332067058 1.29365134493
5216 131072 132070.276 132086.756 132313.524 10.334114478 10.3518561997 10.3531479256 1.29176430975 1.29398202497 1.2941434907
5728 131072 144774.023 144793.507 144794.835 10.3702651548 10.3703602676 10.371755933 1.29628314435 1.29629503345 1.29646949163
6272 131072 158296.395 158319.561 158640.017 10.3641388793 10.3851170229 10.3866368403 1.29551735991 1.29813962786 1.29832960504
6880 131072 173499.485 173575.812 173813.037 10.376383447 10.3905647868 10.3951358703 1.29704793088 1.29882059834 1.29939198379
7552 131072 190324.222 190373.164 190428.043 10.3961131817 10.3991100763 10.4017842143 1.29951414771 1.29988875953 1.30022302679
8288 65536 104464.797 104497.445 104559.001 10.389586029 10.3957061917 10.3989551236 1.29869825363 1.29946327396 1.29986939045
9088 65536 114500.851 114548.242 114648.549 10.3898596745 10.398957812 10.4032618587 1.29873245932 1.2998697265 1.30040773234
9984 65536 125701.515 125719.88 125733.344 10.4079220863 10.4090367251 10.4105574861 1.30099026079 1.30112959064 1.30131968577
10976 65536 138016.106 138022.217 138715.986 10.371164229 10.4232949106 10.4237564274 1.29639552863 1.30291186382 1.30296955342
12064 65536 151492.877 151515.713 151527.016 10.4354500586 10.4362285382 10.4378016928 1.30443125733 1.30452856728 1.3047252116
13248 65536 166229.288 166268.868 166280.485 10.442848155 10.4435777839 10.4460644504 1.30535601938 1.30544722299 1.30575805631
14560 65536 182968.073 182974.01 183024.841 10.4270453648 10.4299420448 10.4302804785 1.30338067061 1.3037427556 1.30378505981
16000 65536 199965.62 200305.125 200589.394 10.4549495772 10.4697870312 10.487562812 1.30686869716 1.3087233789 1.31094535151
17600 32768 110572.939 110576.18 110634.32 10.4256400726 10.4311217841 10.4314275304 1.30320500908 1.30389022301 1.3039284413
19360 32768 121536.023 121540.985 121561.97 10.4372852793 10.4390873581 10.4395135589 1.30466065991 1.30488591976 1.30493919486
21280 32768 133487.035 133514.759 133574.99 10.4406227543 10.4453327141 10.4475021113 1.30507784429 1.30566658926 1.30593776392
23392 32768 146625.937 146705.041 146715.919 10.4488873631 10.4496621353 10.4552996787 1.30611092038 1.30620776692 1.30691245983
25728 32768 161067.103 161148.24 161194.546 10.4600946486 10.4631003603 10.4683711111 1.30751183108 1.30788754503 1.30854638889
28288 32768 177019.733 177065.056 177156.021 10.4646873278 10.4700634325 10.4727441206 1.30808591597 1.30875792906 1.30909301507
31104 32768 194585.525 194738.921 194801.844 10.4641296106 10.4675107243 10.4757624906 1.30801620133 1.30843884053 1.30947031132
34208 16384 107183.798 107217.032 107246.593 10.4518727602 10.4547544648 10.4579961236 1.30648409502 1.30684430809 1.30724951545
37600 16384 117792.586 117907.438 117933.502 10.4472162626 10.4495256694 10.4597143321 1.30590203283 1.30619070868 1.30746429151
41344 16384 129435.476 129553.502 129561.936 10.4564676465 10.4571483679 10.4666837398 1.30705845581 1.30714354599 1.30833546747
45472 16384 142251.355 142355.042 142425.737 10.4617783793 10.4669738076 10.4746031839 1.30772229741 1.30837172596 1.30932539799
50016 16384 156588.526 156593.414 157202.722 10.4255464991 10.466112502 10.4664392077 1.30319331239 1.30826406275 1.30830490096
55008 16384 172155.19 172176.15 175180.493 10.289399882 10.4689420922 10.4702166923 1.28617498525 1.30861776152 1.30877708653
60480 16384 189153.084 189449.067 190091.674 10.4255415206 10.4609047243 10.4772737409 1.30319269007 1.30761309054 1.30965921761
66528 8192 104435.263 104455.502 105376.696 10.3437932045 10.4350152087 10.4370374593 1.29297415057 1.30437690108 1.30462968241
73152 8192 114967.761 115287.929 115403.241 10.385517405 10.3959050908 10.4248561299 1.29818967563 1.29948813635 1.30310701624
80448 8192 125483.78 126534.402 128168.698 10.2837904462 10.4166140683 10.503827921 1.28547380578 1.30207675854 1.31297849013
88480 8192 139132.023 139137.358 139919.664 10.3606332274 10.4188863497 10.4192858606 1.29507915342 1.30236079371 1.30241073257
97312 8192 153063.959 153257.917 154078.911 10.3476835191 10.4031154749 10.4162979869 1.29346043989 1.30038943437 1.30203724836
107040 8192 168199.698 168790.185 168968.96 10.3790859576 10.3900790203 10.4265547492 1.2973857447 1.29875987754 1.30331934365
117728 8192 184992.136 185499.551 185690.465 10.3874776338 10.3981683061 10.4266894459 1.29843470423 1.29977103826 1.30333618073
129472 8192 203322.256 203730.009 204032.391 10.3967278803 10.412159006 10.4330400898 1.29959098504 1.30151987575 1.30413001123
142400 4096 112234.57 112235.093 112289.721 10.3886695025 10.3937259623 10.3937743959 1.29858368782 1.29921574529 1.29922179949
156640 4096 123396.323 123438.485 123440.012 10.3952912772 10.3954198725 10.3989717749 1.29941140965 1.29942748406 1.29987147186
172288 4096 135757.232 136011.413 136208.4 10.3619402034 10.3769475287 10.3963764965 1.29524252542 1.29711844108 1.29954706207
189504 4096 149210.685 149226.656 149525.407 10.3822942144 10.4030795142 10.4041930241 1.2977867768 1.30038493927 1.30052412801
208448 4096 164027.89 164217.864 164225.867 10.3979114082 10.3984181404 10.4104613917 1.29973892602 1.29980226755 1.30130767396
229280 4096 180508.856 180562.34 180630.567 10.3983605388 10.4022896469 10.4053718007 1.29979506735 1.30028620586 1.30067147509
252192 4096 197924.525 198032.045 198505.782 10.4075399879 10.4324371543 10.4381044441 1.30094249849 1.30405464429 1.30476305551
277408 2048 109327.653 109370.88 109747.497 10.3534312769 10.3890831636 10.3931908975 1.29417890961 1.29863539545 1.29914886218
305120 2048 120230.828 120263.524 120447.998 10.3760256771 10.3919416165 10.3947676381 1.29700320963 1.29899270206 1.29934595477
335616 2048 132210.278 132221.125 132950.509 10.3398110044 10.3968494898 10.3977024842 1.29247637555 1.29960618623 1.29971281053
369152 2048 145340.614 145398.38 145689.177 10.378578719 10.3993358936 10.4034691363 1.29732233987 1.2999169867 1.30043364204
406048 2048 159821.241 159860.171 160137.055 10.3859322753 10.4039211118 10.4064553472 1.29824153442 1.30049013897 1.3008069184
446624 2048 175755.347 175826.092 176314.399 10.375623967 10.4044393138 10.4086273062 1.29695299588 1.30055491423 1.30107841328
491264 2048 193328.716 193364.857 193710.528 10.3877541648 10.4063239578 10.408269323 1.2984692706 1.30079049473 1.30103366538
540384 1024 106512.42 106551.713 106721.802 10.3700126053 10.3865663051 10.3903979649 1.29625157566 1.29832078814 1.29879974561
594400 1024 117111.244 117199.732 117315.444 10.3765638904 10.3868087343 10.3946568956 1.2970704863 1.29835109179 1.29933211195
653824 1024 128857.255 128882.766 129012.99 10.3790444048 10.3895314599 10.3915883665 1.29738055059 1.29869143249 1.29894854582
719200 1024 141719.464 141773.214 142256.861 10.353958253 10.3892798819 10.3932202284 1.29424478163 1.29865998524 1.29915252855
791104 1024 155887.398 156048.159 156161.286 10.3750489862 10.3825703705 10.3932775374 1.29688112328 1.29782129631 1.29915969218
870208 1024 171341.693 171371.524 171712.009 10.3789245399 10.3995456328 10.4013562187 1.29736556748 1.2999432041 1.30016952733
957216 1024 188479.482 188831.175 190234.174 10.3050799274 10.3816457637 10.4010173797 1.28813499093 1.29770572047 1.30012717246
1052928 512 103781.761 103789.709 104031.979 10.3641042145 10.3882965121 10.3890920872 1.29551302682 1.29853706402 1.2986365109
1158208 512 114224.382 114227.745 114383.897 10.3686359978 10.3828101658 10.383115857 1.29607949972 1.29785127072 1.29788948212
1274016 512 125623.722 125683.666 127350.948 10.2440728121 10.3799676244 10.3849206442 1.28050910151 1.29749595305 1.29811508053
1401408 512 138131.628 138145.097 138337.254 10.3735020792 10.3879314081 10.3889443191 1.2966877599 1.29849142601 1.29861803989
1541536 512 151888.899 151941.945 152155.359 10.3744808883 10.3890526345 10.3926809292 1.29681011104 1.29863157932 1.29908511615
1695680 512 167048.615 167183.826 167521.093 10.3651205284 10.3860305243 10.3944370925 1.29564006605 1.29825381553 1.29930463656
1865248 512 183780.594 183886.886 183986.349 10.3812807982 10.386895953 10.3929033552 1.29766009977 1.29836199412 1.2991129194
2051744 512 201303.511 202119.607 202325.209 10.3842020793 10.3947651947 10.43690617 1.29802525992 1.29934564933 1.30461327125
2256896 256 111317.258 111343.093 111482.858 10.3650980315 10.3781089681 10.3805175654 1.29563725394 1.29726362101 1.29756469567
2482560 256 122445.794 122500.608 122557.664 10.3712055086 10.3760360112 10.3806809403 1.29640068858 1.2970045014 1.29758511754
2730816 256 134775.747 134970.7 135228.013 10.339409424 10.3591208462 10.3741053055 1.292426178 1.29489010578 1.29676316318
3003872 256 148262.896 148611.877 148678.502 10.3443500124 10.3489875442 10.3733469768 1.29304375154 1.29362344303 1.29666837211
3304256 256 163146.019 163290.586 163791.701 10.3288448784 10.3605425974 10.3697232845 1.2911056098 1.29506782467 1.29621541056
3634656 256 179787.071 180518.871 181639.409 10.2452649579 10.3088605734 10.3508214559 1.28065811974 1.28860757167 1.29385268199
3998112 256 198005.989 198171.954 198424.679 10.3164251257 10.3295814704 10.3382395368 1.28955314072 1.29119768381 1.2922799421
4397920 128 109477.133 109514.683 110425.395 10.1957300673 10.2805166317 10.2840427873 1.27446625842 1.28506457897 1.28550534841
4837696 128 120621.362 120666.83 120739.76 10.2571860007 10.2633853562 10.2672541204 1.28214825009 1.28292316952 1.28340676505
5321440 128 132559.029 132584.01 132815.136 10.2570285363 10.2749090181 10.2768453441 1.28212856703 1.28436362726 1.28460566802
5853568 128 145817.511 145870.454 145911.755 10.2699978353 10.272905629 10.2766354858 1.28374972942 1.28411320362 1.28457943573
6438912 128 160230.423 160294.171 160601.74 10.263658862 10.2833525494 10.2874438021 1.28295735775 1.28541906867 1.28593047526
7082784 128 176134.649 176744.686 177534.653 10.2131762637 10.2588244379 10.2943555643 1.27664703296 1.28235305473 1.28679444554
7791040 128 193575.954 193637.817 193941.095 10.2840825973 10.3001896577 10.3034813921 1.28551032467 1.28752370721 1.28793517401
8570144 64 106519.602 106599.634 106708.253 10.2801648529 10.2906397596 10.2983714866 1.28502060661 1.28632996995 1.28729643582
9427136 64 117141.202 117245.092 129373.654 9.3270412537 10.2918884485 10.3010161019 1.16588015671 1.28648605606 1.28762701274
10369824 64 128830.334 128911.019 129128.422 10.27920462 10.2965400654 10.3029886735 1.2849005775 1.28706750817 1.28787358418
11406784 64 141549.999 141815.161 141953.421 10.2855453691 10.2955730664 10.3148595006 1.28569317114 1.2869466333 1.28935743758
12547456 64 155590.78 155681.367 155762.899 10.3110200074 10.3164199991 10.3224263546 1.28887750093 1.28955249988 1.29030329432
13802176 64 170994.255 171079.282 171447.888 10.3044636397 10.3266655515 10.3318004924 1.28805795496 1.29083319393 1.29147506155
15182368 64 188040.919 188065.564 188128.4 10.3298763185 10.3333277112 10.3346820167 1.29123453981 1.2916659639 1.29183525209
16700576 64 206517.571 206671.063 206672.694 10.3432808981 10.3433625248 10.3510501196 1.29291011226 1.2929203156 1.29388126495
18370624 32 113854.332 113926.023 113926.62 10.3199755773 10.3200296564 10.3265279006 1.28999694716 1.29000370705 1.29081598757
20207680 32 125133.748 125273.685 130119.175 9.93928465962 10.3237285628 10.3352735826 1.24241058245 1.29046607035 1.29190919783
22228448 32 137461.323 137537.277 137700.072 10.3312994056 10.3435279731 10.3492432704 1.2914124257 1.29294099664 1.2936554088
24451264 32 151145.048 151257.56 152310.718 10.2742664242 10.3458028544 10.3535042445 1.28428330303 1.2932253568 1.29418803056
26896384 32 166349.877 166375.844 166542.2 10.3359303288 10.3462650263 10.3478800649 1.2919912911 1.29328312829 1.29348500811
29586016 32 182746.252 182951.369 183264.742 10.3320748079 10.3497723704 10.3613891025 1.29150935099 1.2937215463 1.29517363782
32544608 32 200930.487 201643.522 201716.559 10.325651609 10.3293916479 10.3660471992 1.29070645112 1.29117395599 1.2957558999
35799040 16 110763.805 110802.918 110955.126 10.3246179 10.3388006442 10.3424514895 1.2905772375 1.29235008053 1.29280643618
39378944 16 121726.929 122009.295 122160.224 10.3153560688 10.3281164603 10.3520742563 1.2894195086 1.29101455754 1.29400928204
43316832 16 133903.064 133920.478 134034.092 10.3416869792 10.3504605472 10.3518066174 1.2927108724 1.2938075684 1.29397582717
47648512 16 147105.594 147716.525 147851.408 10.3127349589 10.3221517295 10.3650197286 1.28909186986 1.29026896618 1.29562746608
52413344 16 161837.989 161928.119 162189.575 10.3411517541 10.3578490157 10.363617457 1.29264396926 1.29473112696 1.29545218212
57654656 16 177941.388 178308.621 180103.846 10.2438067425 10.3469421818 10.3682960594 1.28047584281 1.29336777272 1.29603700742
63420096 16 187489.452 195765.512 197034.838 10.2999200172 10.3667037736 10.8243053161 1.28749000215 1.29583797171 1.35303816451
69762080 8 107876.529 108203.341 108224.215 10.3137110304 10.3157006954 10.346952116 1.2892138788 1.28946258693 1.2933690145
76738272 8 118901.615 118910.925 118930.232 10.3238035557 10.3254797825 10.3262882678 1.29047544446 1.29068497281 1.29078603348
84412096 8 130376.205 130630.759 130755.501 10.3291526985 10.339016219 10.3592027088 1.29114408731 1.29237702737 1.2949003386
92853280 8 143516.595 143554.133 143832.16 10.3290702163 10.3490749375 10.351781827 1.29113377704 1.29363436718 1.29397272838
102138592 8 157760.507 158175.769 158443.941 10.31416829 10.3316549831 10.3588502793 1.28927103625 1.29145687289 1.29485628491
112352448 8 173426.96 173466.895 173771.693 10.3448331369 10.3630100026 10.3653962913 1.29310414211 1.29537625032 1.29567453642
123587680 8 190708.242 190765.938 191415.301 10.3304326753 10.3655972378 10.3687331982 1.29130408441 1.29569965473 1.29609164978
135946432 4 105119.614 105206.073 105389.144 10.3195776597 10.3375349444 10.3460373818 1.28994720747 1.29219186805 1.29325467272
149541056 4 115530.599 115659.341 116386.132 10.2789604521 10.3435523465 10.3550787268 1.28487005651 1.29294404332 1.29438484085
164495136 4 127081.126 127314.807 127350.033 10.3334177228 10.3362768166 10.3552835061 1.29167721535 1.29203460207 1.29441043826
180944640 4 139723.981 140074.703 140995.115 10.2667182476 10.3341794699 10.3601193556 1.28333978096 1.29177243374 1.29501491945
199039104 4 153666.446 154065.845 154088.04 10.3337860096 10.3352747132 10.3621374311 1.2917232512 1.29190933915 1.29526717889
218943008 4 169141.975 169230.85 169840.562 10.3128725163 10.3500281657 10.3554665481 1.28910906454 1.29375352071 1.29443331852
240837280 4 185892.74 186110.288 186241.815 10.3451431678 10.3524542394 10.36456959 1.29314289597 1.29405677992 1.29557119875
264920992 4 204127.443 204708.068 204758.66 10.3505655683 10.3531236297 10.3825723031 1.29382069603 1.29414045371 1.29782153789
291413088 2 112634.389 112875.642 112923.058 10.3225361821 10.3268724 10.3489916565 1.29031702276 1.29085905 1.29362395707
320554368 2 123839.396 124196.295 124385.189 10.3084417229 10.3241201519 10.3538737544 1.28855521536 1.29051501899 1.29423421929
352609792 2 136271.105 136520.704 136597.608 10.3255041479 10.3313206472 10.3502438613 1.29068801849 1.29141508089 1.29378048266
387870752 2 149832.956 149866.691 151296.448 10.2545897707 10.3524205255 10.3547513806 1.28182372133 1.29405256569 1.29434392257
426657824 2 164753.316 164763.813 165063.652 10.3392314136 10.3580468607 10.3587068075 1.2924039267 1.29475585759 1.29483835093
469323584 2 181243.944 181360.68 182085.452 10.3099633462 10.3511650706 10.3578320719 1.28874541828 1.29389563383 1.29472900899
516255936 2 199322.921 199340.348 199357.356 10.3584025462 10.3592863398 10.3601920624 1.29480031828 1.29491079247 1.2950240078
567881504 1 109810.399 109976.673 123496.083 9.19675329298 10.3273083011 10.3429458261 1.14959416162 1.29091353764 1.29286822826
624669632 1 120716.884 120790.003 141462.966 8.83156418479 10.3430684077 10.3493332714 1.1039455231 1.29288355097 1.29366665892
687136576 1 132887.532 132898.612 132941.891 10.3373973521 10.3407637696 10.3416259698 1.29217466901 1.2925954712 1.29270324623
755850208 1 146035.121 146135.591 146206.098 10.3395168647 10.3445054395 10.351622306 1.29243960809 1.29306317993 1.29395278825
831435200 1 160619.291 160855.069 161331.656 10.3071550942 10.3376934923 10.3528685107 1.28839438678 1.29221168653 1.29410856383
914578720 1 176593.844 176613.569 176641.532 10.3551946096 10.3568341343 10.3579909615 1.2943993262 1.29460426679 1.29474887018
1006036576 1 194217.495 194314.135 194716.88 10.3333267871 10.3547441466 10.3598965273 1.29166584838 1.29434301833 1.29498706592

META_DATA
ERT_VERSION  1.1.0
MPI_PROCS      1
FLOPS          2
HOSTNAME  ('atajo-Inspiron-15-7568', [], ['127.0.1.1'])
TIMESTAMP_DATA  1535286346.18
OPENMP_THREADS 4
UNAME  ('Linux', 'atajo-Inspiron-15-7568', '4.15.0-33-generic', '#36-Ubuntu SMP Wed Aug 15 16:00:05 UTC 2018', 'x86_64', 'x86_64')
TIMESTAMP_DATA  1535286294.85
CONFIG  {'ERT_WORKING_SET_MIN': ['1'], 'ERT_CFLAGS': [], 'ERT_CC': ['mpicc'], 'ERT_MPI_CFLAGS': ['-I/usr/include/mpi'], 'ERT_MPI_LDFLAGS': ['-lmpi'], 'ERT_MEMORY_MAX': ['1073741824'], 'ERT_PROCS_THREADS': ['1-4'], 'ERT_LDFLAGS': [], 'ERT_LDLIBS': [], 'ERT_RUN': ['export', 'OMP_NUM_THREADS=ERT_OPENMP_THREADS;', 'mpirun', '-np', 'ERT_MPI_PROCS', 'ERT_CODE'], 'ERT_FLOPS': ['1,2,4,8,16'], 'ERT_OPENMP_CFLAGS': ['-fopenmp'], 'ERT_MPI': ['True'], 'ERT_TRIALS_MIN': ['1'], 'ERT_DRIVER': ['driver1'], 'ERT_RESULTS': ['Results/myLaptop'], 'ERT_OPENMP': ['True'], 'ERT_MPI_PROCS': ['1,2,4'], 'ERT_KERNEL': ['kernel1'], 'ERT_GPU': [False], 'ERT_OPENMP_THREADS': ['1,2,4'], 'ERT_LD': ['mpicc'], 'ERT_NUM_EXPERIMENTS': ['3'], 'ERT_OPENMP_LDFLAGS': ['-fopenmp'], 'ERT_ALIGN': ['64'], 'ERT_GNUPLOT': ['gnuplot']}
TIMESTAMP_DATA  1535286397.66
