8 134217728 4745627.141 4745724.44 4750944.987 0.452011895292 0.452509132199 0.452518409937 0.452011895292 0.452509132199 0.452518409937
16 67108864 2402786.057 2403511.797 2410057.799 0.891050683055 0.893477473537 0.893747340403 0.891050683055 0.893477473537 0.893747340403
24 33554432 1714726.255 1730352.321 1733530.307 0.929094074385 0.930800459798 0.939282717171 0.929094074385 0.930800459798 0.939282717171
32 33554432 2234032.593 2240988.913 2241781.335 0.957936269016 0.958274998838 0.961258870944 0.957936269016 0.958274998838 0.961258870944
40 16777216 1393415.561 1396631.084 1401393.901 0.957744485003 0.961010602854 0.9632282842 0.957744485003 0.961010602854 0.9632282842
48 16777216 1660060.989 1665868.987 1667606.119 0.965823234665 0.966830374158 0.970212990169 0.965823234665 0.966830374158 0.970212990169
56 16777216 1933765.267 1935750.007 1938189.983 0.969486071273 0.970708089994 0.97170438629 0.969486071273 0.970708089994 0.97170438629
64 16777216 2196228.528 2205110.853 2206324.545 0.973330806144 0.973866526972 0.977805187676 0.973330806144 0.973866526972 0.977805187676
72 8388608 1244364.003 1244978.916 1247615.918 0.968214283396 0.970265067525 0.970744532217 0.968214283396 0.970265067525 0.970744532217
80 8388608 1372313.946 1376096.913 1379301.382 0.973084851154 0.975350839988 0.978039525075 0.973084851154 0.975350839988 0.978039525075
88 8388608 1505711.426 1506454.139 1514459.861 0.97486572343 0.980046434723 0.98052985619 0.97486572343 0.980046434723 0.98052985619
96 8388608 1646959.917 1649646.481 1651802.163 0.975063946565 0.976338115196 0.977930743411 0.975063946565 0.976338115196 0.977930743411
104 8388608 1775117.127 1779346.368 1782372.043 0.978937293621 0.980601919547 0.982938217124 0.978937293621 0.980601919547 0.982938217124
112 8388608 1920514.57 1921985.007 1931860.892 0.972662265581 0.977660171727 0.978408714702 0.972662265581 0.977660171727 0.978408714702
120 8388608 2064196.637 2064321.854 2070941.866 0.972149896167 0.975267454588 0.975326615649 0.972149896167 0.975267454588 0.975326615649
128 8388608 2198257.133 2200061.585 2204361.026 0.974197793678 0.976101606719 0.976902845332 0.974197793678 0.976101606719 0.976902845332
136 4194304 1154705.331 1155696.421 1172626.669 0.972901877605 0.987154296985 0.988001577001 0.972901877605 0.987154296985 0.988001577001
144 4194304 1238689.402 1239483.428 1251012.49 0.965585525049 0.974566924182 0.975191642109 0.965585525049 0.974566924182 0.975191642109
152 4194304 1320927.593 1335688.118 1336349.46 0.954142950004 0.954615376761 0.965282595925 0.954142950004 0.954615376761 0.965282595925
160 4194304 1371336.169 1371538.818 1430083.101 0.938530970026 0.978592266136 0.978736877464 0.938530970026 0.978592266136 0.978736877464
176 4194304 1500287.984 1509145.644 1594524.577 0.925915491863 0.978298558439 0.984074406877 0.925915491863 0.978298558439 0.984074406877
192 4194304 1642611.104 1643325.595 1693720.661 0.950931740449 0.980093501191 0.980519815115 0.950931740449 0.980093501191 0.980519815115
208 4194304 1777605.862 1777984.501 1854136.485 0.941047478498 0.981353022492 0.981562055627 0.941047478498 0.981353022492 0.981562055627
224 4194304 1903501.642 1904721.823 1964935.345 0.95629008699 0.986521060089 0.987153438978 0.95629008699 0.986521060089 0.987153438978
240 4194304 2050074.333 2052624.217 2110881.781 0.953755884447 0.98082537628 0.982045327622 0.953755884447 0.98082537628 0.982045327622
264 2097152 1140486.599 1155483.055 1161401.23 0.953414054848 0.958297269015 0.970898085932 0.953414054848 0.958297269015 0.970898085932
288 2097152 1227722.936 1230271.261 1259880.467 0.958789015022 0.981864398765 0.983902407114 0.958789015022 0.981864398765 0.983902407114
312 2097152 1325168.519 1328205.566 1360409.972 0.961932707738 0.985256259647 0.987514289117 0.961932707738 0.985256259647 0.987514289117
336 2097152 1456609.172 1458404.084 1479967.443 0.952241314946 0.966320760797 0.967511513102 0.952241314946 0.966320760797 0.967511513102
368 2097152 1564059.295 1566720.239 1606377.027 0.960860275052 0.985181549059 0.986857644678 0.960860275052 0.985181549059 0.986857644678
400 2097152 1712582.508 1717450.925 1739619.722 0.964418590329 0.976867272059 0.979644246139 0.964418590329 0.976867272059 0.979644246139
440 2097152 1873604.945 1874178.415 1909953.931 0.966250405335 0.984694810926 0.984996204736 0.966250405335 0.984694810926 0.984996204736
480 2097152 2035773.175 2043015.475 2080398.315 0.967730989534 0.985438409369 0.988944124387 0.967730989534 0.985438409369 0.988944124387
528 1048576 1116028.884 1116294.482 1135391.813 0.975254747587 0.991939200502 0.992175267034 0.975254747587 0.991939200502 0.992175267034
576 1048576 1230570.417 1232619.122 1248569.38 0.967474912768 0.979994168872 0.981625704074 0.967474912768 0.979994168872 0.981625704074
632 1048576 1358433.852 1362793.08 1377470.85 0.962198266482 0.972561486737 0.975682446406 0.962198266482 0.972561486737 0.975682446406
688 1048576 1480917.399 1482054.117 1488696.438 0.96919730522 0.973541086962 0.97428835462 0.96919730522 0.973541086962 0.97428835462
752 1048576 1614483.974 1617011.38 1629590.456 0.967763586362 0.975292025465 0.976818803653 0.967763586362 0.975292025465 0.976818803653
824 1048576 1769043.636 1769950.954 1779327.885 0.971183143123 0.976328323728 0.976829069015 0.971183143123 0.976328323728 0.976829069015
904 1048576 1931286.462 1933872.393 1944719.296 0.974858125746 0.98032601058 0.981638635853 0.974858125746 0.98032601058 0.981638635853
992 1048576 2125984.95 2130713.371 2151740.088 0.966833678288 0.976374773029 0.97854633637 0.966833678288 0.976374773029 0.97854633637
1088 524288 1158848.67 1160870.638 1179626.491 0.967128745161 0.982754366124 0.98446908344 0.967128745161 0.982754366124 0.98446908344
1192 524288 1278569.666 1284557.668 1287723.83 0.970629387203 0.973021782623 0.977578793896 0.970629387203 0.973021782623 0.977578793896
1304 524288 1401925.977 1402138.176 1404432.052 0.973591497042 0.975184277416 0.975331883732 0.973591497042 0.975184277416 0.975331883732
1432 524288 1531347.112 1535056.289 1536525.453 0.977244359388 0.978179655534 0.980548969096 0.977244359388 0.978179655534 0.980548969096
1568 524288 1682415.164 1687513.226 1698499.611 0.968011506951 0.974313648431 0.977266018033 0.968011506951 0.974313648431 0.977266018033
1720 524288 1838918.477 1840169.438 1841832.422 0.979215426147 0.980100355302 0.980767088132 0.979215426147 0.980100355302 0.980767088132
1888 524288 2018180.077 2020364.334 2028219.889 0.976083263327 0.979878457902 0.980938970988 0.976083263327 0.979878457902 0.980938970988
2072 262144 1101957.34 1102584.79 1104385.556 0.983646272896 0.985252785865 0.98581378477 0.983646272896 0.985252785865 0.98581378477
2272 262144 1213763.577 1214188.429 1225687.73 0.97184813623 0.981052287725 0.981395684112 0.97184813623 0.981052287725 0.981395684112
2496 262144 1331822.403 1332178.483 1337085.641 0.978712812308 0.982317958667 0.982580594118 0.978712812308 0.982317958667 0.982580594118
2744 262144 1467703.786 1473012.147 1489552.368 0.965824567774 0.976669659466 0.980202058292 0.965824567774 0.976669659466 0.980202058292
3016 262144 1611114.824 1613611.017 1620636.212 0.975698677033 0.97994658647 0.981464874163 0.975698677033 0.97994658647 0.981464874163
3312 262144 1767063.55 1775730.744 1777801.04 0.976735763413 0.977874523977 0.982670858668 0.976735763413 0.977874523977 0.982670858668
3640 262144 1941414.468 1946371.444 1951952.117 0.977692179731 0.980495437232 0.982998917262 0.977692179731 0.980495437232 0.982998917262
4000 262144 2136258.334 2138300.434 2143142.544 0.97854060425 0.980756476805 0.981694005178 0.97854060425 0.980756476805 0.981694005178
4400 131072 1169770.511 1175013.342 1186914.298 0.971791815082 0.981634470666 0.986034088869 0.971791815082 0.981634470666 0.986034088869
4840 131072 1290141.816 1293616.414 1296703.96 0.978463087288 0.980798439374 0.983439916655 0.978463087288 0.980798439374 0.983439916655
5320 131072 1419483.47 1420043.55 1432349.949 0.973648989183 0.982086838111 0.982474336246 0.973648989183 0.982086838111 0.982474336246
5848 131072 1560685.901 1562219.604 1565479.51 0.979264246007 0.981307690721 0.982272032456 0.979264246007 0.981307690721 0.982272032456
6432 131072 1719923.618 1720586.448 1721455.788 0.979467622552 0.979962506365 0.980340167641 0.979467622552 0.979962506365 0.980340167641
7072 131072 1888308.008 1890633.476 1891527.659 0.980097943151 0.980561484568 0.981769054702 0.980097943151 0.980561484568 0.981769054702
7776 131072 2073814.495 2073866.835 2074427.845 0.982647696768 0.982913516721 0.982938323999 0.982647696768 0.982913516721 0.982938323999
8552 65536 1134566.322 1137505.637 1138072.933 0.984934894326 0.985426100354 0.987979038567 0.984934894326 0.985426100354 0.987979038567
9400 65536 1252653.536 1254723.642 1255646.741 0.981228843885 0.98195073302 0.983573481886 0.981228843885 0.98195073302 0.983573481886
10336 65536 1377865.373 1383959.508 1384873.472 0.978255573084 0.978901611043 0.983231176679 0.978255573084 0.978901611043 0.983231176679
11368 65536 1513957.792 1519331.343 1520311.208 0.980079925846 0.980712010494 0.984192890894 0.980079925846 0.980712010494 0.984192890894
12504 65536 1663576.267 1669107.392 1677541.228 0.976980035211 0.981916619539 0.985181335242 0.976980035211 0.981916619539 0.985181335242
13752 65536 1833042.256 1840854.845 1842528.748 0.978276266222 0.979165820106 0.983339111851 0.978276266222 0.979165820106 0.983339111851
15120 65536 2012587.534 2021383.447 2030663.257 0.975941546767 0.980421919919 0.984706804807 0.975941546767 0.980421919919 0.984706804807
16632 32768 1102282.667 1105262.782 1105990.477 0.985537194639 0.986186063397 0.988852301349 0.985537194639 0.986186063397 0.988852301349
18288 32768 1217837.491 1223858.244 1225224.751 0.978206134851 0.979298357368 0.984139819029 0.978206134851 0.979298357368 0.984139819029
20112 32768 1341807.181 1344820.605 1346560.933 0.978834302777 0.980101009086 0.982302115135 0.978834302777 0.980101009086 0.982302115135
22120 32768 1472694.121 1473398.488 1480409.103 0.979226834706 0.983886118933 0.984356696566 0.979226834706 0.983886118933 0.984356696566
24328 32768 1619627.968 1629282.137 1630274.571 0.977970113968 0.978565818524 0.984398787562 0.977970113968 0.978565818524 0.984398787562
26760 32768 1785272.021 1788192.358 1788587.91 0.980518402364 0.980735295145 0.982339575914 0.980518402364 0.980735295145 0.982339575914
29432 32768 1962424.029 1963652.56 1967012.925 0.980601361326 0.982279447643 0.982894381386 0.980601361326 0.982279447643 0.982894381386
32368 32768 2156048.84 2180962.944 2181415.295 0.972427970438 0.972629660598 0.983868829242 0.972427970438 0.972629660598 0.983868829242
35600 16384 1192255.257 1192442.75 1192669.133 0.978092555364 0.978278244385 0.978432087551 0.978092555364 0.978278244385 0.978432087551
39160 16384 1316027.249 1317627.711 1318148.685 0.973482653818 0.97386755704 0.975051907911 0.973482653818 0.97386755704 0.975051907911
43072 16384 1446294.824 1447848.198 1451168.422 0.972584074049 0.974814416283 0.975861402931 0.972584074049 0.974814416283 0.975861402931
47376 16384 1591912.884 1594812.0 1596270.1 0.972527624241 0.973416783922 0.975189524253 0.972527624241 0.973416783922 0.975189524253
52112 16384 1751896.884 1755976.05 1756398.685 0.972220049231 0.972454046853 0.974718336219 0.972220049231 0.972454046853 0.974718336219
57320 16384 1924079.692 1926543.962 1936035.167 0.97015890621 0.974938437455 0.976187092359 0.97015890621 0.974938437455 0.976187092359
63048 16384 2117066.608 2121444.597 2127025.132 0.971289352871 0.973844363846 0.975858225808 0.971289352871 0.973844363846 0.975858225808
69352 8192 1160008.484 1160229.372 1160416.606 0.979185546057 0.9793435638 0.979530049713 0.979185546057 0.9793435638 0.979530049713
76280 8192 1282058.091 1282702.672 1286040.823 0.971797704745 0.974326745614 0.974816608368 0.971797704745 0.974326745614 0.974816608368
83904 8192 1411730.387 1412056.53 1414409.651 0.971913006269 0.973532650283 0.973757559275 0.971913006269 0.973532650283 0.973757559275
92288 8192 1549240.611 1549850.294 1550342.181 0.975298621511 0.975608158965 0.975992096556 0.975298621511 0.975608158965 0.975992096556
101512 8192 1703390.399 1707905.743 1711217.961 0.97192330019 0.973808194519 0.976389563412 0.97192330019 0.973808194519 0.976389563412
111656 8192 1874827.625 1875162.462 1877680.418 0.974272238483 0.97558048493 0.975754719851 0.974272238483 0.97558048493 0.975754719851
122816 8192 2059364.703 2060479.361 2066913.488 0.973537284305 0.976577286862 0.977105872053 0.973537284305 0.976577286862 0.977105872053
135096 4096 1128217.519 1128733.748 1129381.076 0.979922946752 0.980484931864 0.980933564106 0.979922946752 0.980484931864 0.980933564106
148600 4096 1252303.398 1255539.725 1258535.105 0.967260424571 0.969568047717 0.972073701903 0.967260424571 0.969568047717 0.972073701903
163456 4096 1375085.65 1376319.526 1377216.866 0.972273564939 0.972907472941 0.973780471056 0.972273564939 0.972907472941 0.973780471056
179800 4096 1511345.031 1511449.505 1513021.826 0.973496597795 0.974509300594 0.974576665016 0.973496597795 0.974509300594 0.974576665016
197776 4096 1664456.897 1670991.824 1675519.839 0.966972132641 0.969592411363 0.973399188 0.966972132641 0.969592411363 0.973399188
217552 4096 1828301.154 1830473.306 1837128.055 0.970093499552 0.973620308014 0.974777038291 0.970093499552 0.973620308014 0.974777038291
239304 4096 2011855.789 2014931.473 2027231.859 0.967022276853 0.972925578001 0.974412966734 0.967022276853 0.972925578001 0.974412966734
263232 2048 1099765.679 1099949.351 1101835.927 0.978547028264 0.980225381305 0.980389088865 0.978547028264 0.980225381305 0.980389088865
289552 2048 1215187.563 1218314.489 1227033.981 0.966562467189 0.973480166827 0.975985130289 0.966562467189 0.973480166827 0.975985130289
318504 2048 1337363.089 1338203.55 1345186.236 0.969822875886 0.97488336808 0.975496030009 0.969822875886 0.97488336808 0.975496030009
350352 2048 1470981.2 1474144.533 1474726.993 0.973089798187 0.973474282796 0.975567731253 0.973089798187 0.973474282796 0.975567731253
385384 2048 1618626.473 1624582.341 1625397.54 0.971167253028 0.97165457494 0.975229857123 0.971167253028 0.97165457494 0.975229857123
423920 2048 1782414.301 1785748.001 1788622.759 0.970789570502 0.972352380643 0.974170998867 0.970789570502 0.972352380643 0.974170998867
466312 2048 1958778.696 1964233.278 1966298.692 0.971375284829 0.972396697171 0.97510451584 0.971375284829 0.972396697171 0.97510451584
512936 2048 2159336.149 2165208.312 2165383.563 0.970260369525 0.970338901969 0.972977670463 0.970260369525 0.970338901969 0.972977670463
564224 1024 1191137.081 1191267.132 1196943.723 0.965401070907 0.970001371615 0.970107278526 0.965401070907 0.970001371615 0.970107278526
620640 1024 1310683.797 1311262.053 1312175.1 0.968674622769 0.969349122162 0.969776785911 0.968674622769 0.969349122162 0.969776785911
682704 1024 1431524.552 1441658.75 1441785.477 0.969754387393 0.969839632299 0.976705422234 0.969754387393 0.969839632299 0.976705422234
750968 1024 1576619.714 1581260.613 1584762.316 0.970481471242 0.972630603302 0.975493614816 0.970481471242 0.972630603302 0.975493614816
826064 1024 1734727.992 1735265.109 1741809.035 0.971277010284 0.974939830937 0.97524169772 0.971277010284 0.974939830937 0.97524169772
908664 1024 1907313.228 1908363.244 1913176.551 0.972698453275 0.975151810249 0.975688651806 0.972698453275 0.975151810249 0.975688651806
999528 1024 2096017.532 2099287.255 2101004.641 0.974311671689 0.975108737084 0.976629876777 0.974311671689 0.975108737084 0.976629876777
1099480 512 1149164.153 1150133.687 1150546.809 0.978549947897 0.978901437916 0.979727323604 0.978549947897 0.978901437916 0.979727323604
1209424 512 1270128.45 1272143.662 1274336.251 0.971839398768 0.973514401709 0.975058999741 0.971839398768 0.973514401709 0.975058999741
1330360 512 1397968.0 1398854.294 1400274.812 0.972872345004 0.973860283979 0.97447769906 0.972872345004 0.973860283979 0.97447769906
1463392 512 1541429.542 1541594.74 1542981.119 0.971180651239 0.972054048394 0.972158225316 0.971180651239 0.972054048394 0.972158225316
1609728 512 1689282.889 1691665.958 1698063.504 0.970730168876 0.97440127834 0.975775864856 0.970730168876 0.97440127834 0.975775864856
1770696 512 1859635.467 1864574.962 1869139.476 0.970068166277 0.972442911094 0.975025878015 0.970068166277 0.972442911094 0.975025878015
1947760 512 2050613.751 2055598.674 2067776.728 0.964565570834 0.970279979856 0.972638674166 0.964565570834 0.970279979856 0.972638674166
2142536 256 1121165.545 1121922.948 1123994.975 0.975963822258 0.977766284178 0.978426813856 0.975963822258 0.977766284178 0.978426813856
2356784 256 1239301.396 1241874.811 1244606.077 0.96952234952 0.971654628399 0.973672273665 0.96952234952 0.971654628399 0.973672273665
2592456 256 1362044.081 1363988.858 1373369.204 0.966482623998 0.973129262908 0.974518732922 0.966482623998 0.973129262908 0.974518732922
2851696 256 1498179.296 1501885.034 1502535.51 0.971736336534 0.972157201748 0.974561827078 0.971736336534 0.972157201748 0.974561827078
3136864 256 1653333.576 1656356.923 1656392.699 0.969621738232 0.969642681295 0.971415805808 0.969621738232 0.969642681295 0.971415805808
3450544 256 1816183.329 1819468.333 1820175.485 0.970608901482 0.970986136971 0.972742398738 0.970608901482 0.970986136971 0.972742398738
3795592 256 1997702.19 1999046.137 2003613.409 0.969919194626 0.972135193896 0.972789194369 0.969919194626 0.972135193896 0.972789194369
4175144 256 2193769.393 2197072.455 2198311.977 0.972415994802 0.972964602572 0.974429552541 0.972415994802 0.972964602572 0.974429552541
4592656 128 1206741.822 1207226.029 1213466.42 0.968893672394 0.973902076129 0.974292855825 0.968893672394 0.973902076129 0.974292855825
5051920 128 1328967.89 1332054.966 1333363.043 0.969947027398 0.970899514668 0.973154829196 0.969947027398 0.970899514668 0.973154829196
5557112 128 1459539.188 1464294.921 1468685.152 0.96863556499 0.971539716213 0.974705361594 0.96863556499 0.971539716213 0.974705361594
6112816 128 1609766.091 1615738.08 1623831.689 0.963696488128 0.968523868671 0.972116945902 0.963696488128 0.968523868671 0.972116945902
6724096 128 1766561.19 1768302.958 1776919.492 0.968737516669 0.973457951994 0.974417747737 0.968737516669 0.973457951994 0.974417747737
7396504 128 1947324.848 1948561.503 1950222.54 0.970917413353 0.9717450648 0.972362174675 0.970917413353 0.9717450648 0.972362174675
8136152 128 2149728.654 2150739.134 2152435.328 0.967673632237 0.968436794157 0.968892007893 0.967673632237 0.968436794157 0.968892007893
8949760 64 1171205.624 1174715.961 1177336.486 0.973017734201 0.975188316182 0.97811115019 0.973017734201 0.975188316182 0.97811115019
9844736 64 1296946.121 1300152.027 1301387.839 0.968294132031 0.969214508635 0.971610298683 0.968294132031 0.969214508635 0.971610298683
10829208 64 1426712.689 1430339.708 1430407.312 0.969051690642 0.969097492188 0.971561152212 0.969051690642 0.969097492188 0.971561152212
11912128 64 1563776.049 1566209.11 1574988.076 0.968104081062 0.973530529394 0.975045234242 0.968104081062 0.973530529394 0.975045234242
13103336 64 1721671.865 1724247.019 1725574.302 0.971981911214 0.972730119013 0.974185059358 0.971981911214 0.972730119013 0.974185059358
14413664 64 1893603.735 1896869.934 1920029.436 0.960896201593 0.97262809586 0.974305741956 0.960896201593 0.97262809586 0.974305741956
15855024 64 2083849.346 2087461.196 2090753.847 0.97067527816 0.972206370058 0.973891455203 0.97067527816 0.972206370058 0.973891455203
17440520 32 1139434.415 1139993.246 1148878.565 0.97155026998 0.979122713153 0.979602919928 0.97155026998 0.979122713153 0.979602919928
19184568 32 1264163.641 1267567.29 1268521.56 0.967908146551 0.968636822429 0.971244791559 0.967908146551 0.968636822429 0.971244791559
21103024 32 1387214.175 1388249.355 1392867.006 0.969650031325 0.972875320371 0.973601308536 0.969650031325 0.972875320371 0.973601308536
23213320 32 1525300.067 1532714.217 1534265.225 0.968315292423 0.969295165088 0.974006696874 0.968315292423 0.969295165088 0.974006696874
25534648 32 1681386.365 1682771.352 1685605.872 0.96951339524 0.971146478134 0.971946428268 0.96951339524 0.971146478134 0.971946428268
28088112 32 1848085.831 1848761.112 1848865.158 0.972293279595 0.972347999064 0.972703289991 0.972293279595 0.972347999064 0.972703289991
30896920 32 2028450.927 2032228.35 2032453.749 0.97291408524 0.973021993321 0.974833974872 0.97291408524 0.973021993321 0.974833974872
33986608 16 1110841.51 1111916.794 1111944.846 0.978080396624 0.978105072132 0.979051868524 0.978080396624 0.978105072132 0.979051868524
37385264 16 1227977.607 1231217.784 1233813.575 0.969618483895 0.971662742 0.974226599231 0.969618483895 0.971662742 0.974226599231
41123784 16 1349865.346 1352816.434 1354242.73 0.971732067559 0.972756580218 0.974883229575 0.971732067559 0.972756580218 0.974883229575
45236160 16 1489218.041 1490444.031 1506364.861 0.960960493356 0.971225413294 0.972024968908 0.960960493356 0.971225413294 0.972024968908
49759776 16 1635548.397 1635993.711 1638163.043 0.972011204138 0.973300093572 0.973565095916 0.972011204138 0.973300093572 0.973565095916
54735752 16 1798988.414 1800691.857 1803573.782 0.971151877168 0.972706161352 0.973627206473 0.971151877168 0.972706161352 0.973627206473
60209320 16 1974838.376 1977002.984 1984432.921 0.970906206812 0.974555049028 0.975623252725 0.970906206812 0.974555049028 0.975623252725
66230248 16 2178869.296 2182222.144 2190832.853 0.967380023126 0.971197154161 0.972691634092 0.967380023126 0.971197154161 0.972691634092
72853272 8 1193222.612 1194737.936 1198132.883 0.972890710654 0.975655260352 0.976894286345 0.972890710654 0.975655260352 0.976894286345
80138592 8 1320633.34 1322998.154 1337227.108 0.958862906928 0.969175556386 0.970911026675 0.958862906928 0.969175556386 0.970911026675
88152448 8 1452176.591 1452331.429 1455425.398 0.969090665821 0.971155164611 0.97125871381 0.969090665821 0.971155164611 0.97125871381
96967688 8 1591820.902 1599656.702 1602006.703 0.968462244942 0.969884979734 0.974659276085 0.968462244942 0.969884979734 0.974659276085
106664456 8 1757170.415 1757901.582 1758426.852 0.970544378379 0.970834382013 0.971238350835 0.970544378379 0.970834382013 0.971238350835
117330896 8 1932363.267 1932675.185 1938300.252 0.968526075392 0.971344978489 0.971501770945 0.968526075392 0.971344978489 0.971501770945
129063984 8 2120428.486 2120521.488 2125249.116 0.971661970568 0.973828256722 0.973870968832 0.971661970568 0.973828256722 0.973870968832
141970376 4 1160127.384 1163197.035 1171328.788 0.96963638189 0.976414978568 0.978998533837 0.96963638189 0.976414978568 0.978998533837
156167408 4 1285964.595 1286054.056 1289379.021 0.968946480168 0.971451595033 0.971519176234 0.968946480168 0.971451595033 0.971519176234
171784144 4 1413074.548 1416579.796 1427985.047 0.962386234287 0.970134655231 0.972541154283 0.962386234287 0.970134655231 0.972541154283
188962552 4 1549783.315 1552994.113 1557816.328 0.970397080085 0.973410268169 0.975426952509 0.970397080085 0.973410268169 0.975426952509
207858800 4 1706201.017 1712831.618 1714542.835 0.969862266521 0.970831214537 0.974604037526 0.969862266521 0.970831214537 0.974604037526
228644680 4 1874679.648 1877591.997 1879629.314 0.973147964003 0.974203896759 0.975717340267 0.973147964003 0.974203896759 0.975717340267
251509144 4 2062888.183 2063829.972 2073257.281 0.970488887433 0.974921955441 0.975367045379 0.970488887433 0.974921955441 0.975367045379
276660056 2 1129826.03 1130001.313 1130205.726 0.979149369484 0.979326493933 0.979478428197 0.979149369484 0.979326493933 0.979478428197
304326056 2 1252273.362 1255239.639 1265753.07 0.961723303582 0.969778348435 0.972075475642 0.961723303582 0.969778348435 0.972075475642
334758656 2 1374369.705 1375518.122 1381238.895 0.969444626015 0.973476541373 0.97428997389 0.969444626015 0.973476541373 0.97428997389
368234520 2 1514139.973 1515567.112 1517088.81 0.970897728789 0.971872554067 0.972788583794 0.970897728789 0.971872554067 0.972788583794
405057968 2 1663066.007 1663376.476 1665746.939 0.972675881351 0.974062033086 0.974243875577 0.972675881351 0.974062033086 0.974243875577
445563760 2 1828222.567 1830482.65 1836170.606 0.970636951804 0.973653063579 0.974856711743 0.970636951804 0.973653063579 0.974856711743
490120136 2 2008594.89 2014265.036 2021557.582 0.969787139113 0.973298205033 0.97604576899 0.969787139113 0.973298205033 0.97604576899
539132144 1 1100254.932 1102357.7 1111048.661 0.970492405823 0.978143744086 0.980013137537 0.970492405823 0.978143744086 0.980013137537
593045352 1 1216449.345 1218735.635 1218937.877 0.973052627521 0.973214099873 0.975043234538 0.973052627521 0.973214099873 0.975043234538
652349880 1 1340070.292 1340361.202 1340759.484 0.973105001732 0.973394155287 0.973605465168 0.973105001732 0.973394155287 0.973605465168
717584864 1 1475883.852 1476601.208 1479484.759 0.970046983769 0.97194132053 0.972413734357 0.970046983769 0.97194132053 0.972413734357
789343344 1 1619137.789 1620942.502 1653170.04 0.954945135589 0.973931330724 0.975016887831 0.954945135589 0.973931330724 0.975016887831
868277672 1 1784588.484 1786923.64 1791128.212 0.969531568073 0.971812843665 0.973084472734 0.969531568073 0.971812843665 0.973084472734
955105432 1 1957814.079 1958496.021 1961220.018 0.973991110874 0.975345797754 0.975685528309 0.973991110874 0.975345797754 0.975685528309
1050615968 1 2155381.899 2157770.062 2167972.78 0.969215091344 0.973797891168 0.974876859166 0.969215091344 0.973797891168 0.974876859166

META_DATA
ERT_VERSION  1.1.0
TIMESTAMP_DATA  1535291545.64
MPI_PROCS      1
OPENMP_THREADS 1
HOSTNAME  ('atajo-Inspiron-15-7568', [], ['127.0.1.1'])
TIMESTAMP_DATA  1535292126.82
TIMESTAMP_DATA  1535290962.99
UNAME  ('Linux', 'atajo-Inspiron-15-7568', '4.15.0-33-generic', '#36-Ubuntu SMP Wed Aug 15 16:00:05 UTC 2018', 'x86_64', 'x86_64')
FLOPS          16
CONFIG  {'ERT_WORKING_SET_MIN': ['1'], 'ERT_CFLAGS': [], 'ERT_CC': ['mpicc'], 'ERT_MPI_CFLAGS': ['-I/usr/include/mpi'], 'ERT_MPI_LDFLAGS': ['-lmpi'], 'ERT_MEMORY_MAX': ['1073741824'], 'ERT_PROCS_THREADS': ['1-4'], 'ERT_LDFLAGS': [], 'ERT_LDLIBS': [], 'ERT_RUN': ['export', 'OMP_NUM_THREADS=ERT_OPENMP_THREADS;', 'mpirun', '-np', 'ERT_MPI_PROCS', 'ERT_CODE'], 'ERT_FLOPS': ['1,2,4,8,16'], 'ERT_OPENMP_CFLAGS': ['-fopenmp'], 'ERT_MPI': ['True'], 'ERT_TRIALS_MIN': ['1'], 'ERT_DRIVER': ['driver1'], 'ERT_RESULTS': ['Results/myLaptop'], 'ERT_OPENMP': ['True'], 'ERT_MPI_PROCS': ['1,2,4'], 'ERT_KERNEL': ['kernel1'], 'ERT_GPU': [False], 'ERT_OPENMP_THREADS': ['1,2,4'], 'ERT_LD': ['mpicc'], 'ERT_NUM_EXPERIMENTS': ['3'], 'ERT_OPENMP_LDFLAGS': ['-fopenmp'], 'ERT_ALIGN': ['64'], 'ERT_GNUPLOT': ['gnuplot']}
