64 16777216 1297430.018 1303905.658 1336766.065 1.60647678321 1.64696244305 1.65518264431 1.60647678321 1.64696244305 1.65518264431
128 8388608 895355.735 901712.842 913498.759 2.35083367858 2.38156045692 2.39846975236 2.35083367858 2.38156045692 2.39846975236
192 4194304 653884.506 668852.56 668970.344 2.40759960504 2.40802357997 2.46314558798 2.40759960504 2.40802357997 2.46314558798
256 4194304 874838.238 875490.268 883136.631 2.43165504931 2.45289265511 2.45472083263 2.43165504931 2.45289265511 2.45472083263
320 2097152 541985.05 545767.861 549736.765 2.44149084699 2.45924572682 2.4764101519 2.44149084699 2.45924572682 2.4764101519
384 2097152 665745.898 666003.667 719602.032 2.23819926067 2.41832412613 2.41926047286 2.23819926067 2.41832412613 2.41926047286
448 2097152 761316.252 773725.121 775647.842 2.42255323905 2.42857332792 2.46815720414 2.42255323905 2.42857332792 2.46815720414
512 2097152 865118.59 869418.913 914223.127 2.34897103845 2.47002177649 2.4822997365 2.34897103845 2.47002177649 2.4822997365
576 1048576 487778.304 490035.408 508190.421 2.37698213521 2.46504544831 2.47645199078 2.37698213521 2.46504544831 2.47645199078
640 1048576 537049.636 542148.661 555033.519 2.41819139575 2.47566281456 2.49916802848 2.41819139575 2.47566281456 2.49916802848
704 1048576 583018.63 591362.965 608469.229 2.42640866232 2.49659700621 2.53232904067 2.42640866232 2.49659700621 2.53232904067
768 1048576 639555.405 642845.185 667016.168 2.41465321722 2.50544419338 2.51833183397 2.41465321722 2.50544419338 2.51833183397
832 1048576 703407.583 709678.031 727821.845 2.39733181408 2.45862262573 2.48053974135 2.39733181408 2.45862262573 2.48053974135
896 1048576 744231.789 759482.89 797649.904 2.35573048098 2.47411523912 2.52481581649 2.35573048098 2.47411523912 2.52481581649
960 1048576 817797.152 835203.842 846067.569 2.37955689801 2.41050845166 2.46181576333 2.37955689801 2.41050845166 2.46181576333
1024 1048576 857947.075 871145.367 897089.121 2.39383534783 2.46512663598 2.50304909309 2.39383534783 2.46512663598 2.50304909309
1088 524288 456539.266 473590.887 588497.861 1.93858085748 2.40893716352 2.49891033031 1.93858085748 2.40893716352 2.49891033031
1152 524288 473429.354 479242.461 497148.737 2.42977495888 2.52056036412 2.55150962186 2.42977495888 2.52056036412 2.55150962186
1216 524288 513991.154 524523.936 528056.826 2.41464242714 2.4309060626 2.48072054563 2.41464242714 2.4309060626 2.48072054563
1280 524288 541153.434 541935.281 561657.355 2.38967275698 2.47663757474 2.48021576816 2.38967275698 2.47663757474 2.48021576816
1408 524288 591315.228 591633.829 604821.194 2.4410437707 2.49545400488 2.496798557 2.4410437707 2.49545400488 2.496798557
1536 524288 638287.011 647199.807 659770.313 2.44117188098 2.48858655176 2.52333622374 2.44117188098 2.48858655176 2.52333622374
1664 524288 691737.516 692017.403 715761.504 2.43772605016 2.52136789687 2.52238807878 2.43772605016 2.52136789687 2.52238807878
1792 524288 751577.182 758022.96 770568.907 2.43852065004 2.47888031254 2.50014002155 2.43852065004 2.47888031254 2.50014002155
1920 524288 812543.707 834672.613 861520.431 2.33687542112 2.41204262443 2.47773246246 2.33687542112 2.41204262443 2.47773246246
2112 262144 442221.865 443196.192 447019.656 2.4770639079 2.49843359665 2.50393827994 2.4770639079 2.49843359665 2.50393827994
2304 262144 476627.019 488748.502 492912.542 2.45065696056 2.4715360703 2.53439168122 2.45065696056 2.4715360703 2.53439168122
2496 262144 520071.101 527347.803 551510.773 2.37279652922 2.48151758774 2.51623834796 2.37279652922 2.48151758774 2.51623834796
2688 262144 561948.35 563025.931 577556.124 2.44008518902 2.50305725972 2.50785707263 2.44008518902 2.50305725972 2.50785707263
2944 262144 614375.824 615979.978 619074.377 2.49324463965 2.50576954954 2.5123121902 2.49324463965 2.50576954954 2.5123121902
3200 262144 673407.44 679145.561 682325.289 2.45882957447 2.47034170043 2.4913915415 2.45882957447 2.47034170043 2.4913915415
3520 262144 735035.397 750898.691 783301.927 2.35604394217 2.45771338014 2.51075494804 2.35604394217 2.45771338014 2.51075494804
3840 262144 793879.837 807259.791 817261.139 2.4634303822 2.4939504512 2.5359831881 2.4634303822 2.4939504512 2.5359831881
4224 131072 431163.394 439741.294 446087.728 2.48223877614 2.51806294089 2.56815924406 2.48223877614 2.51806294089 2.56815924406
4608 131072 474129.583 478849.078 515065.989 2.34525202168 2.52263104911 2.54774136715 2.34525202168 2.52263104911 2.54774136715
5056 131072 527189.282 532078.221 540161.424 2.45371106693 2.49098724903 2.51408765173 2.45371106693 2.49098724903 2.51408765173
5504 131072 576066.93 585531.677 599242.024 2.40777602073 2.46415460115 2.50464052154 2.40777602073 2.46415460115 2.50464052154
6016 131072 625249.735 629571.827 654631.128 2.40907930672 2.50496962597 2.52228544167 2.40907930672 2.50496962597 2.52228544167
6592 131072 689492.882 697856.536 714797.35 2.41754288541 2.47622993962 2.5062669871 2.41754288541 2.47622993962 2.5062669871
7232 131072 756825.274 765333.481 777495.306 2.43837537458 2.47712331299 2.50497105888 2.43837537458 2.47712331299 2.50497105888
7936 131072 831273.885 838393.926 859284.385 2.42105503174 2.48138103043 2.50263459678 2.42105503174 2.48138103043 2.50263459678
8704 65536 446285.393 454851.655 459656.367 2.48196428877 2.50818189944 2.55632540499 2.48196428877 2.50818189944 2.55632540499
9536 65536 497570.717 503777.566 508632.669 2.45737772695 2.48106044484 2.51200995014 2.45737772695 2.48106044484 2.51200995014
10432 65536 540382.242 556504.319 557322.494 2.45341452879 2.45702154919 2.53032575412 2.45341452879 2.45702154919 2.53032575412
11456 65536 594052.878 611756.413 615832.768 2.43826069353 2.45450770943 2.52765517618 2.43826069353 2.45450770943 2.52765517618
12544 65536 653112.679 662060.889 666815.847 2.4656990013 2.48340778819 2.51743262819 2.4656990013 2.48340778819 2.51743262819
13760 65536 719550.247 726588.056 745083.945 2.42060070158 2.48221905811 2.50649725647 2.42060070158 2.48221905811 2.50649725647
15104 65536 791828.786 793326.344 831960.327 2.37957439045 2.49545663392 2.5001762035 2.37957439045 2.49545663392 2.5001762035
16576 32768 427218.625 438043.693 470106.939 2.31080344891 2.47994607241 2.54278412136 2.31080344891 2.47994607241 2.54278412136
18176 32768 467149.252 478951.494 482533.073 2.46860247028 2.48706257507 2.54989669982 2.46860247028 2.48706257507 2.54989669982
19968 32768 518938.652 526468.765 527778.648 2.47949183424 2.48566094515 2.52172938546 2.47949183424 2.48566094515 2.52172938546
21952 32768 578288.827 581643.235 583255.918 2.46657809651 2.47341701137 2.48776425348 2.46657809651 2.47341701137 2.48776425348
24128 32768 627969.522 637182.348 718396.87 2.20108504649 2.48163278999 2.51804037076 2.20108504649 2.48163278999 2.51804037076
26496 32768 690006.076 698218.894 738329.253 2.35185298286 2.48695913405 2.51656023968 2.35185298286 2.48695913405 2.51656023968
29120 32768 755637.561 759359.273 768261.837 2.48405976724 2.51318234709 2.52556042539 2.48405976724 2.51318234709 2.52556042539
32000 32768 844388.883 851683.646 854088.756 2.45542630701 2.46236030227 2.4836328879 2.45542630701 2.46236030227 2.4836328879
35200 16384 459307.883 463179.213 463398.793 2.48907338004 2.49025337845 2.51124276916 2.48907338004 2.49025337845 2.51124276916
38720 16384 498574.577 511702.598 513011.928 2.47319192937 2.47952026228 2.54480877793 2.47319192937 2.47952026228 2.54480877793
42560 16384 549346.441 561062.194 561695.313 2.48285155265 2.48565327501 2.53866408502 2.48285155265 2.48565327501 2.53866408502
46784 16384 604272.5 610213.634 626342.329 2.44757226363 2.51226460142 2.53696488257 2.44757226363 2.51226460142 2.53696488257
51456 16384 677720.881 680665.089 692060.52 2.436362369 2.47715100311 2.48791243603 2.436362369 2.47715100311 2.48791243603
56576 16384 735095.402 744945.194 751442.51 2.46709807248 2.488615784 2.52196158887 2.46709807248 2.488615784 2.52196158887
62208 16384 830638.422 834273.701 882101.458 2.31088127733 2.44336090369 2.45405424311 2.31088127733 2.44336090369 2.45405424311
68416 8192 450382.077 461271.12 464216.383 2.4146664897 2.43008438074 2.48883736996 2.4146664897 2.43008438074 2.48883736996
75200 8192 494369.192 505784.491 505853.674 2.43563872979 2.43597188511 2.49222002491 2.43563872979 2.43597188511 2.49222002491
82688 8192 544151.083 544385.095 555582.771 2.43844889135 2.48860632747 2.48967655183 2.43844889135 2.48860632747 2.48967655183
90944 8192 593866.312 602479.451 611614.993 2.43621643199 2.47315737247 2.50902680602 2.43621643199 2.47315737247 2.50902680602
100032 8192 649125.263 657093.484 717884.872 2.28299042357 2.4942026179 2.52481975578 2.28299042357 2.4942026179 2.52481975578
110016 8192 715377.637 733412.441 740991.683 2.43255381316 2.45769234776 2.51965123142 2.43255381316 2.45769234776 2.51965123142
120960 8192 789266.592 797046.305 807902.244 2.45303024558 2.48644103557 2.51094960827 2.45303024558 2.48644103557 2.51094960827
133056 4096 430044.761 435176.223 438310.036 2.48681221618 2.50472037393 2.53460767541 2.48681221618 2.50472037393 2.53460767541
146304 4096 471042.05 477696.577 491107.674 2.4404472409 2.5089615997 2.54440631786 2.4404472409 2.5089615997 2.54440631786
160896 4096 529044.088 541629.307 592966.286 2.22282457387 2.4335094408 2.4913992272 2.22282457387 2.4335094408 2.4913992272
176960 4096 585077.247 593920.549 595091.869 2.43602105073 2.44082532999 2.47771781834 2.43602105073 2.44082532999 2.47771781834
194624 4096 633864.316 644303.801 648322.568 2.4592076332 2.47454664325 2.51530141034 2.4592076332 2.47454664325 2.51530141034
214080 4096 708309.525 710538.356 716902.183 2.44627984345 2.46818957089 2.47595620008 2.44627984345 2.46818957089 2.47595620008
235456 4096 776767.56 778172.722 821296.885 2.34854848134 2.47869849131 2.48318242332 2.34854848134 2.47869849131 2.48318242332
258944 4096 844549.089 860179.121 863652.828 2.45615967346 2.46607851343 2.51171811755 2.45615967346 2.46607851343 2.51171811755
284800 2048 470786.701 480257.854 553658.21 2.10696920759 2.42898849084 2.4778541907 2.10696920759 2.42898849084 2.4778541907
313280 2048 506545.183 507889.598 569580.968 2.25287527514 2.52652325437 2.53322886697 2.25287527514 2.52652325437 2.53322886697
344576 2048 558310.323 558810.231 574788.665 2.45548213098 2.52569337085 2.52795486284 2.45548213098 2.52569337085 2.52795486284
379008 2048 616246.575 627612.205 629104.777 2.46766011761 2.47352864656 2.51914871576 2.46766011761 2.47352864656 2.51914871576
416896 2048 679222.691 679836.982 692149.482 2.46710582094 2.51178747437 2.51405914235 2.46710582094 2.51178747437 2.51405914235
458560 2048 749311.933 753933.397 758252.738 2.47709195875 2.49128340444 2.50664866964 2.47709195875 2.49128340444 2.50664866964
504384 2048 824067.062 825847.876 851978.796 2.42489234908 2.50161915292 2.50702516733 2.42489234908 2.50161915292 2.50702516733
554816 1024 445216.123 446019.987 459469.439 2.47298965188 2.54756109842 2.55216087042 2.47298965188 2.54756109842 2.55216087042
610240 1024 504589.652 507686.377 515715.175 2.42337549986 2.46169993252 2.47680766945 2.42337549986 2.46169993252 2.47680766945
671232 1024 555083.772 555115.795 555742.801 2.47359593957 2.47638987826 2.47653274216 2.47359593957 2.47638987826 2.47653274216
738304 1024 610847.878 611355.135 622801.289 2.42781545046 2.47327045351 2.47532429342 2.42781545046 2.47327045351 2.47532429342
812096 1024 666524.005 672202.025 672519.775 2.47304639927 2.47421540868 2.49529288596 2.47304639927 2.47421540868 2.49529288596
893248 1024 732552.002 739049.702 739491.527 2.4738240226 2.47530294519 2.4972587598 2.4738240226 2.47530294519 2.4972587598
982528 1024 803330.75 803433.357 813313.753 2.4740972799 2.50452302791 2.50484292304 2.4740972799 2.50452302791 2.50484292304
1080768 512 437137.596 447146.919 448884.307 2.46546028618 2.47503982466 2.53171185029 2.46546028618 2.47503982466 2.53171185029
1188800 512 481036.16 492855.093 496385.844 2.45238903308 2.46995763519 2.53064385014 2.45238903308 2.46995763519 2.53064385014
1307648 512 530016.215 540823.9 554050.588 2.41680377388 2.4759104618 2.52639733296 2.41680377388 2.4759104618 2.52639733296
1438400 512 594742.494 594968.137 596675.061 2.46854895784 2.47563106056 2.4765703054 2.46854895784 2.47563106056 2.4765703054
1582208 512 654344.351 658212.549 662330.697 2.44618134013 2.46148602676 2.47603725703 2.44618134013 2.46148602676 2.47603725703
1740416 512 714818.003 721106.892 731616.389 2.43595689052 2.4714588139 2.49320243268 2.43595689052 2.4714588139 2.49320243268
1914432 512 784616.548 792018.418 841458.535 2.32973852716 2.47516765197 2.49851774475 2.32973852716 2.47516765197 2.49851774475
2105856 256 435483.425 435647.403 445592.38 2.41969638709 2.47493331666 2.47586523414 2.41969638709 2.47493331666 2.47586523414
2316416 256 473622.293 479013.227 479871.932 2.47150315097 2.4759337011 2.50411564136 2.47150315097 2.4759337011 2.50411564136
2548032 256 515776.051 520298.349 528518.181 2.46839641643 2.50739289584 2.52937758834 2.46839641643 2.50739289584 2.52937758834
2802816 256 570278.924 580699.049 581382.852 2.4683249378 2.47123151738 2.51638580983 2.4683249378 2.47123151738 2.51638580983
3083072 256 638072.02 638310.166 642862.391 2.45547552027 2.47298719037 2.4739101771 2.45547552027 2.47298719037 2.4739101771
3391360 256 702864.541 702998.989 704943.274 2.4631433252 2.46995564314 2.47042811056 2.4631433252 2.46995564314 2.47042811056
3730496 256 763082.523 770962.296 778688.203 2.45286103557 2.47744145454 2.5030241087 2.45286103557 2.47744145454 2.5030241087
4103488 256 845669.903 850697.199 850698.478 2.46971860222 2.46972231538 2.48440419666 2.46971860222 2.46972231538 2.48440419666
4513792 128 458461.196 470486.933 606388.962 1.90559331454 2.45603155147 2.52045486528 1.90559331454 2.45603155147 2.52045486528
4965120 128 514660.067 516776.72 532397.029 2.38744893522 2.45961296399 2.46972866461 2.38744893522 2.45961296399 2.46972866461
5461632 128 556413.101 559357.35 569317.504 2.45588407554 2.49961458806 2.51284124958 2.45588407554 2.49961458806 2.51284124958
6007744 128 614556.858 616113.109 664343.479 2.31504110843 2.49626641851 2.50258774917 2.31504110843 2.49626641851 2.50258774917
6608512 128 676643.237 677007.849 754608.545 2.24192938605 2.49890614193 2.50025268781 2.24192938605 2.49890614193 2.50025268781
7269312 128 756175.088 759994.22 767700.141 2.42405044967 2.44862898036 2.46099600679 2.42405044967 2.44862898036 2.46099600679
7996224 128 821311.424 832187.316 837675.96 2.44370549204 2.4598228123 2.49239604392 2.44370549204 2.4598228123 2.49239604392
8795840 64 448863.828 448918.125 458656.418 2.45470787242 2.50795736973 2.50826074584 2.45470787242 2.50795736973 2.50826074584
9675392 64 496331.584 502942.466 506689.79 2.4441980092 2.46240924106 2.49520726853 2.4441980092 2.46240924106 2.49520726853
10642880 64 552873.527 556203.867 562520.927 2.42175637316 2.44926136049 2.46401495726 2.42175637316 2.44926136049 2.46401495726
11707136 64 598782.554 611652.641 612882.455 2.44502578884 2.44994185842 2.50260031457 2.44502578884 2.44994185842 2.50260031457
12877824 64 660911.525 661177.44 676396.456 2.43697532324 2.49306974539 2.49407282162 2.43697532324 2.49306974539 2.49407282162
14165568 64 726087.878 734265.011 746373.04 2.42933842305 2.46939821023 2.49720833929 2.42933842305 2.46939821023 2.49720833929
15582080 64 799733.219 807437.74 824521.066 2.41898760656 2.47016722305 2.49396447792 2.41898760656 2.47016722305 2.49396447792
17140288 32 436414.443 444172.338 453097.278 2.42106603871 2.46971352818 2.51361624161 2.42106603871 2.46971352818 2.51361624161
18854272 32 482719.356 489348.786 553281.257 2.1809403314 2.46587596112 2.49974108766 2.1809403314 2.46587596112 2.49974108766
20739648 32 533051.854 537096.683 540206.446 2.4570929907 2.47131943654 2.49007195461 2.4570929907 2.47131943654 2.49007195461
22813568 32 584380.014 589258.061 590529.636 2.4724726127 2.47780802442 2.49849125059 2.4724726127 2.47780802442 2.49849125059
25094912 32 640462.726 643398.63 659142.282 2.43661256736 2.49623529351 2.50767812521 2.43661256736 2.49623529351 2.50767812521
27604352 32 705530.684 706924.284 717430.234 2.46250916713 2.49910572884 2.50404208926 2.46250916713 2.49910572884 2.50404208926
30364736 32 778741.928 787216.415 787495.76 2.4677505616 2.46862624682 2.49549052661 2.4677505616 2.46862624682 2.49549052661
33401152 32 858993.784 865301.694 868494.74 2.46135483561 2.47043747033 2.48857880909 2.46135483561 2.47043747033 2.48857880909
36741248 16 469246.74 469354.553 476270.834 2.46859528669 2.50497183523 2.50554737152 2.46859528669 2.50497183523 2.50554737152
40415360 16 512913.563 515710.525 520357.532 2.4853902182 2.50778577769 2.52146095033 2.4853902182 2.50778577769 2.52146095033
44456896 16 564949.89 566863.492 576456.862 2.4678701318 2.50963537444 2.51813602796 2.4678701318 2.50963537444 2.51813602796
48902528 16 622713.998 634453.227 638597.542 2.45049627203 2.46650317061 2.51300099408 2.45049627203 2.46650317061 2.51300099408
53792768 16 696379.453 697794.825 699418.352 2.46114299271 2.46686922048 2.47188306402 2.46114299271 2.46686922048 2.47188306402
59172032 16 754934.264 766476.698 768682.778 2.46331136614 2.47040129066 2.50817205457 2.46331136614 2.47040129066 2.50817205457
65089216 16 831186.342 835335.787 842886.651 2.47109728162 2.49343431039 2.50588202278 2.47109728162 2.49343431039 2.50588202278
71598080 8 455257.15 456277.966 493837.327 2.31973003531 2.51068288491 2.51631254995 2.31973003531 2.51068288491 2.51631254995
78757888 8 501659.119 512319.625 513588.663 2.45357091926 2.45964852117 2.51191727664 2.45357091926 2.45964852117 2.51191727664
86633664 8 549818.626 560884.867 562645.639 2.46360858046 2.47134252599 2.52108342361 2.46360858046 2.47134252599 2.52108342361
95297024 8 607815.334 616822.168 626009.79 2.43566859234 2.47194809639 2.50857834396 2.43566859234 2.47194809639 2.50857834396
104826688 8 669455.033 679258.154 719324.892 2.33166824428 2.46920408408 2.50536171262 2.33166824428 2.46920408408 2.50536171262
115309312 8 738385.854 747015.563 767169.181 2.4048789207 2.46975977929 2.49862450913 2.4048789207 2.46975977929 2.49862450913
126840192 8 813025.192 821027.36 823064.487 2.46571575381 2.47183366947 2.49616259369 2.46571575381 2.47183366947 2.49616259369
139524160 4 451081.899 451165.892 451698.865 2.47110047531 2.47401964508 2.47448031605 2.47110047531 2.47401964508 2.47448031605
153476544 4 497181.069 499589.414 499753.517 2.45683584054 2.4576428515 2.46954767298 2.45683584054 2.4576428515 2.46954767298
168824192 4 545902.214 546615.556 547344.253 2.46753944816 2.47082894216 2.47405762674 2.46753944816 2.47082894216 2.47405762674
185706560 4 600909.222 633133.761 635934.739 2.33617129068 2.34650649122 2.47234095535 2.33617129068 2.34650649122 2.47234095535
204277184 4 650753.145 664678.732 669947.629 2.43932122641 2.45865768427 2.51127095513 2.43932122641 2.45865768427 2.51127095513
224704896 4 717135.868 728301.732 728337.607 2.46813998168 2.46826155838 2.50669259232 2.46813998168 2.46826155838 2.50669259232
247175360 4 800386.545 800533.019 827512.487 2.38957467236 2.47010783199 2.47055987179 2.38957467236 2.47010783199 2.47055987179
271892864 2 440441.265 440577.663 443330.504 2.45318435386 2.468512472 2.46927693299 2.45318435386 2.468512472 2.46927693299
299082112 2 475062.002 484215.205 545549.13 2.19288856349 2.47065444382 2.51825749684 2.19288856349 2.47065444382 2.51825749684
328990272 2 532440.882 533581.754 534977.871 2.45984209691 2.46627827532 2.47156282038 2.45984209691 2.46627827532 2.47156282038
361889280 2 569643.208 585774.078 598664.073 2.41797893892 2.47118671578 2.54116453891 2.41797893892 2.47118671578 2.54116453891
398078208 2 644617.296 644647.136 657620.447 2.42132500482 2.47005337196 2.47016771328 2.42132500482 2.47005337196 2.47016771328
437886016 2 698019.324 708549.088 709362.883 2.46917918315 2.47201512734 2.50930598019 2.46917918315 2.47201512734 2.50930598019
481674560 2 770218.51 781791.457 789655.888 2.43992132431 2.46446571237 2.50149563401 2.43992132431 2.46446571237 2.50149563401
529841984 2 849003.532 857209.381 918399.12 2.30767635753 2.47240403917 2.4963004936 2.30767635753 2.47240403917 2.4963004936
582826176 1 460376.56 461138.765 471243.536 2.47356677164 2.52776916727 2.53195417247 2.47356677164 2.52776916727 2.53195417247
641108736 1 510079.056 510477.429 521168.251 2.46027548597 2.51180052076 2.51376224316 2.46027548597 2.51180052076 2.51376224316
705219584 1 560525.942 562930.787 572063.993 2.46552690828 2.50552856687 2.51627812794 2.46552690828 2.50552856687 2.51627812794
775741504 1 615554.399 627731.409 633735.01 2.44815732683 2.47157141694 2.52046449594 2.44815732683 2.47157141694 2.52046449594
853315648 1 690002.446 692991.236 697581.416 2.44649765154 2.46270256728 2.47336992194 2.44649765154 2.46270256728 2.47336992194
938647168 1 747970.144 759248.785 761971.413 2.46373328969 2.47256811349 2.50985196543 2.46373328969 2.47256811349 2.50985196543
1032511872 1 835414.055 846131.838 864618.956 2.38836279227 2.44054608426 2.4718565981 2.38836279227 2.44054608426 2.4718565981

META_DATA
ERT_VERSION  1.1.0
TIMESTAMP_DATA  1535284636.0
TIMESTAMP_DATA  1535284429.46
UNAME  ('Linux', 'atajo-Inspiron-15-7568', '4.15.0-33-generic', '#36-Ubuntu SMP Wed Aug 15 16:00:05 UTC 2018', 'x86_64', 'x86_64')
HOSTNAME  ('atajo-Inspiron-15-7568', [], ['127.0.1.1'])
TIMESTAMP_DATA  1535284223.66
FLOPS          16
CONFIG  {'ERT_WORKING_SET_MIN': ['1'], 'ERT_CFLAGS': [], 'ERT_CC': ['mpicc'], 'ERT_MPI_CFLAGS': ['-I/usr/include/mpi'], 'ERT_MPI_LDFLAGS': ['-lmpi'], 'ERT_MEMORY_MAX': ['1073741824'], 'ERT_PROCS_THREADS': ['1-4'], 'ERT_LDFLAGS': [], 'ERT_LDLIBS': [], 'ERT_RUN': ['export', 'OMP_NUM_THREADS=ERT_OPENMP_THREADS;', 'mpirun', '-np', 'ERT_MPI_PROCS', 'ERT_CODE'], 'ERT_FLOPS': ['1,2,4,8,16'], 'ERT_OPENMP_CFLAGS': ['-fopenmp'], 'ERT_MPI': ['True'], 'ERT_TRIALS_MIN': ['1'], 'ERT_DRIVER': ['driver1'], 'ERT_RESULTS': ['Results/myLaptop'], 'ERT_OPENMP': ['False'], 'ERT_MPI_PROCS': ['1,2,4,8'], 'ERT_KERNEL': ['kernel1'], 'ERT_GPU': [False], 'ERT_OPENMP_THREADS': ['1,2,4,8'], 'ERT_LD': ['mpicc'], 'ERT_NUM_EXPERIMENTS': ['3'], 'ERT_OPENMP_LDFLAGS': ['-fopenmp'], 'ERT_ALIGN': ['64'], 'ERT_GNUPLOT': ['gnuplot']}
MPI_PROCS      8
