16 67108864 314681.888 315461.313 316034.34 6.79509590002 6.80743900917 6.82430012623 0.424693493751 0.425464938073 0.426518757889
32 33554432 227157.071 227158.421 227205.858 9.45170897838 9.45368275825 9.45373894172 0.590731811149 0.590855172391 0.590858683858
48 16777216 155138.681 155202.146 155330.204 10.3689604116 10.3775158882 10.3817611805 0.648060025724 0.648594743013 0.648860073781
64 16777216 199292.605 199383.412 199592.857 10.7593211515 10.7706234258 10.7755310238 0.672457571966 0.673163964112 0.67347068899
80 8388608 122600.961 122872.376 123533.936 10.8648467252 10.9233443976 10.9475265859 0.679052920325 0.68270902485 0.684220411617
96 8388608 144614.65 144837.091 145162.788 11.0952177083 11.1201676648 11.1372723026 0.693451106767 0.695010479049 0.696079518915
112 8388608 168880.044 170145.952 185064.328 10.1534866946 11.0437431506 11.12652595 0.634592918415 0.690233946912 0.695407871874
128 8388608 192117.157 192330.517 192709.682 11.1436209417 11.1655897436 11.1779899387 0.696476308855 0.697849358976 0.69862437117
144 4194304 107713.062 107717.212 107924.531 11.1926319328 11.2141739428 11.2146060057 0.699539495798 0.700885871424 0.700912875358
160 4194304 119382.95 119657.776 120436.398 11.1442828106 11.2167994832 11.2426211616 0.696517675661 0.701049967701 0.702663822598
176 4194304 130680.416 131104.945 131196.384 11.2533208842 11.2611695005 11.2977525875 0.703332555263 0.703823093782 0.706109536719
192 4194304 141925.99 141930.842 142163.112 11.3293294818 11.3478699436 11.3482578913 0.70808309261 0.709241871474 0.709266118207
208 4194304 154145.703 154156.733 155133.887 11.2472555013 11.318548532 11.3193584384 0.702953468832 0.707409283252 0.707459902402
224 4194304 165515.636 165875.087 166225.439 11.3042155479 11.3280916742 11.3526929383 0.706513471744 0.708005729637 0.709543308645
240 4194304 177425.739 177481.386 177559.579 11.3385373593 11.3435327804 11.3470905143 0.708658584959 0.708970798774 0.709193157144
256 4194304 188774.379 188970.471 189385.345 11.3392282175 11.3641228528 11.3759274928 0.708701763592 0.710257678301 0.710995468299
272 2097152 100572.885 100683.139 100850.433 11.3123033195 11.3310997187 11.3435215466 0.707018957469 0.708193732418 0.708970096662
288 2097152 105538.395 106061.887 106331.611 11.3603051871 11.3891953667 11.4456881024 0.710019074196 0.711824710416 0.715355506401
304 2097152 131433.164 132814.206 134204.667 9.50092455429 9.60039181351 9.70126851698 0.593807784643 0.600024488344 0.606329282311
320 2097152 137373.918 137777.476 138901.176 9.66282157323 9.74163062764 9.77024823591 0.603926348327 0.608851914227 0.610640514745
352 2097152 129383.794 129385.959 129596.476 11.3922465608 11.4107822782 11.4109732166 0.712015410049 0.713173892385 0.713185826039
384 2097152 141080.018 141439.175 141674.859 11.3683736647 11.3873170994 11.4163065672 0.710523354041 0.711707318711 0.713519160453
416 2097152 153549.153 153657.331 154202.602 11.3151817244 11.3553349693 11.3633349967 0.707198857773 0.709708435584 0.710208437294
448 2097152 163905.901 164301.716 165051.389 11.3846251364 11.4365707051 11.4641887848 0.711539071022 0.714785669068 0.716511799047
480 2097152 176300.688 176327.473 176344.404 11.4166703016 11.4177665326 11.4195012103 0.71354189385 0.713610408288 0.713718825646
528 1048576 107297.089 107808.191 107849.679 10.2670333956 10.2709844746 10.3199095737 0.641689587226 0.641936529665 0.644994348356
576 1048576 105790.17 105855.968 107113.672 11.277361045 11.4113504871 11.4184479711 0.704835065313 0.713209405444 0.713652998194
624 1048576 114733.629 115117.216 130855.304 10.0005334747 11.3677423193 11.4057478998 0.625033342172 0.710483894955 0.712859243736
672 1048576 133780.743 134042.788 134291.581 10.4942255762 10.5137036093 10.5342974811 0.655889098513 0.657106475583 0.658393592567
736 1048576 134580.166 134676.827 134684.665 11.460130758 11.4607977213 11.4690293368 0.716258172376 0.716299857584 0.716814333547
800 1048576 146511.093 146774.781 146839.232 11.4255677938 11.4305849313 11.4511574902 0.71409798711 0.714411558209 0.715697343136
880 1048576 160875.228 160952.592 161150.498 11.4519891834 11.4660704563 11.4715844257 0.715749323964 0.71662940352 0.716974026604
960 1048576 176797.38 176913.222 176951.547 11.3774982708 11.3799629968 11.387419429 0.711093641922 0.711247687298 0.71171371431
1056 524288 96655.683 96767.104 96910.828 11.4259291645 11.4428996036 11.4560905436 0.714120572781 0.715181225223 0.716005658974
1152 524288 105980.894 106127.69 106599.319 11.331775506 11.3821336543 11.3978992478 0.708235969125 0.711383353393 0.712368702985
1264 524288 122379.169 122380.644 122506.976 10.8189762516 10.8301445448 10.8302750773 0.676186015725 0.676884034047 0.676892192331
1376 524288 132028.577 132109.955 132131.771 10.9197096586 10.9215128867 10.9282445421 0.682481853664 0.682594555422 0.683015283881
1504 524288 144032.548 144153.956 144182.811 10.9379078759 10.9400972943 10.9493189276 0.683619242241 0.683756080895 0.684332432972
1648 524288 157060.772 157174.89 158958.261 10.8711131912 10.9944613163 11.0024497269 0.679444574447 0.687153832269 0.687653107932
1808 524288 172527.062 172701.547 172789.564 10.971874482 10.977466276 10.988568321 0.685742155122 0.686091642248 0.686785520059
1984 524288 188199.994 188593.788 189029.594 11.0055507182 11.0309825475 11.0540640294 0.687846919885 0.68943640922 0.690879001835
2176 262144 102842.964 102989.88 104028.52 10.9667107443 11.0773086443 11.0931330995 0.68541942152 0.692331790269 0.693320818719
2384 262144 112370.721 112791.95 113396.865 11.0223734316 11.0814875707 11.1230272519 0.688898339473 0.692592973169 0.695189203244
2608 262144 122748.288 123644.573 123732.887 11.0507653798 11.0586584662 11.1394067182 0.690672836236 0.691166154134 0.69621291989
2864 262144 134352.343 135451.273 135509.331 11.0808666895 11.0856162422 11.1762906286 0.692554168096 0.69285101514 0.698518164287
3136 262144 147117.196 147905.988 148226.94 11.0922290374 11.1162988749 11.1759006609 0.69326431484 0.694768679683 0.698493791304
3440 262144 160999.099 161285.104 162220.004 11.1179304372 11.182376272 11.2022410759 0.694870652327 0.698898517001 0.700140067243
3776 262144 176540.851 177481.808 177722.742 11.1393255906 11.1544473786 11.2139002207 0.696207849415 0.697152961164 0.700868763797
4144 131072 96713.921 97012.224 97059.104 11.1924043313 11.1978129272 11.2323512972 0.699525270705 0.699863307948 0.702021956074
4544 131072 106121.245 106196.688 106499.555 11.1848574015 11.2167559877 11.2247301283 0.699053587595 0.701047249232 0.701545633016
4992 131072 116494.289 116609.783 131922.858 9.9196065628 11.2222389437 11.2333648219 0.619975410175 0.701389933982 0.702085301366
5488 131072 127499.703 127866.863 127900.854 11.2481365605 11.251126666 11.2835264565 0.703008535033 0.703195416626 0.705220403533
6032 131072 140263.646 140501.942 140575.306 11.2484379582 11.254311403 11.2734315205 0.703027372389 0.70339446269 0.704589470033
6624 131072 153906.504 153951.128 163617.062 10.6128409518 11.2791759213 11.2824462311 0.663302559485 0.704948495083 0.705152889445
7280 131072 168988.565 169296.774 179003.673 10.6612802297 11.2725616378 11.2931210464 0.666330014357 0.704535102364 0.705820065399
8000 131072 185535.779 185548.474 195673.27 10.7176212673 11.3024481139 11.3032214665 0.669851329208 0.706403007119 0.706451341657
8800 65536 101946.995 103625.326 107113.627 10.7683180218 11.1308079262 11.3140519738 0.67301987636 0.69567549539 0.707128248361
9680 65536 112020.952 112680.847 117228.291 10.8231293758 11.2599167807 11.3262468971 0.676445585989 0.703744798794 0.707890431069
10640 65536 122783.674 123119.546 128303.249 10.869608454 11.3272516453 11.3582370894 0.679350528372 0.707953227833 0.709889818088
11696 65536 134914.678 135014.739 140345.202 10.9231957356 11.3544500649 11.3628712215 0.682699733476 0.709653129056 0.710179451342
12864 65536 148753.909 149429.052 153080.801 11.0145112711 11.2836840322 11.334896806 0.688406954442 0.705230252013 0.708431050373
14144 65536 163425.806 163854.027 167550.596 11.0646121963 11.3142313432 11.3438777717 0.691538262269 0.707139458953 0.708992360729
15552 65536 179209.189 179765.298 183760.901 11.0928480047 11.3394062518 11.3745938775 0.693303000294 0.708712890738 0.710912117347
17104 32768 98574.289 98619.419 100644.256 11.137523278 11.3661969962 11.3714007514 0.696095204877 0.710387312259 0.71071254696
18800 32768 108258.331 109366.225 110219.024 11.1784404841 11.2656059949 11.3808959423 0.698652530256 0.704100374681 0.711305996395
20672 32768 118939.596 119026.061 120654.412 11.2284347463 11.3820467603 11.3903211173 0.701777171646 0.711377922521 0.71189506983
22736 32768 130842.715 130993.814 132305.157 11.2620439731 11.3747851941 11.3879209553 0.703877748318 0.710924074628 0.711745059708
25008 32768 143824.2 143863.711 148083.473 11.0675705722 11.392200831 11.3953304659 0.691723160761 0.712012551935 0.712208154121
27504 32768 158024.675 158390.875 162287.466 11.1068475492 11.3800883037 11.4064600607 0.694177971822 0.711255518981 0.712903753797
30240 32768 173970.413 176036.639 177502.899 11.1649367484 11.2579327307 11.391641865 0.697808546778 0.703620795669 0.711977616562
33264 16384 96524.486 97035.022 97535.017 11.1754197162 11.2330036056 11.2924170557 0.698463732261 0.702062725353 0.705776065982
36576 16384 106067.645 106327.904 106748.799 11.2275021286 11.2719457726 11.299603833 0.701718883039 0.704496610786 0.706225239563
40224 16384 116674.24 117244.148 117271.225 11.2394155685 11.2420112601 11.2969240854 0.70246347303 0.702625703758 0.706057755337
44240 16384 127837.761 128366.939 128398.382 11.2903005273 11.2930660441 11.3398131245 0.705643782957 0.705816627753 0.708738320284
48656 16384 140393.095 141125.291 147490.665 10.8099031759 11.2974775584 11.3563976063 0.675618948494 0.706092347402 0.709774850394
53520 16384 154082.969 154374.083 154600.134 11.3437376451 11.3603483559 11.3818118341 0.708983602821 0.710021772243 0.711363239632
58864 16384 169547.815 169652.182 170286.384 11.3271273175 11.3694709332 11.3764695346 0.707945457342 0.710591933324 0.71102934591
64736 16384 186229.348 186750.986 186950.198 11.3467076831 11.3588115031 11.3906281195 0.709169230193 0.709925718946 0.711914257467
71200 8192 102729.533 103079.529 103156.861 11.3084169942 11.3169007592 11.3554570525 0.706776062137 0.707306297451 0.709716065778
78320 8192 112559.285 112907.569 113044.939 11.3511926438 11.3650031735 11.4001690753 0.70944954024 0.710312698345 0.712510567209
86144 8192 123662.058 123991.878 124213.521 11.362557672 11.3828689328 11.4132282676 0.710159854498 0.711429308297 0.713326766727
94752 8192 136055.958 136627.934 137662.207 11.2770004334 11.3623672887 11.4101344095 0.704812527087 0.710147955542 0.713133400597
104224 8192 149501.722 149686.978 149975.488 11.3859007147 11.4078461521 11.4219822565 0.711618794666 0.712990384508 0.713873891031
114640 8192 164341.353 164522.853 164761.152 11.3999066965 11.4164186054 11.429026996 0.712494168528 0.713526162836 0.714314187251
126096 8192 180476.023 181949.358 182288.782 11.3334284279 11.3545707812 11.4472650143 0.708339276742 0.709660673823 0.715454063391
138704 4096 99189.619 99710.293 99850.072 11.3796930262 11.3956456632 11.4554645885 0.711230814135 0.712227853949 0.71596653678
152560 4096 109265.277 109639.427 109833.786 11.3787529823 11.3989242209 11.4379568177 0.711172061391 0.712432763809 0.714872301106
167808 4096 119906.449 120442.83 120670.05 11.3920822607 11.4135738591 11.4646305304 0.712005141292 0.713348366192 0.716539408151
184576 4096 132183.588 132356.436 132815.493 11.3845648414 11.4240503726 11.4389888705 0.711535302587 0.714003148287 0.714936804409
203024 4096 145340.039 145446.83 146034.019 11.3889395046 11.4349182309 11.4433202264 0.711808719036 0.714682389434 0.715207514152
223312 4096 159740.087 159880.764 160293.909 11.4126102196 11.44210134 11.4521779621 0.713288138728 0.715131333748 0.715761122629
245632 4096 175415.211 175756.669 176345.174 11.4106742949 11.4488818857 11.4711679365 0.713167143434 0.715555117854 0.716947996032
270192 2048 96475.943 96753.594 96876.712 11.4238645094 11.438401265 11.4713201819 0.713991531835 0.714900079061 0.716957511366
297200 2048 106129.428 106349.176 106409.51 11.4400601976 11.446550371 11.4702512106 0.715003762352 0.715409398188 0.716890700664
326912 2048 116866.69 116952.966 117064.151 11.4384424314 11.449316745 11.4577691214 0.714902651966 0.715582296562 0.716110570086
359600 2048 128590.429 128637.686 128895.08 11.427291096 11.4501562163 11.4543641502 0.714205693499 0.715634763517 0.715897759389
395552 2048 142549.403 144140.848 156378.576 10.360632725 11.2402626631 11.3657508057 0.647539545315 0.702516416443 0.710359425357
435104 2048 155441.197 155456.907 155700.949 11.4462114422 11.4641801281 11.4653387802 0.715388215135 0.716511258004 0.716583673761
478608 2048 170893.597 171170.191 189945.057 10.320765378 11.4528023632 11.4713389057 0.645047836122 0.715800147702 0.716958681606
526464 1024 94028.108 94110.335 95025.662 11.3463905361 11.4567467218 11.4667655761 0.709149408504 0.716046670113 0.716672848506
579104 1024 103448.997 103458.666 103512.677 11.4575820699 11.4635635453 11.4646350027 0.716098879367 0.716472721579 0.716539687669
637008 1024 113766.858 113799.602 113918.739 11.4519559771 11.4639450496 11.4672445643 0.715747248572 0.716496565603 0.71670278527
700704 1024 125276.532 125531.648 125902.815 11.3980119666 11.4317131565 11.4549929591 0.712375747913 0.714482072282 0.715937059944
770768 1024 137816.538 137846.047 137925.072 11.4448580023 11.4514191618 11.4538711167 0.715303625145 0.715713697615 0.715866944793
847840 1024 151492.422 151534.943 151582.268 11.4550095002 11.4585869478 11.4618031521 0.715938093762 0.716161684239 0.716362697007
932624 1024 166715.1 166814.179 167028.312 11.4352706384 11.4499496593 11.4567543792 0.714704414902 0.715621853703 0.716047148699
1025872 1024 183363.047 183440.336 183543.412 11.4468061431 11.453238158 11.4580657901 0.715425383941 0.715827384878 0.716129111882
1128448 512 100850.894 100882.708 100892.1 11.4531341106 11.4542003769 11.4578136709 0.715820881912 0.715887523559 0.716113354434
1241280 512 110899.384 110956.676 111044.999 11.4464472191 11.4555587444 11.4614768284 0.715402951195 0.715972421524 0.716342301775
1365408 512 121950.126 122081.244 122113.553 11.4498166473 11.4528468599 11.4651607002 0.715613540456 0.715802928745 0.716572543763
1501936 512 134231.028 134242.28 134515.348 11.4335091636 11.4567665567 11.4577269273 0.714594322724 0.716047909794 0.716107932959
1652128 512 147643.841 147656.077 149311.294 11.3305499315 11.4575648112 11.4585143582 0.708159370717 0.716097800702 0.716157147388
1817328 512 162394.608 162548.765 163559.839 11.3777555871 11.4485266744 11.4593944646 0.711109724191 0.715532917153 0.716212154039
1999056 512 178612.793 178768.162 178994.532 11.4362898192 11.4507713292 11.4607319533 0.714768113699 0.715673208074 0.71629574708
2198960 256 98273.186 98303.91 111746.279 10.0752126163 11.4529271521 11.4565077803 0.629700788516 0.715807947008 0.716031736266
2418848 256 108083.44 108093.07 108151.569 11.4510606499 11.4572578612 11.458278678 0.715691290618 0.716078616326 0.716142417377
2660720 256 118950.869 118954.057 120050.591 11.3476212708 11.4522251225 11.4525320534 0.709226329423 0.715764070157 0.715783253336
2926784 256 131044.383 131176.381 131263.436 11.416076355 11.4236526162 11.4351593994 0.71350477219 0.713978288515 0.714697462462
3219456 256 144279.011 149374.993 151708.285 10.865335878 11.0350563966 11.4248182087 0.679083492375 0.689691024789 0.714051138041
3541392 256 158846.332 159113.429 159325.9 11.3804014539 11.395598193 11.4147596685 0.711275090867 0.712224887065 0.71342247928
3895520 256 175115.169 175453.285 176012.047 11.3316461799 11.3677338102 11.3896828664 0.708227886242 0.710483363136 0.711855179148
4285072 128 96750.998 96948.526 96999.129 11.3091575492 11.3150604476 11.338161411 0.706822346827 0.707191277978 0.708635088188
4713568 128 106665.982 106830.905 106994.79 11.2778707075 11.295171636 11.312635813 0.704866919221 0.705948227248 0.707039738311
5184912 128 117056.559 117181.797 117391.616 11.3069188178 11.3271643376 11.3392831922 0.706682426111 0.707947771103 0.70870519951
5703392 128 128972.756 129090.342 129140.668 11.3060306611 11.3104383285 11.3207501901 0.706626916317 0.706902395533 0.707546886879
6273728 128 141937.035 141999.691 142054.872 11.3060139747 11.3104074853 11.315400297 0.706625873416 0.706900467833 0.707212518565
6901088 128 156214.407 156265.945 156349.088 11.2995768034 11.3055888665 11.3093187877 0.706223550213 0.706599304154 0.706832424233
7591184 128 171853.452 171856.951 171940.055 11.302445518 11.3079109846 11.3081412179 0.706402844875 0.70674443654 0.706758826119
8350288 128 189064.112 189190.147 190396.042 11.2275113786 11.2990753583 11.3066076126 0.701719461164 0.706192209893 0.706662975785
9185312 64 103996.018 104065.942 104083.1 11.2959734674 11.2978359049 11.3054322522 0.70599834171 0.706114744053 0.706589515764
10103840 64 114412.62 114448.534 114477.514 11.2973410656 11.3002017134 11.3037488347 0.7060838166 0.706262607086 0.706484302169
11114224 64 125974.066 126124.104 126975.652 11.2038855449 11.2795304536 11.2929646329 0.700242846558 0.704970653349 0.705810289556
12225632 64 138528.343 138557.123 138708.073 11.2818299768 11.2941208804 11.2964672941 0.705114373552 0.705882555024 0.706029205879
13448192 64 151861.784 151903.467 152129.542 11.3151499266 11.331990046 11.335100449 0.707196870415 0.708249377876 0.708443778061
14793008 64 166988.953 167176.466 167498.906 11.3045814401 11.3263850427 11.3391035154 0.706536340005 0.707899065171 0.708693969714
16272304 64 183699.776 183904.012 183942.818 11.3233826395 11.325772012 11.3383639183 0.707711414968 0.707860750749 0.708647744894
17899520 32 101059.227 101274.937 101629.713 11.2719916861 11.3114785744 11.3356228224 0.704499480383 0.7069674109 0.708476426403
19689472 32 111236.923 111275.874 111381.929 11.3135606405 11.3243433882 11.3283087487 0.707097540033 0.707771461764 0.708019296794
21658416 32 122910.591 126819.134 130401.203 10.6297993585 10.9300432851 11.2776174349 0.664362459908 0.683127705319 0.704851089684
23824256 32 134667.472 135047.314 136260.995 11.1899401879 11.2905050744 11.3223509832 0.699371261747 0.705656567149 0.707646936448
26206672 32 148081.559 154437.323 157451.663 10.6523295851 10.8602439839 11.3263732454 0.66577059907 0.678765248994 0.70789832784
28827328 32 162935.574 163405.26 167731.918 10.9993912548 11.2906340469 11.323180977 0.687461953425 0.705664627932 0.707698811065
31710048 32 179304.819 179519.559 182112.932 11.1438712765 11.3048577175 11.3183967019 0.696491954783 0.706553607343 0.707399793867
34881040 16 98611.506 99829.145 102374.355 10.9030555553 11.1810361593 11.3190977937 0.681440972204 0.698814759958 0.707443612107
38369136 16 108514.233 108630.539 109599.838 11.202684004 11.3026443881 11.3147586087 0.700167750248 0.706415274254 0.707172413042
42206048 16 119369.208 119437.253 123323.215 10.9516568799 11.3079755443 11.3144215215 0.684478554991 0.706748471518 0.707151345094
46426640 16 131283.583 131421.684 133861.781 11.0984066468 11.3044699686 11.3163614677 0.693650415424 0.706529373037 0.70727259173
51069296 16 144387.056 144890.353 150876.543 10.8314880465 11.2789943441 11.3183100845 0.676968002906 0.704937146506 0.707394380283
56176224 16 158899.4 159035.618 164333.106 10.938995871 11.3033746189 11.3130645427 0.683687241937 0.70646091368 0.70706653392
61793840 16 174931.192 174975.421 178263.582 11.0925790776 11.3010322747 11.3038895888 0.693286192353 0.706314517169 0.706493099298
67973216 8 96249.38 96653.757 99376.354 10.9439661672 11.2522419175 11.2995164852 0.683997885453 0.703265119844 0.706219780325
74770528 8 105977.097 106139.127 107604.865 11.1177914493 11.2713236091 11.2885565076 0.694861965581 0.704457725566 0.705534781727
82247568 8 116351.342 116590.545 120275.034 10.9412655664 11.2870309338 11.3102355794 0.683829097899 0.705439433361 0.706889723713
90472320 8 128091.317 128122.558 129836.634 11.1490653709 11.2982221288 11.3009777236 0.69681658568 0.706138883053 0.706311107723
99519552 8 140990.245 145418.524 145458.837 10.9468277407 10.9498624261 11.2937801619 0.684176733793 0.684366401628 0.705861260118
109471504 8 155065.145 157045.074 161640.668 10.8360357927 11.1531296041 11.295536879 0.677252237042 0.697070600253 0.70597105494
120418640 8 171522.3 172668.647 175955.257 10.9499328002 11.158356039 11.2329314614 0.684370800015 0.697397252438 0.702058216337
132460496 8 188284.148 193356.846 194094.782 10.9192422082 10.9609149086 11.2562207627 0.682452638011 0.685057181787 0.703513797667
145706544 4 103313.155 104444.64 105769.057 11.0207312522 11.1604803463 11.2827098543 0.688795703265 0.697530021646 0.705169365895
160277184 4 113613.345 117124.063 117332.673 10.9280513195 10.9475153026 11.2857998504 0.68300320747 0.684219706415 0.705362490648
176304896 4 124930.362 127035.612 128285.871 10.9945012417 11.1027069165 11.2898029384 0.687156327605 0.693919182284 0.705612683649
193935376 4 138310.344 141568.553 141694.852 10.9494663081 10.9592347673 11.2174040143 0.684341644254 0.684952172959 0.701087750892
213328912 4 151733.44 155098.006 156070.651 10.9349918455 11.0035669704 11.2475621458 0.683436990341 0.687722935651 0.702972634114
234661792 4 166260.792 169308.85 171433.197 10.9505881524 11.0879870485 11.2912630417 0.684411759526 0.692999190533 0.705703940109
258127968 4 183119.262 185671.337 188471.405 10.9566952292 11.1219307049 11.2769335211 0.684793451824 0.695120669056 0.704808345066
283940752 2 100864.165 101003.12 103591.46 10.9638671759 11.244830932 11.2603223157 0.685241698495 0.702801933247 0.703770144729
312334816 2 110737.787 113164.61 114908.67 10.8724543065 11.0400174047 11.2819598246 0.679528394159 0.690001087796 0.705122489038
343568288 2 121896.874 125624.096 125663.8 10.9361100969 10.9395664985 11.2740639436 0.683506881059 0.683722906153 0.704628996475
377925104 2 133949.213 137444.12 137881.295 10.963781679 10.9986546969 11.2856237237 0.685236354938 0.687415918557 0.70535148273
415717600 2 147721.645 149990.989 151531.886 10.9737326176 11.0864686678 11.2567823084 0.685858288598 0.692904291737 0.703548894273
457289360 2 162386.571 166972.159 166988.428 10.9537975889 10.9548648766 11.2642161771 0.684612349306 0.684679054788 0.704013511068
503018288 2 178718.735 182235.44 182532.181 11.0231146145 11.0410639775 11.2583224809 0.688944663407 0.690066498591 0.703645155053
553320112 1 98288.442 100972.016 104645.416 10.5751428615 10.9598705447 11.2591084107 0.660946428843 0.684991909045 0.703694275671
608652112 1 108040.981 111167.194 111471.38 10.9203297205 10.9502109408 11.2670600797 0.682520607532 0.684388183802 0.704191254983
669517312 1 118751.301 120212.547 121873.228 10.987110508 11.138892382 11.2759575072 0.686694406749 0.696180773875 0.7047473442
736469040 1 130636.317 131761.395 134525.399 10.9491448526 11.1788288216 11.2751041504 0.684321553285 0.69867680135 0.7046940094
810115936 1 143807.292 147958.827 148050.765 10.9437588654 10.9505590498 11.2666878673 0.683984929088 0.684409940611 0.704167991704
891127520 1 158228.557 159896.087 161405.423 11.0421013549 11.1463330557 11.2638013883 0.690131334683 0.696645815979 0.703987586767
980240272 1 174528.312 177208.352 178190.308 11.0021727108 11.0631385139 11.2330230066 0.687635794423 0.69144615712 0.702063937913

META_DATA
ERT_VERSION  1.1.0
HOSTNAME  ('atajo-Inspiron-15-7568', [], ['127.0.1.1'])
TIMESTAMP_DATA  1535276912.05
TIMESTAMP_DATA  1535277009.56
FLOPS          1
MPI_PROCS      2
UNAME  ('Linux', 'atajo-Inspiron-15-7568', '4.15.0-33-generic', '#36-Ubuntu SMP Wed Aug 15 16:00:05 UTC 2018', 'x86_64', 'x86_64')
TIMESTAMP_DATA  1535276960.71
CONFIG  {'ERT_WORKING_SET_MIN': ['1'], 'ERT_CFLAGS': [], 'ERT_CC': ['mpicc'], 'ERT_MPI_CFLAGS': ['-I/usr/include/mpi'], 'ERT_MPI_LDFLAGS': ['-lmpi'], 'ERT_MEMORY_MAX': ['1073741824'], 'ERT_PROCS_THREADS': ['1-4'], 'ERT_LDFLAGS': [], 'ERT_LDLIBS': [], 'ERT_RUN': ['export', 'OMP_NUM_THREADS=ERT_OPENMP_THREADS;', 'mpirun', '-np', 'ERT_MPI_PROCS', 'ERT_CODE'], 'ERT_FLOPS': ['1,2,4,8,16'], 'ERT_OPENMP_CFLAGS': ['-fopenmp'], 'ERT_MPI': ['True'], 'ERT_TRIALS_MIN': ['1'], 'ERT_DRIVER': ['driver1'], 'ERT_RESULTS': ['Results/myLaptop'], 'ERT_OPENMP': ['False'], 'ERT_MPI_PROCS': ['1,2,4,8'], 'ERT_KERNEL': ['kernel1'], 'ERT_GPU': [False], 'ERT_OPENMP_THREADS': ['1,2,4,8'], 'ERT_LD': ['mpicc'], 'ERT_NUM_EXPERIMENTS': ['3'], 'ERT_OPENMP_LDFLAGS': ['-fopenmp'], 'ERT_ALIGN': ['64'], 'ERT_GNUPLOT': ['gnuplot']}
