32 33554432 305954.13 307237.38 319700.203 6.71717949457 6.98965616749 7.01897257605 0.41982371841 0.436853510468 0.438685786003
64 16777216 251361.326 252705.309 260982.697 8.22845220271 8.49797598831 8.54341311042 0.51427826267 0.531123499269 0.533963319401
96 8388608 173983.467 175514.593 180964.884 8.90013963151 9.17651751043 9.25727463518 0.556258726969 0.573532344402 0.578579664699
128 8388608 219072.643 223030.978 229880.65 9.34173297318 9.62863395595 9.80260984937 0.583858310823 0.601789622247 0.612663115586
160 4194304 136039.139 137421.308 138592.805 9.68432149129 9.76687894719 9.866111252 0.605270093206 0.610429934199 0.61663195325
192 4194304 160697.27 160988.709 167837.412 9.59626770222 10.0045074341 10.0226515111 0.599766731389 0.625281714633 0.626415719446
224 4194304 183398.627 186580.128 188112.524 9.98895848104 10.0709985149 10.2457047947 0.624309905065 0.629437407182 0.64035654967
256 4194304 205507.161 206238.023 210719.639 10.1911889095 10.4126465952 10.4496779458 0.636949306847 0.650790412203 0.653104871611
288 2097152 116757.934 118055.829 119282.41 10.1268875436 10.2321042699 10.3458455508 0.632930471475 0.63950651687 0.646615346928
320 2097152 127661.389 127852.953 132213.818 10.1515658522 10.4978199448 10.5135725885 0.634472865764 0.656113746548 0.657098286781
352 2097152 139768.89 140110.285 152121.902 9.70534149645 10.5373778092 10.5631160697 0.606583843528 0.658586113075 0.660194754355
384 2097152 151712.978 154838.055 195627.784 8.23304697864 10.4019179006 10.6161829873 0.514565436165 0.650119868788 0.663511436708
416 2097152 163975.946 164749.956 166974.978 10.4496523066 10.5907795447 10.640770836 0.653103269162 0.661923721546 0.665048177249
448 2097152 176334.32 177641.127 181597.139 10.3473446903 10.5777768005 10.6561683058 0.646709043142 0.661111050033 0.666010519109
480 2097152 187469.058 188688.503 199842.373 10.0742694844 10.6697858534 10.7391904642 0.629641842774 0.666861615835 0.67119940401
512 2097152 199412.127 200425.116 208446.068 10.3023466387 10.7146434083 10.7690724747 0.643896664916 0.669665213017 0.67306702967
544 1048576 105957.27 108847.835 118004.72 9.66783945591 10.4811518575 10.7670826929 0.604239965995 0.655071991097 0.672942668304
576 1048576 112601.592 116195.477 120379.568 10.0345895244 10.3959257554 10.7277306701 0.627161845273 0.64974535971 0.670483166881
608 1048576 127723.456 136571.034 216171.981 5.89839816475 9.33630198626 9.98304035869 0.368649885297 0.583518874141 0.623940022418
640 1048576 124582.551 130981.564 152466.966 8.80306938094 10.2470701907 10.7733969904 0.550191836309 0.640441886921 0.6733373119
704 1048576 137409.952 157026.076 163544.122 9.02750273104 9.40222825157 10.7444547248 0.56421892069 0.587639265723 0.6715284203
768 1048576 148006.936 149586.855 157701.481 10.2130476251 10.7670739919 10.8820085026 0.638315476568 0.672942124493 0.680125531414
832 1048576 160493.756 163087.991 204160.094 8.54638352586 10.6987059765 10.8716407883 0.534148970366 0.668669123529 0.67947754927
896 1048576 171888.183 173380.124 195345.772 9.61908810599 10.8377370407 10.9318055448 0.601193006624 0.677358565045 0.683237846548
960 1048576 185581.159 186082.116 188383.401 10.6870664258 10.8192338054 10.8484391996 0.667941651611 0.676202112835 0.678027449974
1056 524288 109127.329 109273.52 110160.015 10.0517075638 10.1332532895 10.1468281699 0.628231722735 0.633328330596 0.634176760617
1152 524288 111000.125 114110.665 132883.36 9.090374837 10.5858602437 10.8825062314 0.568148427312 0.661616265228 0.680156639463
1248 524288 120444.621 122934.415 146420.566 8.93742514286 10.6448861208 10.8649339185 0.558589071429 0.665305382549 0.679058369904
1344 524288 135915.267 137365.447 138578.142 10.1696135023 10.259393281 10.3688582976 0.635600843891 0.641212080066 0.648053643598
1472 524288 141151.094 145276.429 192158.522 8.03245079081 10.6245994799 10.9351180232 0.502028174426 0.664037467496 0.683444876453
1600 524288 153432.715 163217.791 230252.762 7.28643420138 10.2790363092 10.9345754587 0.455402137587 0.642439769326 0.683410966168
1760 524288 168203.707 176759.985 205640.395 8.97437373625 10.4406761519 10.9717781666 0.560898358516 0.652542259494 0.685736135411
1920 524288 183697.931 203076.489 237384.981 8.48101641274 9.91383064536 10.9596548477 0.530063525797 0.619614415335 0.684978427982
2112 262144 101244.872 103364.223 133767.235 8.27778383847 10.7125678872 10.9368132344 0.517361489904 0.669535492953 0.683550827147
2304 262144 111017.3 112566.814 133567.518 9.04381222387 10.7310450485 10.8808226466 0.565238263992 0.670690315531 0.68005141541
2528 262144 125623.922 125646.876 161953.305 8.18384079288 10.5486113638 10.5505388058 0.511490049555 0.659288210238 0.659408675364
2752 262144 130767.211 136307.725 161485.311 8.9348100274 10.5851709872 11.0336571757 0.558425626712 0.661573186699 0.689603573483
3008 262144 146774.821 146878.571 194840.946 8.09408051221 10.7371571854 10.7447469072 0.505880032013 0.67107232409 0.671546681702
3296 262144 159228.975 159397.888 186575.907 9.2619313811 10.8411301409 10.8526306095 0.578870711319 0.677570633809 0.678289413092
3616 262144 185146.936 195505.144 247437.162 7.66184591141 9.69706151568 10.2395721418 0.478865369463 0.60606634473 0.639973258861
3968 262144 191112.616 231199.368 246845.363 8.42784631932 8.99818542757 10.8855962916 0.526740394957 0.562386589223 0.680349768223
4352 131072 105030.084 115014.791 152206.257 7.49542568411 9.91916498809 10.8621324915 0.468464105257 0.619947811756 0.678883280718
4768 131072 114457.288 125085.624 171283.909 7.29725634648 9.99237603835 10.9202534311 0.456078521655 0.624523502397 0.682515839446
5216 131072 124873.094 134971.233 141710.797 9.64882798592 10.1306261609 10.9498616571 0.60305174912 0.633164135057 0.684366353572
5728 131072 136861.885 142047.843 142391.725 10.5452815604 10.5708105121 10.9713586949 0.659080097527 0.660675657004 0.685709918433
6272 131072 149920.843 152245.447 157175.131 10.4607335622 10.7994504952 10.9669018337 0.65379584764 0.674965655952 0.685431364604
6880 131072 164149.246 172530.866 188336.561 9.57621138681 10.4534960139 10.9872616777 0.598513211675 0.653343500867 0.686703854857
7552 131072 179955.229 190965.943 275532.632 7.18503457696 10.3668301106 11.001133443 0.44906466106 0.647926881915 0.687570840189
8288 65536 98630.416 105244.045 144299.163 7.52828161588 10.3219591759 11.0140946379 0.470517600993 0.645122448496 0.688380914869
9088 65536 108193.434 126342.811 170086.324 7.00339867419 9.42817661386 11.0097470055 0.437712417137 0.589261038366 0.688109187846
9984 65536 118595.701 125173.93 195767.765 6.68456754359 10.4544360635 11.0343194312 0.417785471474 0.653402253968 0.689644964449
10976 65536 130369.655 140196.754 171995.691 8.3644320601 10.2616232613 11.0351313885 0.522777003756 0.641351453829 0.689695711782
12064 65536 143178.289 146239.257 248093.834 6.37360704418 10.8127779123 11.0439412221 0.398350440261 0.675798619518 0.690246326383
13248 65536 156829.074 199987.492 260787.818 6.6584469678 8.68275229933 11.0721935143 0.416152935487 0.542672018708 0.692012094645
14560 65536 188497.884 194300.448 273988.228 6.96529312201 9.82194503226 10.1242957189 0.435330820126 0.613871564516 0.63276848243
16000 65536 189479.627 218381.984 289707.725 7.23885426252 9.60313649316 11.0679550789 0.452428391407 0.600196030823 0.69174719243
17600 32768 104244.76 116146.111 179406.279 6.42917074268 9.93088438407 11.0646674231 0.401823171418 0.620680274004 0.691541713943
19360 32768 114963.636 135063.563 179198.971 7.08026922766 9.39392484411 11.0363329149 0.442516826729 0.587120302757 0.689770807179
21280 32768 126177.575 133844.878 180914.926 7.70862919293 10.4195700339 11.0527253357 0.481789324558 0.651223127119 0.690795333481
23392 32768 143874.069 144316.109 153300.39 10.0000927069 10.6226402764 10.6552773732 0.62500579418 0.663915017276 0.665954835822
25728 32768 152735.321 155210.797 189498.808 8.89773516676 10.8633564197 11.0394255694 0.556108447922 0.678959776233 0.689964098088
28288 32768 167265.441 170496.76 193462.27 9.58265592562 10.8734169963 11.0834752051 0.598915995351 0.679588562269 0.692717200321
31104 32768 184817.413 191615.801 228365.989 8.9261616974 10.6381192645 11.0294355435 0.557885106087 0.664882454031 0.689339721469
34208 16384 101666.047 104126.612 119026.257 9.41748293404 10.7650457695 11.0255859953 0.588592683377 0.672815360592 0.689099124706
37600 16384 114729.086 114889.333 121314.548 10.1560515232 10.7240312728 10.7390099839 0.634753220199 0.670251954548 0.671188123995
41344 16384 122613.173 129045.479 149522.942 9.06055066787 10.4983158069 11.0490590762 0.566284416742 0.656144737934 0.690566192264
45472 16384 134092.422 134878.489 150977.462 9.8691981986 11.0471766628 11.1119366313 0.616824887413 0.690448541428 0.694496039456
50016 16384 147390.624 148435.828 158680.219 10.3284725615 11.0412985199 11.1195966441 0.645529535096 0.690081157495 0.694974790255
55008 16384 163217.008 167741.406 182066.664 9.90023162066 10.7457197777 11.0435926138 0.618764476291 0.671607486109 0.690224538364
60480 16384 179042.353 179120.524 184643.931 10.7331371752 11.0641069808 11.0689376385 0.670821073453 0.691506686302 0.691808602404
66528 8192 98536.971 98608.214 98663.537 11.0475945333 11.0537926587 11.0617846372 0.690474658333 0.690862041168 0.691361539822
73152 8192 108544.872 109019.624 109631.333 10.9322976854 10.9936387966 11.0417226159 0.683268605336 0.687102424789 0.690107663492
80448 8192 119645.974 120882.136 157369.886 8.37555434208 10.9036792004 11.0163341727 0.52347214638 0.681479950023 0.688520885793
88480 8192 131793.971 132186.452 141134.791 10.2714313723 10.9667541421 10.9994130156 0.641964460769 0.685422133881 0.687463313477
97312 8192 144396.047 144962.148 148762.122 10.7175118677 10.9984560107 11.0415751755 0.669844491732 0.687403500671 0.690098448471
107040 8192 158587.015 163277.393 170908.025 10.2613283373 10.7408829096 11.0585558345 0.64133302108 0.671305181851 0.691159739655
117728 8192 174446.066 188278.782 190838.616 10.1072602203 10.2446782984 11.0570309565 0.631703763771 0.640292393648 0.691064434781
129472 8192 191854.962 225035.699 247075.919 8.58549573178 9.426367716 11.0566295804 0.536593483236 0.58914798225 0.691039348776
142400 4096 105645.436 108630.728 120156.065 9.70854696348 10.7385895453 11.0420368751 0.606784185218 0.671161846582 0.690127304695
156640 4096 116181.598 134641.984 138582.681 9.25941734379 9.53042165511 11.044734296 0.578713583987 0.595651353444 0.690295893503
172288 4096 128030.436 130049.489 147383.004 9.57629616506 10.8526631427 11.0238107445 0.598518510316 0.67829144642 0.688988171531
189504 4096 140402.412 146042.88 161740.685 9.59818346262 10.6298695835 11.0569095351 0.599886466414 0.664366848969 0.691056845946
208448 4096 154390.416 173896.168 180123.357 9.48020314767 9.81968743555 11.0603109975 0.592512696729 0.613730464722 0.691269437346
229280 4096 170099.309 175526.669 242345.598 7.75034403555 10.7007201282 11.0421480901 0.484396502222 0.668795008011 0.690134255631
252192 4096 186815.909 207007.862 252877.168 8.16980386304 9.9800888915 11.0587844208 0.51061274144 0.623755555719 0.691174026298
277408 2048 102888.465 104748.723 121896.045 9.32157534726 10.84751332 11.0436400038 0.582598459203 0.677969582503 0.690227500235
305120 2048 113111.963 115121.365 132204.924 9.45329025718 10.8561214506 11.0489773747 0.590830641074 0.678507590663 0.690561085922
335616 2048 124333.267 129328.563 139026.205 9.88794260765 10.6293853741 11.056438628 0.617996412978 0.664336585879 0.691027414248
369152 2048 136690.713 137223.74 138665.725 10.9042562032 11.0188411422 11.0618092394 0.681516012699 0.688677571388 0.691363077461
406048 2048 150232.413 155499.622 170249.921 9.76900663584 10.6956697811 11.070664278 0.61056291474 0.66847936132 0.691916517376
446624 2048 165207.244 170206.599 202507.74 9.03359004451 10.7479493436 11.0731942481 0.564599377782 0.671746833976 0.692074640504
491264 2048 181635.182 187459.422 222307.175 9.0515177659 10.7341488762 11.0783457359 0.565719860369 0.670884304764 0.692396608494
540384 1024 100067.084 102827.681 118368.135 9.34969898782 10.7627286859 11.0596450677 0.584356186739 0.672670542867 0.691227816731
594400 1024 110069.197 112858.304 132218.322 9.20697813727 10.7863680106 11.0596900239 0.575436133579 0.674148000665 0.691230626494
653824 1024 121055.825 146451.83 148786.568 8.99968034749 9.1431534314 11.0612731936 0.562480021718 0.571447089463 0.691329574599
719200 1024 133105.986 134569.872 160833.731 9.15803911805 10.9454038865 11.0657803173 0.572377444878 0.684087742909 0.691611269834
791104 1024 146347.198 151389.144 186497.23 8.68742657465 10.7020949402 11.0708029545 0.542964160915 0.668880933761 0.691925184656
870208 1024 161129.079 165809.117 183677.536 9.7027977553 10.7484197265 11.0606105059 0.606424859706 0.671776232908 0.691288156621
957216 1024 177148.424 182015.461 218771.953 8.96083040407 10.7703947633 11.0663043099 0.560051900254 0.673149672708 0.691644019368
1052928 512 97541.412 102614.12 114907.634 9.38317354964 10.5073090526 11.0537488631 0.586448346852 0.656706815787 0.690859303944
1158208 512 107338.47 131063.254 132280.624 8.9658255014 9.0491038167 11.0492071668 0.560364093837 0.565568988544 0.690575447927
1274016 512 118011.518 120151.025 133414.726 9.77847365965 10.8579380326 11.0547886012 0.611154603728 0.678621127036 0.690924287577
1401408 512 129784.571 130163.757 132496.98 10.8307509499 11.024895294 11.0571062565 0.676921934372 0.689055955876 0.691069141031
1541536 512 142877.002 143002.425 147284.999 10.7175399716 11.0385041652 11.0481941943 0.669846248225 0.689906510327 0.690512137146
1695680 512 157087.286 161135.354 182290.099 9.5253462998 10.775886712 11.0535764174 0.595334143738 0.673492919499 0.690848526086
1865248 512 172710.513 181453.854 210208.626 9.08627770584 10.5261691052 11.0590485711 0.567892356615 0.657885569077 0.691190535691
2051744 512 190098.637 196409.051 197085.876 10.6602558166 10.6969910261 11.0520826933 0.666265988538 0.668561939134 0.690755168329
2256896 256 104667.406 108095.337 144866.535 7.97651957369 10.6899222859 11.0400247428 0.498532473356 0.66812014287 0.690001546422
2482560 256 115202.949 118428.862 133624.509 9.5122573659 10.7327782986 11.0333175586 0.594516085369 0.670798643662 0.68958234741
2730816 256 126738.359 129967.405 130949.825 10.6772024476 10.7579111239 11.0320017004 0.667325152974 0.672369445247 0.689500106278
3003872 256 139552.255 144458.268 164330.365 9.35908871133 10.6465520132 11.0208356289 0.584943044458 0.665409500826 0.688802226807
3304256 256 161660.93 162929.881 192935.099 8.76864334571 10.3834794552 10.4649841616 0.548040209107 0.648967465949 0.6540615101
3634656 256 181280.715 240722.448 266786.855 6.97539566558 7.73066196136 10.265536916 0.435962229099 0.483166372585 0.641596057253
3998112 256 204064.595 209799.104 266051.156 7.69413437166 9.75711194648 10.0313008437 0.480883398229 0.609819496655 0.626956302733
4397920 128 103313.286 112703.357 166454.728 6.7638061924 9.98965381306 10.897606335 0.422737887025 0.624353363316 0.681100395936
4837696 128 118718.572 144825.489 177510.446 6.97677350211 8.55132742552 10.4318149649 0.436048343882 0.534457964095 0.651988435306
5321440 128 128542.02 141011.129 208429.69 6.53596251091 9.66085903759 10.5980024275 0.408497656932 0.603803689849 0.662375151721
5853568 128 139266.024 174900.765 210296.542 7.12571587601 8.56779218776 10.760078912 0.445357242251 0.535487011735 0.672504932
6438912 128 152559.581 177849.691 187262.243 8.80242298497 9.268284149 10.8047063396 0.550151436561 0.579267759313 0.675294146226
7082784 128 167999.55 194893.458 208536.294 8.69485435471 9.30350727319 10.7928426237 0.543428397169 0.581469204574 0.67455266398
7791040 128 185158.726 216111.361 228336.304 8.7349501812 9.22906704567 10.7718727769 0.545934386325 0.576816690354 0.673242048555
8570144 64 101961.621 118436.92 132088.753 8.30485871874 9.26213238237 10.7587386434 0.519053669921 0.578883273898 0.672421165215
9427136 64 112475.09 119729.944 130897.997 9.21842530562 10.0782925949 10.7283613465 0.576151581601 0.62989328718 0.670522584156
10369824 64 141192.278 147039.317 165992.677 7.99636162263 9.02709220283 9.40092114669 0.499772601414 0.564193262677 0.587557571668
11406784 64 153785.524 159849.785 184116.834 7.93011872016 9.13400260125 9.49418588969 0.49563242001 0.570875162578 0.593386618106
12547456 64 148469.711 174518.68 174601.45 9.19851678208 9.20287941669 10.8175220197 0.57490729888 0.575179963543 0.676095126231
13802176 64 163097.918 182906.093 188685.39 9.36309127061 9.65893754015 10.8320115282 0.585193204413 0.603683596259 0.677000720512
15182368 64 179712.339 203687.21 212183.815 9.1587716245 9.54082047665 10.8136320233 0.572423226531 0.596301279791 0.675852001459
16700576 64 197215.071 228994.096 231669.133 9.22727037615 9.33506044627 10.8393020734 0.57670439851 0.583441277892 0.677456379589
18370624 32 127659.216 128983.134 176739.713 6.65226799367 9.11529980346 9.20983202654 0.415766749604 0.569706237716 0.575614501659
20207680 32 135044.881 144374.241 214524.907 6.02863107173 8.95791043501 9.57675337579 0.376789441983 0.559869402188 0.598547085987
22228448 32 131535.708 147200.825 158698.083 8.96432171774 9.66448844291 10.8154712787 0.560270107359 0.604030527682 0.67596695492
24451264 32 147553.857 169669.385 174847.15 8.94999372881 9.22311880838 10.605489601 0.559374608051 0.576444925524 0.662843100062
26896384 32 184080.655 185322.263 278754.016 6.17522430959 9.28851476414 9.35116498798 0.38595151935 0.580532172759 0.584447811749
29586016 32 200023.738 207877.503 267494.527 7.07866828244 9.10875393765 9.4664015528 0.442416767652 0.569297121103 0.59165009705
32544608 32 221673.731 228613.438 245254.403 8.49263004669 9.11081575178 9.3960385049 0.530789377918 0.569425984487 0.587252406556
35799040 16 108228.968 123924.275 125660.715 9.11636767306 9.24410717755 10.5846826517 0.569772979566 0.577756698597 0.661542665731
39378944 16 134897.787 138983.742 186604.653 6.75291954269 9.06671665237 9.34134084794 0.422057471418 0.566669790773 0.583833802996
43316832 16 136067.834 148856.83 151131.526 9.17173710004 9.31189132538 10.1871146417 0.573233568753 0.581993207836 0.636694665104
47648512 16 150452.359 162551.303 167281.195 9.11490609569 9.38013018573 10.1344531527 0.569681630981 0.586258136608 0.633403322044
52413344 16 181122.024 203029.178 275463.678 6.08874106444 8.26101462126 9.26020464524 0.380546316527 0.516313413829 0.578762790327
57654656 16 179223.347 201004.904 202535.879 9.10924524143 9.17862676624 10.2941331187 0.56932782759 0.57366417289 0.64338331992
63420096 16 208020.975 218149.874 222763.895 9.1102872483 9.30297613649 9.75595404262 0.569392953019 0.581436008531 0.609747127663
69762080 8 108814.006 122130.44 122594.818 9.10473459001 9.13935362879 10.2578089074 0.569045911875 0.5712096018 0.641113056714
76738272 8 128999.262 131889.423 134099.733 9.15596418078 9.30940726005 9.517979661 0.572247761299 0.581837953753 0.594873728812
84412096 8 146486.5 149695.662 152256.623 8.87050762974 9.0222623552 9.21991812215 0.554406726859 0.5638913972 0.576244882634
92853280 8 142457.399 159598.978 161844.958 9.17947953621 9.30865910683 10.4287491589 0.573717471013 0.581791194177 0.651796822431
102138592 8 176548.281 194281.557 211018.465 7.74442877309 8.41159344837 9.25649042145 0.484026798318 0.525724590523 0.578530651341
112352448 8 171559.519 194934.167 198092.552 9.07474385004 9.22177571877 10.4782245746 0.567171490627 0.576360982423 0.654889035915
123587680 8 188840.022 214567.706 222203.664 8.89905613798 9.21575253268 10.4713124848 0.556191008624 0.575984533292 0.6544570303
135946432 4 104153.421 116144.465 117876.751 9.22634401418 9.3639542444 10.4420137674 0.576646500886 0.585247140275 0.65262586046
149541056 4 129136.723 159373.928 191291.546 6.25395357514 7.50642506596 9.26404527084 0.390872098446 0.469151566623 0.579002829428
164495136 4 144083.654 144923.744 156087.611 8.43091312353 9.08036910777 9.13331284616 0.52693207022 0.567523069236 0.570832052885
180944640 4 152161.456 158057.937 174171.979 8.31107924656 9.15839563312 9.51329698107 0.51944245291 0.57239972707 0.594581061317
199039104 4 169837.796 216668.554 222840.104 7.14553979925 7.34907213162 9.37549161319 0.446596237453 0.459317008226 0.585968225824
218943008 4 186839.494 194415.166 210610.457 8.31651043804 9.00929747425 9.37459220479 0.519781902377 0.563081092141 0.5859120128
240837280 4 207873.768 210458.292 214434.946 8.98500116674 9.15477466671 9.26859727679 0.561562572921 0.572173416669 0.579287329799
264920992 4 227695.07 238242.901 305681.306 6.93325988342 8.89582827906 9.30792193261 0.433328742713 0.555989267441 0.581745120788
291413088 2 115290.306 123482.851 131040.569 8.89535478131 9.43979137638 10.1105842498 0.555959673832 0.589986961023 0.631911515613
320554368 2 136530.645 146028.627 153608.748 8.34729459549 8.7805897949 9.39142616663 0.521705912218 0.548786862181 0.586964135414
352609792 2 154212.976 169696.645 186049.169 7.5810022457 8.31153242894 9.14604726907 0.473812640356 0.519470776809 0.571627954317
387870752 2 151379.144 173211.308 224859.024 6.89980317623 8.95716928597 10.2489878526 0.431237698515 0.559823080373 0.64056174079
426657824 2 166972.267 191108.374 195472.039 8.73082055485 8.93017537787 10.2210464448 0.545676284678 0.558135961117 0.6388154028
469323584 2 184621.953 202118.909 204364.364 9.18601609036 9.28806881696 10.1683158774 0.574126005647 0.58050430106 0.635519742335
516255936 2 203935.247 240738.872 241045.104 8.56695991635 8.5778575219 10.1258795347 0.535434994772 0.536116095119 0.632867470918
567881504 1 111644.224 124622.206 146431.513 7.75627448444 9.11364871843 10.1730565837 0.484767155278 0.569603044902 0.635816036484
624669632 1 120876.952 132405.269 139175.268 8.97673330868 9.43572165546 10.3356284497 0.561045831792 0.589732603466 0.645976778104
687136576 1 132021.946 146870.735 151349.658 9.08012063034 9.3570250874 10.4094295959 0.567507539396 0.584814067963 0.650589349743
755850208 1 145746.026 161827.996 164434.898 9.19330649629 9.34140231212 10.3721552998 0.574581656018 0.583837644507 0.648259706237
831435200 1 159872.769 180660.583 182183.977 9.12742397758 9.20438964818 10.401210978 0.570463998599 0.575274353011 0.650075686123
914578720 1 176452.058 199647.076 204130.758 8.96071448478 9.16195456827 10.3663140047 0.560044655299 0.572622160517 0.647894625292
1006036576 1 199269.725 218833.366 220968.478 9.10570218074 9.19454463813 10.0972345498 0.569106386296 0.574659039883 0.631077159363

META_DATA
ERT_VERSION  1.1.0
TIMESTAMP_DATA  1535250971.18
TIMESTAMP_DATA  1535250857.18
HOSTNAME  ('atajo-Inspiron-15-7568', [], ['127.0.1.1'])
CONFIG  {'ERT_WORKING_SET_MIN': ['1'], 'ERT_CFLAGS': [], 'ERT_CC': ['gcc'], 'ERT_MPI_CFLAGS': ['-I/usr/include/mpi'], 'ERT_MPI_LDFLAGS': ['-lmpi'], 'ERT_MEMORY_MAX': ['1073741824'], 'ERT_PROCS_THREADS': ['1-4'], 'ERT_LDFLAGS': [], 'ERT_LDLIBS': [], 'ERT_RUN': ['export', 'OMP_NUM_THREADS=ERT_OPENMP_THREADS;', 'mpirun', '-np', 'ERT_MPI_PROCS', 'ERT_CODE'], 'ERT_FLOPS': ['1,2,4,8,16'], 'ERT_OPENMP_CFLAGS': ['-fopenmp'], 'ERT_MPI': ['False'], 'ERT_TRIALS_MIN': ['1'], 'ERT_DRIVER': ['driver1'], 'ERT_RESULTS': ['Results/myLaptop'], 'ERT_OPENMP': ['True'], 'ERT_MPI_PROCS': ['1,2,4,8'], 'ERT_KERNEL': ['kernel1'], 'ERT_GPU': [False], 'ERT_OPENMP_THREADS': ['1,2,4,8'], 'ERT_LD': ['gcc'], 'ERT_NUM_EXPERIMENTS': ['3'], 'ERT_OPENMP_LDFLAGS': ['-fopenmp'], 'ERT_ALIGN': ['64'], 'ERT_GNUPLOT': ['gnuplo']}
UNAME  ('Linux', 'atajo-Inspiron-15-7568', '4.15.0-33-generic', '#36-Ubuntu SMP Wed Aug 15 16:00:05 UTC 2018', 'x86_64', 'x86_64')
FLOPS          1
OPENMP_THREADS 4
TIMESTAMP_DATA  1535250908.8
