8 134217728 623162.067 631542.728 658960.04 3.25889813895 3.40037744525 3.44610778114 0.203681133685 0.212523590328 0.215381736321
16 67108864 441459.808 464927.821 470290.795 4.56628892343 4.61896137637 4.86450546365 0.285393057714 0.288685086023 0.304031591478
24 33554432 303520.872 304283.153 326464.749 4.93349662079 5.2931380529 5.3064315656 0.3083435388 0.330821128306 0.33165197285
32 33554432 389797.679 406804.775 419043.757 5.12472411801 5.27890472279 5.50922635945 0.320295257376 0.329931545174 0.344326647466
40 16777216 238445.465 246761.744 249272.484 5.38437800459 5.43916272532 5.62886478046 0.336523625287 0.339947670333 0.351804048779
48 16777216 282795.662 304482.076 309218.78 5.20865109163 5.28967996133 5.69532334623 0.325540693227 0.330604997583 0.355957709139
56 16777216 342867.872 345635.702 394894.768 4.75835170346 5.43649912647 5.48038572713 0.297396981466 0.339781195404 0.342524107946
64 16777216 374745.156 391164.514 407389.187 5.27133197573 5.48997562698 5.73051742929 0.329458248483 0.343123476686 0.358157339331
72 8388608 210714.786 220433.909 229365.314 5.26653106755 5.4799171211 5.73267578859 0.329158191722 0.342494820069 0.358292236787
80 8388608 249527.211 259655.635 390685.511 3.43544165885 5.16906663705 5.37888142388 0.214715103678 0.323066664815 0.336180088992
88 8388608 276045.629 291071.462 293518.62 5.02998756263 5.07227674556 5.34837306915 0.314374222664 0.317017296598 0.334273316822
96 8388608 296803.244 299149.49 328226.467 4.90701664226 5.38397286253 5.42653346471 0.306688540141 0.336498303908 0.339158341544
104 8388608 302617.618 324807.305 344223.833 5.06888337392 5.37189415737 5.76579273716 0.31680521087 0.335743384836 0.360362046072
112 8388608 324484.043 340102.382 368838.612 5.09449968324 5.52494863738 5.79088011425 0.318406230202 0.345309289836 0.361930007141
120 8388608 345602.288 370789.759 383535.675 5.24922725898 5.42966970131 5.82538365602 0.328076703686 0.339354356332 0.364086478502
128 8388608 368529.933 383711.416 422614.773 5.08142115515 5.59661130332 5.82716207207 0.317588822197 0.349788206458 0.364197629504
136 4194304 197094.402 198019.448 240938.645 4.73502574898 5.76130627331 5.78834647977 0.295939109311 0.360081642082 0.361771654986
144 4194304 207795.436 212483.367 233170.342 5.18058832714 5.6849605174 5.81321503134 0.323786770446 0.355310032338 0.363325939459
152 4194304 262650.619 282456.369 345220.154 3.69349356121 4.51421371915 4.85461797446 0.230843347576 0.282138357447 0.303413623404
160 4194304 274718.037 286215.823 294811.199 4.55266721398 4.68938881831 4.88565401332 0.284541700873 0.293086801144 0.305353375832
176 4194304 262673.294 273382.35 291763.515 5.06024547997 5.40047668769 5.62065136321 0.316265342498 0.33752979298 0.351290710201
192 4194304 286798.259 296813.674 322949.849 4.98719148186 5.42634277692 5.6158386094 0.311699467616 0.339146423557 0.350989913087
208 4194304 321905.471 322714.217 340502.57 5.12427986667 5.40673565677 5.42031938314 0.320267491667 0.337920978548 0.338769961446
224 4194304 335739.987 347664.428 359480.72 5.22711813863 5.40477552682 5.59673635777 0.326694883664 0.337798470426 0.349796022361
240 4194304 367667.025 369416.066 384867.081 5.23106812557 5.44986021263 5.47578592342 0.326941757848 0.340616263289 0.342236620214
264 2097152 203884.272 220170.209 230832.258 4.79697363615 5.02927376519 5.43100380004 0.29981085226 0.314329610324 0.339437737502
288 2097152 207431.881 214828.131 252693.31 4.78033847433 5.62291142402 5.82340354904 0.298771154646 0.351431964001 0.363962721815
312 2097152 234651.304 235186.61 254896.359 5.13394092067 5.56418942388 5.57688291389 0.320871307542 0.347761838992 0.348555182118
336 2097152 254943.77 279295.023 359745.37 3.91745457071 5.04586916323 5.5278312704 0.24484091067 0.315366822702 0.3454894544
368 2097152 276142.302 282900.288 293483.107 5.25925968202 5.45599964889 5.58952344795 0.328703730126 0.340999978056 0.349345215497
400 2097152 289775.85 299654.957 312233.906 5.37328447603 5.59884480736 5.78972195233 0.335830279752 0.34992780046 0.361857622021
440 2097152 317151.364 334178.776 349376.626 5.28224735904 5.52247447336 5.81896838382 0.33014045994 0.345154654585 0.363685523988
480 2097152 357020.764 357927.341 361024.674 5.57653275521 5.62478941781 5.63907235379 0.348533297201 0.351549338613 0.352442022112
528 1048576 189966.107 205629.085 237444.929 4.66338136032 5.38492040657 5.82891481795 0.29146133502 0.33655752541 0.364307176122
576 1048576 208793.161 239019.111 257335.821 4.69409795848 5.05381995166 5.78543639176 0.293381122405 0.315863746979 0.361589774485
632 1048576 234092.657 264694.1 267221.717 4.95992645688 5.00728978848 5.66186091006 0.309995403555 0.31295561178 0.353866306879
688 1048576 260473.678 262056.991 337512.76 4.27492156445 5.50582745568 5.53929512985 0.267182597778 0.34411421598 0.346205945616
752 1048576 283155.553 301701.986 372126.718 4.23796042508 5.22720557763 5.5695828222 0.264872526568 0.326700348602 0.348098926388
824 1048576 307347.684 333166.526 384626.058 4.49281376562 5.18675531047 5.62247037463 0.280800860351 0.324172206904 0.351404398414
904 1048576 337143.806 337366.894 369315.137 5.13335419555 5.61947672317 5.62319512997 0.320834637222 0.351217295198 0.351449695623
992 1048576 370606.707 371337.777 396373.237 5.24852484932 5.60237851588 5.6134299372 0.328032803083 0.350148657243 0.350839371075
1088 524288 204962.035 215929.227 223773.239 5.0982445135 5.28344728433 5.56615613228 0.318640282094 0.33021545527 0.347884758268
1192 524288 219869.916 244832.806 251010.447 4.97948434792 5.10512709641 5.68473675134 0.311217771745 0.319070443525 0.355296046959
1304 524288 241361.072 244716.33 318148.142 4.29781891984 5.58746162955 5.66513519628 0.26861368249 0.349216351847 0.354070949768
1432 524288 263771.191 266788.35 301144.404 4.98618208426 5.62828486326 5.69266426067 0.311636380266 0.351767803954 0.355791516292
1568 524288 287419.475 306693.395 311216.973 5.28302538307 5.3609474309 5.72044454538 0.330189086442 0.335059214431 0.357527784086
1720 524288 318145.828 319686.565 320918.009 5.61997354284 5.64162188048 5.66894348839 0.351248346427 0.35260136753 0.354308968025
1888 524288 345964.686 369889.555 377040.638 5.25065812137 5.3521692117 5.72229354068 0.328166132585 0.334510575731 0.357643346292
2072 262144 191247.024 200711.149 202205.846 5.37237056935 5.41237864171 5.6802177272 0.335773160584 0.338273665107 0.35501360795
2272 262144 208331.188 213400.501 260210.768 4.57775957988 5.58190974444 5.71773409174 0.286109973743 0.348869359027 0.357358380734
2496 262144 228699.155 266389.845 309826.254 4.22373130458 4.91243518686 5.72202747317 0.263983206536 0.307027199179 0.357626717073
2744 262144 249813.843 257066.864 273169.324 5.2665000994 5.59638939696 5.75887330631 0.329156256213 0.34977433731 0.359929581645
3016 262144 273664.268 280203.138 324115.026 4.87867726318 5.643236615 5.77807479053 0.304917328949 0.352702288438 0.361129674408
3312 262144 300338.295 313693.3 346406.254 5.01273240869 5.53547639047 5.78161987635 0.313295775543 0.345967274405 0.361351242272
3640 262144 333697.926 344857.791 347225.329 5.49616678454 5.53389939217 5.71896967678 0.343510424034 0.345868712011 0.357435604799
4000 262144 365539.185 375964.468 379002.513 5.53334589631 5.57805904147 5.73714689439 0.345834118519 0.348628690092 0.358571680899
4400 131072 199485.419 217734.08 312730.194 3.68827066311 5.29744172341 5.78204465159 0.230516916445 0.331090107713 0.361377790725
4840 131072 220813.785 230189.057 278306.369 4.55892175432 5.51189086282 5.74591373451 0.284932609645 0.344493178926 0.359119608407
5320 131072 242213.918 284064.89 322805.02 4.32027382969 4.90946304557 5.75774543228 0.270017114356 0.306841440348 0.359859089518
5848 131072 268957.652 276827.611 375467.403 4.08295926557 5.53780783088 5.69984940231 0.255184954098 0.34611298943 0.356240587645
6432 131072 295022.57 297526.43 318798.801 5.28894777117 5.66709387129 5.71519056322 0.330559235698 0.354193366956 0.357199410201
7072 131072 322309.145 323735.203 362403.66 5.11551778478 5.72653931615 5.75187641046 0.319719861549 0.357908707259 0.359492275654
7776 131072 351350.125 356844.471 386165.104 5.27865341245 5.71238147053 5.80171059851 0.329915838278 0.357023841908 0.362606912407
8552 65536 194705.804 197348.874 220800.181 5.07666134567 5.67992976742 5.75703302609 0.317291334104 0.354995610464 0.359814564131
9400 65536 213713.794 221591.318 243889.462 5.05178366419 5.56013119611 5.76507850495 0.315736479012 0.347508199757 0.360317406559
10336 65536 235831.395 240474.594 257535.577 5.26047782517 5.63369364499 5.7446134006 0.328779864073 0.352105852812 0.359038337538
11368 65536 256274.653 261461.505 274631.56 5.42554721679 5.69883698941 5.81417818172 0.339096701049 0.356177311838 0.363386136357
12504 65536 282629.511 299188.264 357110.582 4.58940275256 5.47790299689 5.79884344774 0.286837672035 0.342368937306 0.362427715484
13752 65536 309554.004 319299.356 326610.435 5.51881370232 5.64517939084 5.82290043323 0.344925856395 0.352823711928 0.363931277077
15120 65536 340303.412 345120.92 356435.463 5.56007705664 5.74236021392 5.82365198266 0.34750481604 0.35889751337 0.363978248916
16632 32768 188054.95 191003.036 192228.693 5.67030205007 5.70668809683 5.7961502848 0.354393878129 0.356668006052 0.3622593928
18288 32768 207465.471 210775.433 227467.444 5.26898419802 5.68625266684 5.77697272815 0.329311512376 0.355390791677 0.361060795509
20112 32768 228692.358 231804.714 234049.972 5.63153253443 5.6860794988 5.76346338604 0.351970783402 0.355379968675 0.360216461627
22120 32768 250536.375 250793.462 254795.819 5.68948236941 5.78027955131 5.78621096438 0.355592648088 0.361267471957 0.361638185273
24328 32768 274840.384 277091.855 288679.661 5.52293778674 5.75390354942 5.80103907874 0.345183611671 0.359618971839 0.362564942421
26760 32768 307916.759 308612.481 325164.022 5.3934114519 5.68267153136 5.69551123393 0.337088215744 0.35516697071 0.355969452121
29432 32768 333542.32 333961.591 353936.079 5.44972854265 5.77568080876 5.78294098332 0.340608033916 0.360980050547 0.361433811458
32368 32768 364821.773 372897.166 385622.867 5.50089071352 5.688617242 5.81453576785 0.343805669595 0.355538577625 0.363408485491
35600 16384 201855.949 203693.475 206323.539 5.6539394664 5.72694240697 5.77907565162 0.35337121665 0.357933900435 0.361192228226
39160 16384 221450.895 222947.394 225746.997 5.68421683146 5.75559488262 5.79448947361 0.355263551967 0.359724680164 0.362155592101
43072 16384 246189.566 247236.441 262204.527 5.38275716346 5.70863781363 5.73291272629 0.336422322716 0.356789863352 0.358307045393
47376 16384 267813.732 269326.822 272602.16 5.69480728986 5.76406299407 5.79662871058 0.355925455616 0.360253937129 0.362289294412
52112 16384 297438.736 308800.088 319368.321 5.34682341271 5.52981065213 5.74103440246 0.334176463294 0.345613165758 0.358814650154
57320 16384 323087.281 324969.203 328959.077 5.70971251844 5.77981464908 5.8134809708 0.356857032402 0.361238415568 0.363342560675
63048 16384 359685.637 363407.156 370389.225 5.57779958097 5.68496472865 5.74378471498 0.34861247381 0.355310295541 0.358986544687
69352 8192 195607.194 196105.085 201707.078 5.63323399093 5.79415453709 5.80890275436 0.352077124433 0.362134658568 0.363056422148
76280 8192 215139.284 219504.89 219723.979 5.68791592837 5.69359306756 5.8091274488 0.355494745523 0.355849566723 0.36307046555
83904 8192 236007.574 237143.621 239697.463 5.73507586937 5.79683792549 5.82474160766 0.358442241835 0.362302370343 0.364046350479
92288 8192 259293.928 263893.974 272822.24 5.54224095514 5.729750358 5.83139992387 0.346390059696 0.358109397375 0.364462495242
101512 8192 286970.118 288730.248 289668.327 5.74164467764 5.76029917032 5.79562994081 0.358852792352 0.360018698145 0.362226871301
111656 8192 313573.671 316510.114 330087.353 5.54208420097 5.77982131718 5.83394612872 0.34638026256 0.361238832324 0.364621633045
122816 8192 345739.419 348364.428 351851.621 5.71893725622 5.77618488648 5.82004027721 0.357433578514 0.361011555405 0.363752517326
135096 4096 190899.229 191280.605 191634.983 5.77507516986 5.78577442287 5.79733316786 0.360942198116 0.361610901429 0.362333322991
148600 4096 210058.821 212393.692 212664.19 5.72419456233 5.73148471848 5.79519200481 0.357762160146 0.358217794905 0.362199500301
163456 4096 230905.514 231545.366 235025.776 5.69738168634 5.78302030022 5.79904537057 0.356086355396 0.361438768764 0.36244033566
179800 4096 254962.324 256612.28 257004.442 5.73111339453 5.7398718409 5.77701668581 0.358194587158 0.358741990056 0.361063542863
197776 4096 278387.409 278891.171 284551.759 5.69380065579 5.80936637826 5.81987884373 0.355862540987 0.363085398641 0.363742427733
217552 4096 306251.618 310800.605 311037.527 5.72981016532 5.73417797562 5.81935205972 0.358113135332 0.358386123476 0.363709503732
239304 4096 338648.523 343191.812 346369.528 5.65978877911 5.71219446226 5.78882893282 0.353736798694 0.357012153891 0.361801808301
263232 2048 187041.37 193286.458 207765.77 5.18948945247 5.5782401062 5.76449088242 0.32434309078 0.348640006637 0.360280680151
289552 2048 206521.435 206644.362 221058.463 5.36511914497 5.73935325659 5.74276947088 0.335319946561 0.358709578537 0.35892309193
318504 2048 227420.302 229596.104 322812.017 4.04133773 5.68211899624 5.73648162687 0.252583608125 0.355132437265 0.358530101679
350352 2048 252339.363 270632.782 319024.547 4.49821747416 5.30254236532 5.6869517896 0.281138592135 0.331408897833 0.35543448685
385384 2048 277638.86 308894.989 349024.97 4.5226932159 5.11025727258 5.68556168254 0.282668325994 0.319391079536 0.355347605159
423920 2048 299617.522 301214.158 338545.926 5.12892398534 5.7645906538 5.7953096615 0.320557749084 0.360286915863 0.362206853843
466312 2048 337561.453 339856.94 449730.424 4.24701965905 5.62005281399 5.65827032389 0.265438728691 0.351253300874 0.353641895243
512936 2048 367405.129 423839.351 584604.317 3.59385963275 4.95703348696 5.71844454572 0.224616227047 0.309814592935 0.357402784108
564224 1024 204464.695 208420.983 341534.729 3.38334773563 5.54421505631 5.65149280173 0.211459233477 0.34651344102 0.353218300108
620640 1024 220585.405 309135.478 437057.58 2.90824545361 4.11169474375 5.76226119765 0.181765340851 0.256980921485 0.360141324853
682704 1024 244022.934 267382.182 384687.173 3.63458386485 5.22913599381 5.72969830778 0.227161491553 0.326820999613 0.358106144236
750968 1024 266916.01 395623.587 424359.358 3.62424543021 3.88748930685 5.76204651044 0.226515339388 0.242968081678 0.360127906902
826064 1024 296211.951 298529.882 517271.308 3.27058362959 5.66703427029 5.71138020019 0.204411476849 0.354189641893 0.356961262512
908664 1024 328608.902 340832.5 521690.19 3.567143695 5.45999537016 5.66309634545 0.222946480937 0.341249710635 0.353943521591
999528 1024 356152.66 438643.327 635053.069 3.2234051671 4.66673768412 5.74762896338 0.201462822944 0.291671105258 0.359226810211
1099480 512 200476.852 214055.498 282821.691 3.98083865498 5.25969914587 5.61594772049 0.248802415936 0.328731196617 0.35099673253
1209424 512 214819.752 216918.222 266531.046 4.64655129144 5.7092952569 5.76506659406 0.290409455715 0.356830953556 0.360316662129
1330360 512 235652.526 236449.846 258289.534 5.27426961094 5.76142747837 5.78092101589 0.329641850684 0.360089217398 0.361307563493
1463392 512 261228.423 281395.492 307093.294 4.87966828738 5.32529287285 5.73641026804 0.304979267961 0.332830804553 0.358525641752
1609728 512 286222.392 340152.371 414977.303 3.97217259856 4.84595026386 5.75902346592 0.24826078741 0.302871891491 0.35993896662
1770696 512 318105.109 318915.714 361965.728 5.00929387436 5.68549188517 5.69997982648 0.313080867148 0.355343242823 0.356248739155
1947760 512 344279.044 392981.012 427182.609 4.66897808567 5.07532470805 5.79328389212 0.291811130354 0.317207794253 0.362080243258
2142536 256 193128.423 195066.911 276194.834 3.97175579323 5.62360077563 5.68004654602 0.248234737077 0.351475048477 0.355002909126
2356784 256 209999.269 217500.138 242346.511 4.979124325 5.54792019488 5.74608384946 0.311195270313 0.34674501218 0.359130240591
2592456 256 229180.091 233529.705 308956.663 4.29619306187 5.68380571542 5.79167878941 0.268512066367 0.355237857214 0.361979924338
2851696 256 254794.528 260714.998 391411.521 3.7302641176 5.60024687187 5.73037562251 0.23314150735 0.350015429492 0.358148476407
3136864 256 280184.45 293166.31 304752.528 5.27009366761 5.47837290035 5.73220379646 0.329380854225 0.342398306272 0.358262737279
3450544 256 309265.055 318450.649 338501.206 5.21912033601 5.5477309704 5.71250614784 0.326195021001 0.34673318565 0.35703163424
3795592 256 339040.721 350193.358 445809.076 4.35913759638 5.54934312603 5.73188700835 0.272446099774 0.346833945377 0.358242938022
4175144 256 373268.269 488186.383 525882.926 4.06492324111 4.37880654283 5.72690985421 0.254057702569 0.273675408927 0.357931865888
4592656 128 207135.129 228165.328 320023.068 3.67385996062 5.15292987899 5.67610111175 0.229616247539 0.322058117437 0.354756319485
5051920 128 232465.066 243680.91 290608.706 4.45028484453 5.30731570233 5.56338009084 0.278142802783 0.331707231395 0.347711255677
5557112 128 256611.805 275844.742 361281.357 3.93770850457 5.1573238688 5.54386292556 0.246106781535 0.3223327418 0.346491432847
6112816 128 282107.026 329651.618 440737.703 3.55059457212 4.74707482249 5.54711776657 0.221912160757 0.296692176405 0.346694860411
6724096 128 310445.645 444714.293 619117.567 2.7803581545 3.87072914699 5.54483080605 0.173772384656 0.241920571687 0.346551925378
7396504 128 353646.141 487082.145 558872.394 3.38808115113 3.88744494833 5.35423635232 0.211755071946 0.24296530927 0.33463977202
8136152 128 372981.764 419164.026 450616.406 4.62223497473 4.96906886757 5.58433444483 0.288889685921 0.310566804223 0.349020902802
8949760 64 208474.557 253573.255 295752.966 3.87339912594 4.51770546543 5.4950076234 0.242087445372 0.282356591589 0.343437976463
9844736 64 220130.983 220723.485 275156.0 4.57967919289 5.70907172837 5.7244381996 0.286229949556 0.356816983023 0.357777387475
10829208 64 244515.621 250108.385 267162.047 5.1883815069 5.54215175153 5.66891644113 0.324273844181 0.346384484471 0.354307277571
11912128 64 282814.368 290055.767 302602.648 5.03879392357 5.25675596721 5.39135403474 0.314924620223 0.32854724795 0.336959627171
13103336 64 295018.308 303284.06 326190.874 5.14185754933 5.5302181328 5.68516245439 0.321366096833 0.3456386333 0.3553226534
14413664 64 322920.091 366389.666 396179.572 4.656850384 5.03548315689 5.71332984048 0.291053149 0.314717697305 0.35708311503
15855024 64 355929.703 403354.203 484351.985 4.19001704308 5.03141669755 5.70180868552 0.261876065193 0.314463543597 0.356363042845
17440520 32 217317.129 246502.647 342690.744 3.25714452328 4.52811884004 5.13624160754 0.203571532705 0.283007427502 0.321015100471
19184568 32 238955.025 244780.186 309132.09 3.97180490709 5.0159793244 5.13825709252 0.248237806693 0.313498707775 0.321141068283
21103024 32 236826.162 277223.582 289643.38 4.6629532358 4.87185659408 5.70288993663 0.291434577238 0.30449103713 0.356430621039
23213320 32 259802.232 293672.125 341541.892 4.34983969697 5.05888149922 5.7183976772 0.271864981061 0.316180093701 0.357399854825
25534648 32 289042.329 311357.659 342693.175 4.76874823083 5.24868242281 5.653903626 0.298046764427 0.328042651426 0.353368976625
28088112 32 312831.128 327682.902 404859.823 4.44015203751 5.48591079067 5.74635644315 0.277509502344 0.342869424417 0.359147277697
30896920 32 363276.178 419040.565 540273.687 3.66000219441 4.71888176268 5.4432495158 0.22875013715 0.294930110167 0.340203094737
33986608 16 191051.947 195360.914 246359.197 4.41457623358 5.56698591203 5.69254316995 0.275911014599 0.347936619502 0.355783948122
37385264 16 209499.339 227020.839 244511.122 4.89273632305 5.26968560802 5.71041633692 0.305796020191 0.329355350502 0.356901021058
41123784 16 241769.932 244470.993 269021.282 4.89166164928 5.38289255446 5.44303039304 0.30572885308 0.336430784653 0.340189399565
45236160 16 253820.969 268272.099 313579.181 4.61624115282 5.39585415478 5.70306356367 0.288515072051 0.337240884674 0.35644147273
49759776 16 278817.343 305937.855 361342.82 4.40665413526 5.20469371794 5.71095332474 0.275415883454 0.325293357372 0.356934582796
54735752 16 307424.913 328677.229 381552.886 4.59056693913 5.32907031415 5.69746949558 0.286910433695 0.333066894634 0.356091843474
60209320 16 347035.628 349837.483 492265.971 3.91393749214 5.50740939329 5.55187446057 0.244621093259 0.344213087081 0.346992153785
66230248 16 370933.032 392877.959 516767.589 4.10120135456 5.39446891191 5.71361338345 0.25632508466 0.337154306994 0.357100836466
72853272 8 206026.308 212245.819 275052.633 4.23792471748 5.49199205663 5.65778401465 0.264870294843 0.343249503539 0.353611500916
80138592 8 224338.246 239264.683 263349.612 4.86887929039 5.35899179069 5.71555450246 0.30430495565 0.334936986918 0.357222156404
88152448 8 247493.818 258752.218 276145.563 5.10759308488 5.45092590472 5.69888645865 0.319224567805 0.340682869045 0.356180403666
96967688 8 272255.898 290627.958 291289.307 5.32626145456 5.33838182216 5.69862037663 0.33289134091 0.333648863885 0.356163773539
106664456 8 299061.893 318595.497 363813.141 4.69095561339 5.35673389006 5.70661570714 0.293184725837 0.334795868129 0.356663481696
117330896 8 328461.503 346308.568 456605.585 4.11141343354 5.42087175851 5.71541662829 0.256963339596 0.338804484907 0.357213539268
129063984 8 362254.161 377033.121 413271.547 4.99677211991 5.47703538226 5.70048315884 0.312298257494 0.342314711391 0.356280197427
141970376 4 198912.639 204922.971 216641.045 5.24260307182 5.54238991587 5.70985842684 0.327662691989 0.346399369742 0.356866151678
156167408 4 219451.519 234305.889 241640.994 5.17022895544 5.3320864846 5.69300804885 0.323139309715 0.333255405288 0.355813003053
171784144 4 240167.649 248823.141 322323.065 4.26365129036 5.52309221111 5.72214100326 0.266478205647 0.345193263194 0.357633812704
188962552 4 264610.195 271757.154 314454.799 4.80736951959 5.56268857599 5.71293338112 0.300460594974 0.347668036 0.35705833632
207858800 4 302642.306 308669.46 375835.917 4.42445845324 5.38722036187 5.49450743347 0.276528653327 0.336701272617 0.343406714592
228644680 4 320816.709 330175.0 397593.266 4.60057449766 5.53996347392 5.70156537576 0.287535906104 0.34624771712 0.356347835985
251509144 4 352295.036 361151.768 385154.175 5.22407202778 5.57126762287 5.71132984116 0.326504501736 0.348204226429 0.356958115073
276660056 2 193239.428 215928.74 216530.05 5.11079281605 5.12502515413 5.72678275574 0.319424551003 0.320314072133 0.357923922234
304326056 2 219811.804 226635.093 254764.924 4.77814686923 5.37120799734 5.53793837204 0.298634179327 0.335700499834 0.346121148253
334758656 2 233995.379 264244.238 287473.962 4.65793359052 5.06741276228 5.72248319485 0.291120849408 0.316713297642 0.357655199678
368234520 2 263362.933 271748.775 306871.82 4.79984796258 5.42021975996 5.59280709408 0.299990497661 0.338763734998 0.34955044338
405057968 2 290334.896 304656.222 325183.724 4.98251219978 5.31823004094 5.58056194526 0.311407012486 0.332389377559 0.348785121579
445563760 2 311810.044 327315.923 374831.78 4.7548130524 5.44506061198 5.71583588885 0.297175815775 0.340316288249 0.357239743053
490120136 2 348819.286 353208.651 402610.075 4.86942743298 5.55048846751 5.62033299959 0.304339214561 0.346905529219 0.351270812475
539132144 1 188383.794 192311.055 210736.812 5.11663946022 5.60687625576 5.72376352076 0.319789966264 0.350429765985 0.357735220048
593045352 1 212961.582 216615.03 273924.602 4.32998969549 5.47556974232 5.56950550828 0.270624355968 0.342223108895 0.348094094267
652349880 1 234494.472 237493.745 284180.326 4.59109811845 5.49361735822 5.56388280232 0.286943632403 0.343351084889 0.347742675145
717584864 1 251193.21 258674.179 286747.669 5.004991786 5.54817544429 5.71340972154 0.312811986625 0.346760965268 0.357088107597
789343344 1 284214.932 287903.437 293331.101 5.38192739405 5.48338951577 5.55455224288 0.336370462128 0.342711844736 0.34715951518
868277672 1 304571.433 313790.588 349923.234 4.96267516778 5.53412183287 5.70163566194 0.310167197986 0.345882614554 0.356352228871
955105432 1 340198.095 349995.097 385880.797 4.95026152856 5.457821782 5.61499576886 0.309391345535 0.341113861375 0.350937235554
1050615968 1 377099.796 402531.972 415895.94 5.05230211192 5.22003736886 5.57208452057 0.315768881995 0.326252335554 0.348255282535

META_DATA
ERT_VERSION  1.1.0
HOSTNAME  ('atajo-Inspiron-15-7568', [], ['127.0.1.1'])
CONFIG  {'ERT_WORKING_SET_MIN': ['1'], 'ERT_CFLAGS': [], 'ERT_CC': ['gcc'], 'ERT_MPI_CFLAGS': ['-I/usr/include/mpi'], 'ERT_MPI_LDFLAGS': ['-lmpi'], 'ERT_MEMORY_MAX': ['1073741824'], 'ERT_PROCS_THREADS': ['1-4'], 'ERT_LDFLAGS': [], 'ERT_LDLIBS': [], 'ERT_RUN': ['export', 'OMP_NUM_THREADS=ERT_OPENMP_THREADS;', 'mpirun', '-np', 'ERT_MPI_PROCS', 'ERT_CODE'], 'ERT_FLOPS': ['1,2,4,8,16'], 'ERT_OPENMP_CFLAGS': ['-fopenmp'], 'ERT_MPI': ['False'], 'ERT_TRIALS_MIN': ['1'], 'ERT_DRIVER': ['driver1'], 'ERT_RESULTS': ['Results/myLaptop'], 'ERT_OPENMP': ['True'], 'ERT_MPI_PROCS': ['1,2,4,8'], 'ERT_KERNEL': ['kernel1'], 'ERT_GPU': [False], 'ERT_OPENMP_THREADS': ['1,2,4,8'], 'ERT_LD': ['gcc'], 'ERT_NUM_EXPERIMENTS': ['3'], 'ERT_OPENMP_LDFLAGS': ['-fopenmp'], 'ERT_ALIGN': ['64'], 'ERT_GNUPLOT': ['gnuplo']}
OPENMP_THREADS 1
FLOPS          1
UNAME  ('Linux', 'atajo-Inspiron-15-7568', '4.15.0-33-generic', '#36-Ubuntu SMP Wed Aug 15 16:00:05 UTC 2018', 'x86_64', 'x86_64')
TIMESTAMP_DATA  1535250478.17
TIMESTAMP_DATA  1535250373.16
TIMESTAMP_DATA  1535250587.53
