16 67108864 2450583.115 2451207.658 2452900.314 0.875487534387 0.876092093214 0.876315369536 0.875487534387 0.876092093214 0.876315369536
32 33554432 1251054.104 1251942.276 1254498.445 1.71182647261 1.71532161599 1.71653938957 1.71182647261 1.71532161599 1.71653938957
48 16777216 873665.743 875858.468 883424.146 1.82314774086 1.83889611717 1.84351137595 1.82314774086 1.83889611717 1.84351137595
64 16777216 1154066.433 1154731.818 1155450.945 1.85856756385 1.85972501539 1.86079725273 1.85856756385 1.85972501539 1.86079725273
80 8388608 715348.928 716172.582 716521.607 1.8731846561 1.87409754818 1.87625538736 1.8731846561 1.87409754818 1.87625538736
96 8388608 855592.438 855718.838 856810.282 1.87977755384 1.88217515436 1.88245321542 1.87977755384 1.88217515436 1.88245321542
112 8388608 996529.304 996622.555 997341.48 1.8840569952 1.88541608112 1.88559251038 1.8840569952 1.88541608112 1.88559251038
128 8388608 1134521.627 1135400.196 1135895.841 1.89056387962 1.89138918204 1.89285386624 1.89056387962 1.89138918204 1.89285386624
144 4194304 640409.197 640966.178 641827.31 1.88206318612 1.88459172022 1.88623080002 1.88206318612 1.88459172022 1.88623080002
160 4194304 709234.953 709325.521 709617.778 1.8914087578 1.8921880579 1.89242968684 1.8914087578 1.8921880579 1.89242968684
176 4194304 780093.5 780304.134 780696.323 1.89112586355 1.89207636314 1.89258724499 1.89112586355 1.89207636314 1.89258724499
192 4194304 853316.548 853494.334 854243.846 1.88542503823 1.88708075946 1.8874739272 1.88542503823 1.88708075946 1.8874739272
208 4194304 919390.175 919825.828 919918.896 1.89672206059 1.89691397098 1.89781282359 1.89672206059 1.89691397098 1.89781282359
224 4194304 990282.844 990529.074 1003699.915 1.87212150157 1.89701467763 1.897486363 1.87212150157 1.89701467763 1.897486363
240 4194304 1065446.735 1065454.164 1065795.739 1.88897914143 1.88958473112 1.88959790655 1.88897914143 1.88958473112 1.88959790655
256 4194304 1130333.941 1130365.268 1132163.192 1.89679691336 1.8998138998 1.8998665528 1.89679691336 1.8998138998 1.8998665528
272 2097152 600946.755 601125.52 608657.307 1.87437277903 1.89785768536 1.89842224541 1.87437277903 1.89785768536 1.89842224541
288 2097152 636969.473 637359.975 638088.837 1.89308993036 1.89525480008 1.89641670944 1.89308993036 1.89525480008 1.89641670944
304 2097152 680588.738 680674.541 681255.663 1.87164450184 1.87324240764 1.87347857055 1.87164450184 1.87324240764 1.87347857055
320 2097152 713409.692 715760.054 718886.305 1.86702301972 1.8751776835 1.88135554514 1.86702301972 1.8751776835 1.88135554514
352 2097152 775909.581 776480.947 777133.252 1.89979646888 1.90139244717 1.90279259872 1.89979646888 1.90139244717 1.90279259872
384 2097152 846740.337 847508.321 849091.805 1.89686524651 1.90040934831 1.9021329983 1.89686524651 1.90040934831 1.9021329983
416 2097152 916041.513 916419.64 916594.014 1.90360228994 1.90396450255 1.90475042805 1.90360228994 1.90396450255 1.90475042805
448 2097152 986033.17 986487.125 1000759.575 1.87762199727 1.9047873453 1.90566428105 1.87762199727 1.9047873453 1.90566428105
480 2097152 1061677.58 1062964.619 1063193.642 1.89360229451 1.89401028408 1.89630633436 1.89360229451 1.89401028408 1.89630633436
528 1048576 592682.762 593540.945 593996.305 1.86414670711 1.86557686597 1.86827815316 1.86414670711 1.86557686597 1.86827815316
576 1048576 635167.296 635557.745 635780.849 1.89996215504 1.90062911121 1.90179746282 1.89996215504 1.90062911121 1.90179746282
624 1048576 688120.504 689674.601 708509.194 1.84700898603 1.89744967569 1.90173500193 1.84700898603 1.89744967569 1.90173500193
672 1048576 753185.238 753208.087 754347.893 1.86821777734 1.87104489227 1.87110165322 1.86821777734 1.87104489227 1.87110165322
736 1048576 808856.982 808886.958 809741.713 1.90616816106 1.90818241874 1.90825313541 1.90616816106 1.90818241874 1.90825313541
800 1048576 879497.517 879635.939 880062.323 1.90636680625 1.90729087525 1.90759105918 1.90636680625 1.90729087525 1.90759105918
880 1048576 967307.392 967346.706 985742.218 1.87218699402 1.90778936709 1.90786690484 1.87218699402 1.90778936709 1.90786690484
960 1048576 1058974.043 1059707.486 1059885.09 1.8995133897 1.89983174281 1.90114756193 1.8995133897 1.89983174281 1.90114756193
1056 524288 581589.026 582338.424 582567.251 1.90071833612 1.90146521398 1.90391531906 1.90071833612 1.90146521398 1.90391531906
1152 524288 635048.478 635238.166 654792.811 1.84479660086 1.90158528982 1.90215329041 1.84479660086 1.90158528982 1.90215329041
1264 524288 699748.902 700642.825 715125.742 1.85338044229 1.89169148203 1.89410810108 1.85338044229 1.89169148203 1.89410810108
1376 524288 762650.328 762944.916 763371.502 1.89008965126 1.8911464586 1.89187694941 1.89008965126 1.8911464586 1.89187694941
1504 524288 835206.077 835222.326 835270.03 1.88808199427 1.8881898327 1.88822656759 1.88808199427 1.8881898327 1.88822656759
1648 524288 910794.541 911571.15 911603.589 1.89561918015 1.8956866373 1.89730303621 1.89561918015 1.8956866373 1.89730303621
1808 524288 999311.56 999572.75 1000104.568 1.89562718606 1.89663574562 1.89713146919 1.89562718606 1.89663574562 1.89713146919
1984 524288 1098593.186 1098923.002 1099046.145 1.89289120704 1.89310332045 1.89367166164 1.89289120704 1.89310332045 1.89367166164
2176 262144 603050.986 603138.62 603204.686 1.89131602336 1.89152319246 1.89179806432 1.89131602336 1.89152319246 1.89179806432
2384 262144 658166.496 659203.587 659559.839 1.89505563877 1.89607977968 1.89906748459 1.89505563877 1.89607977968 1.89906748459
2608 262144 719464.152 719737.474 719756.87 1.89972914604 1.8997803413 1.90050206143 1.89972914604 1.8997803413 1.90050206143
2864 262144 789736.182 789809.532 790476.824 1.89956338555 1.90116828319 1.90134486202 1.89956338555 1.90116828319 1.90134486202
3136 262144 867747.117 867954.137 868225.076 1.8937107594 1.89430189674 1.89475382377 1.8937107594 1.89430189674 1.89475382377
3440 262144 948632.721 957801.211 958828.089 1.88099487352 1.88301152607 1.90121074266 1.88099487352 1.88301152607 1.90121074266
3776 262144 1049529.91 1051983.542 1070779.566 1.84885064196 1.88188446773 1.88628401071 1.84885064196 1.88188446773 1.88628401071
4144 131072 571374.552 573332.684 575165.457 1.88871692967 1.89475459243 1.90124802058 1.88871692967 1.89475459243 1.90124802058
4544 131072 627780.606 631284.861 646944.577 1.84124325073 1.88691731671 1.89745004005 1.84124325073 1.88691731671 1.89745004005
4992 131072 693083.013 693178.914 694763.768 1.88355079564 1.88785726393 1.8881184843 1.88355079564 1.88785726393 1.8881184843
5488 131072 758048.545 759499.453 759748.67 1.89358182358 1.89420317068 1.89782868325 1.89358182358 1.89420317068 1.89782868325
6032 131072 837524.816 837674.435 837763.618 1.88746870122 1.88766965056 1.88800687191 1.88746870122 1.88766965056 1.88800687191
6624 131072 918583.599 918647.911 920171.602 1.88708481356 1.89021477675 1.89034711472 1.88708481356 1.89021477675 1.89034711472
7280 131072 1008292.483 1009839.456 1013208.545 1.88352963407 1.88981358241 1.89271302938 1.88352963407 1.88981358241 1.89271302938
8000 131072 1107929.996 1110030.571 1115400.589 1.88017831502 1.88927409279 1.8928560537 1.88017831502 1.88927409279 1.8928560537
8800 65536 607946.894 609281.108 623536.146 1.84982636115 1.89310580101 1.89726045381 1.84982636115 1.89310580101 1.89726045381
9680 65536 668946.486 671666.186 689209.062 1.84091740802 1.88899930716 1.89667931076 1.84091740802 1.88899930716 1.89667931076
10640 65536 737276.0 738022.465 739288.899 1.88641555674 1.88965261376 1.89156581796 1.88641555674 1.88965261376 1.89156581796
11696 65536 808714.335 810763.002 823487.51 1.86161671353 1.89083382964 1.89562376435 1.86161671353 1.89083382964 1.89562376435
12864 65536 889049.417 889704.044 892522.019 1.88915250504 1.89513605043 1.89653148156 1.88915250504 1.89513605043 1.89653148156
14144 65536 977389.137 978702.476 979170.228 1.8933197875 1.89422466323 1.89676997403 1.8933197875 1.89422466323 1.89676997403
15552 65536 1076302.262 1077077.809 1077948.977 1.8910280426 1.89255755431 1.89392126726 1.8910280426 1.89255755431 1.89392126726
17104 32768 592030.116 592609.241 593349.288 1.8891532638 1.8915124275 1.8933627086 1.8891532638 1.8915124275 1.8933627086
18800 32768 650717.937 653439.058 667854.891 1.84482709733 1.88552671426 1.89341146132 1.84482709733 1.88552671426 1.89341146132
20672 32768 715180.621 715334.47 715718.591 1.89286712548 1.89388355911 1.89429096961 1.89286712548 1.89388355911 1.89429096961
22736 32768 785502.941 786047.136 788431.733 1.88986114287 1.8955943324 1.89690759668 1.88986114287 1.8955943324 1.89690759668
25008 32768 865578.625 866540.238 867149.79 1.89001289846 1.89134239373 1.89344357712 1.89001289846 1.89134239373 1.89344357712
27504 32768 951444.842 951895.058 955282.364 1.88687890819 1.89359334188 1.89448937493 1.88687890819 1.89359334188 1.89448937493
30240 32768 1046548.257 1047932.749 1048581.055 1.88999088869 1.89116013589 1.89366197568 1.88999088869 1.89116013589 1.89366197568
33264 16384 575118.255 575471.516 576480.205 1.89077568067 1.89408984058 1.89525326752 1.89077568067 1.89408984058 1.89525326752
36576 16384 632002.818 632323.437 632830.703 1.89390679422 1.89542613458 1.89638769617 1.89390679422 1.89542613458 1.89638769617
40224 16384 695414.879 696524.859 696945.506 1.89119525222 1.89233738749 1.89535782423 1.89119525222 1.89233738749 1.89535782423
44240 16384 764421.297 764603.657 765790.608 1.89301919462 1.8959578688 1.89641016765 1.89301919462 1.8959578688 1.89641016765
48656 16384 840419.116 842456.161 842630.484 1.89212215588 1.89251367823 1.89710083653 1.89212215588 1.89251367823 1.89710083653
53520 16384 925296.66 926882.048 926934.805 1.89198134598 1.89208903526 1.89533090933 1.89198134598 1.89208903526 1.89533090933
58864 16384 1016447.078 1017575.035 1017734.322 1.89524467271 1.89554134649 1.89764483931 1.89524467271 1.89554134649 1.89764483931
64736 16384 1119182.099 1119579.864 1120759.339 1.89270718002 1.894701143 1.89537453279 1.89270718002 1.894701143 1.89537453279
71200 8192 616062.752 616466.32 616949.908 1.89081931105 1.89230256732 1.89354216955 1.89081931105 1.89230256732 1.89354216955
78320 8192 678734.09 679045.801 679376.33 1.88878361423 1.88970298927 1.89057084196 1.88878361423 1.88970298927 1.89057084196
86144 8192 746880.885 747043.198 747127.165 1.88908041645 1.88929274743 1.88970333067 1.88908041645 1.88929274743 1.88970333067
94752 8192 821562.075 822394.08 822629.921 1.88713871009 1.88767989186 1.88959156616 1.88713871009 1.88767989186 1.88959156616
104224 8192 904036.293 904317.829 928528.404 1.83904553554 1.88828082477 1.88886887531 1.83904553554 1.88828082477 1.88886887531
114640 8192 993873.944 994250.126 995062.265 1.8875821404 1.88912398488 1.88983901967 1.8875821404 1.88912398488 1.88983901967
126096 8192 1092902.208 1093589.194 1094289.766 1.8879431465 1.88915259527 1.89034009528 1.8879431465 1.88915259527 1.89034009528
138704 4096 601102.601 601268.206 602307.654 1.88651623544 1.88977756792 1.89029820551 1.88651623544 1.88977756792 1.89029820551
152560 4096 661280.262 662597.392 676294.049 1.84797060073 1.88617029751 1.88992714862 1.84797060073 1.88617029751 1.88992714862
167808 4096 726759.023 727962.789 728941.048 1.88586325296 1.88839753456 1.89152537842 1.88586325296 1.88839753456 1.89152537842
184576 4096 800027.41 800097.305 800464.916 1.88896048006 1.88982837781 1.8899934841 1.88896048006 1.88982837781 1.8899934841
203024 4096 880411.736 880826.916 881007.17 1.88780825473 1.88819457919 1.8890850042 1.88780825473 1.88819457919 1.8890850042
223312 4096 967965.36 967968.136 968246.244 1.88936638312 1.88990921908 1.88991463909 1.88936638312 1.88990921908 1.88991463909
245632 4096 1064865.427 1065858.123 1065913.57 1.88778659043 1.88788479496 1.88964473161 1.88778659043 1.88788479496 1.88964473161
270192 2048 585587.046 585873.258 585940.263 1.88877007075 1.88898608511 1.88990934748 1.88877007075 1.88898608511 1.88990934748
297200 2048 644167.244 644523.058 644898.746 1.88763151975 1.88873180702 1.88977507214 1.88763151975 1.88873180702 1.88977507214
326912 2048 708795.511 709914.403 722677.375 1.85287598356 1.88618732954 1.88916483135 1.85287598356 1.88618732954 1.88916483135
359600 2048 780072.831 780419.558 780513.592 1.88711845008 1.887345832 1.88818472002 1.88711845008 1.887345832 1.88818472002
395552 2048 858735.807 860125.961 860422.168 1.88300703103 1.88365549404 1.88670482678 1.88300703103 1.88365549404 1.88670482678
435104 2048 943862.946 945263.699 946117.187 1.88368418679 1.88538498398 1.88818301593 1.88368418679 1.88538498398 1.88818301593
478608 2048 1038698.975 1039679.578 1040744.69 1.88363043005 1.88556013745 1.88734023541 1.88363043005 1.88556013745 1.88734023541
526464 1024 571007.551 571216.122 571375.661 1.88702170147 1.88754874114 1.888238203 1.88702170147 1.88754874114 1.888238203
579104 1024 627861.143 628165.494 628658.976 1.88656336309 1.88804543282 1.88896064874 1.88656336309 1.88804543282 1.88896064874
637008 1024 690913.249 692869.456 711502.612 1.83357356951 1.88288338114 1.88821445513 1.83357356951 1.88288338114 1.88821445513
700704 1024 760211.085 760709.706 777697.829 1.84524340751 1.88645127133 1.88768859112 1.84524340751 1.88645127133 1.88768859112
770768 1024 836628.89 836902.941 868133.384 1.8183068329 1.8861600153 1.88677785679 1.8183068329 1.8861600153 1.88677785679
847840 1024 920456.785 920860.417 921199.448 1.88490812035 1.88560208251 1.88642894299 1.88490812035 1.88560208251 1.88642894299
932624 1024 1012257.818 1012918.527 1013463.104 1.88464083642 1.88565407887 1.88688486079 1.88464083642 1.88565407887 1.88688486079
1025872 1024 1113534.802 1114829.958 1115606.383 1.88326804867 1.88457965354 1.88677161435 1.88326804867 1.88457965354 1.88677161435
1128448 512 611969.573 612702.669 634474.351 1.82124107961 1.88595677882 1.88821602083 1.82124107961 1.88595677882 1.88821602083
1241280 512 673565.294 673686.978 675901.666 1.88055568426 1.88673784934 1.88707870094 1.88055568426 1.88673784934 1.88707870094
1365408 512 741107.069 741354.33 741679.815 1.88515011966 1.88597777799 1.88660701063 1.88515011966 1.88597777799 1.88660701063
1501936 512 815042.677 815813.583 816335.855 1.88400699857 1.88521311247 1.88699623639 1.88400699857 1.88521311247 1.88699623639
1652128 512 897495.948 898151.679 898345.782 1.88321591296 1.88362290196 1.8849991198 1.88321591296 1.88362290196 1.8849991198
1817328 512 986505.489 986899.347 987449.722 1.88459607668 1.88564708008 1.88639991642 1.88459607668 1.88564708008 1.88639991642
1999056 512 1085960.622 1086288.038 1086644.315 1.88381176411 1.88442961019 1.88499776376 1.88381176411 1.88442961019 1.88499776376
2198960 256 596972.691 597139.82 597398.038 1.88461871045 1.88543366611 1.88596151377 1.88461871045 1.88543366611 1.88596151377
2418848 256 656351.423 656553.526 656657.852 1.88599005133 1.88628973413 1.88687055837 1.88599005133 1.88628973413 1.88687055837
2660720 256 722011.091 722625.226 737683.142 1.84671244663 1.8851938612 1.88679738716 1.84671244663 1.8851938612 1.88679738716
2926784 256 794358.465 794909.434 795420.869 1.88392518527 1.88513727968 1.88644481557 1.88392518527 1.88513727968 1.88644481557
3219456 256 874181.915 875174.981 875936.444 1.88182770941 1.88346503018 1.88560463642 1.88182770941 1.88346503018 1.88560463642
3541392 256 961462.758 962152.454 963006.409 1.88284593649 1.88451704973 1.88586888979 1.88284593649 1.88451704973 1.88586888979
3895520 256 1058255.278 1059550.337 1060046.057 1.88152790799 1.88240819747 1.88471182848 1.88152790799 1.88240819747 1.88471182848
4285072 128 582087.874 582183.425 582545.016 1.88307925031 1.88424882072 1.88455812429 1.88307925031 1.88424882072 1.88455812429
4713568 128 640331.353 640521.743 640956.956 1.88261223582 1.88389140757 1.88445154582 1.88261223582 1.88389140757 1.88445154582
5184912 128 704312.224 704686.002 705921.257 1.88029112148 1.88358711289 1.88458673124 1.88029112148 1.88358711289 1.88458673124
5703392 128 774713.23 774996.882 775666.376 1.88234065208 1.88396674349 1.88465653543 1.88234065208 1.88396674349 1.88465653543
6273728 128 852091.685 852374.893 853166.006 1.8824875308 1.88423472018 1.88486097948 1.8824875308 1.88423472018 1.88486097948
6901088 128 937618.864 937954.471 940513.211 1.87841968336 1.88354401266 1.88421819977 1.87841968336 1.88354401266 1.88421819977
7591184 128 1030354.61 1031897.589 1041426.287 1.86603999559 1.8832712904 1.88609153115 1.86603999559 1.8832712904 1.88609153115
8350288 128 1134865.929 1135505.464 1145901.327 1.86549546425 1.8825745853 1.8836354792 1.86549546425 1.8825745853 1.8836354792
9185312 64 623755.633 624082.751 624449.497 1.88281028594 1.88391673078 1.88490471877 1.88281028594 1.88391673078 1.88490471877
10103840 64 686906.086 690240.616 691129.176 1.87127322201 1.87368214797 1.88277778631 1.87127322201 1.87368214797 1.88277778631
11114224 64 754769.809 754836.189 754869.445 1.88459167532 1.88467470523 1.88484045736 1.88459167532 1.88467470523 1.88484045736
12225632 64 830069.794 830386.306 830389.049 1.88451533397 1.88452155905 1.88524014163 1.88451533397 1.88452155905 1.88524014163
13448192 64 912970.486 914755.866 927214.662 1.85649412865 1.88177921561 1.88545917135 1.85649412865 1.88177921561 1.88545917135
14793008 64 1003779.986 1005199.12 1006614.005 1.88106365955 1.88371138248 1.88637455459 1.88106365955 1.88371138248 1.88637455459
16272304 64 1105225.912 1105555.118 1106533.715 1.88232394889 1.88399011328 1.88455128439 1.88232394889 1.88399011328 1.88455128439
17899520 32 607275.284 607586.965 607907.768 1.88444586548 1.88544084385 1.88640853692 1.88444586548 1.88544084385 1.88640853692
19689472 32 668433.405 669690.632 671578.61 1.87636441846 1.88165422628 1.88519334697 1.87636441846 1.88165422628 1.88519334697
21658416 32 734928.804 735734.913 736153.635 1.88294746925 1.88401909371 1.88608558605 1.88294746925 1.88401909371 1.88608558605
23824256 32 808336.061 808576.462 810883.381 1.880359642 1.88572442516 1.88628524393 1.880359642 1.88572442516 1.88628524393
26206672 32 889320.666 890603.597 891485.419 1.88138467804 1.88324751174 1.88596427827 1.88138467804 1.88324751174 1.88596427827
28827328 32 978620.293 979552.274 996035.869 1.85229171902 1.88346149661 1.8852551957 1.85229171902 1.88346149661 1.8852551957
31710048 32 1077265.291 1077864.095 1077952.357 1.88268345889 1.88283762435 1.88388421028 1.88268345889 1.88283762435 1.88388421028
34881040 16 591978.143 592435.818 602839.574 1.85155940011 1.88407460536 1.88553123658 1.85155940011 1.88407460536 1.88553123658
38369136 16 651821.974 651976.222 652666.979 1.88122333672 1.88321645877 1.88366210557 1.88122333672 1.88321645877 1.88366210557
42206048 16 716723.99 717551.365 717668.49 1.8819183994 1.88222558255 1.88439839442 1.8819183994 1.88222558255 1.88439839442
46426640 16 787901.753 788397.436 788701.476 1.88366894853 1.88439537239 1.88558087902 1.88366894853 1.88439537239 1.88558087902
51069296 16 866625.957 866784.984 867296.405 1.88426639679 1.88537815279 1.88572412215 1.88426639679 1.88537815279 1.88572412215
56176224 16 952871.138 953980.68 993314.353 1.80973844037 1.88435594733 1.88655012867 1.80973844037 1.88435594733 1.88655012867
61793840 16 1048358.762 1049655.696 1066781.558 1.85361554591 1.88385857147 1.88618910975 1.85361554591 1.88385857147 1.88618910975
67973216 8 576956.539 577349.426 578831.736 1.87890778677 1.88373176974 1.88501452446 1.87890778677 1.88373176974 1.88501452446
74770528 8 633683.16 634246.815 634652.416 1.8850136198 1.88621908649 1.88789686 1.8850136198 1.88621908649 1.88789686
82247568 8 697653.458 698136.838 698445.157 1.88412944783 1.88496153816 1.88626756294 1.88412944783 1.88496153816 1.88626756294
90472320 8 767429.617 768474.599 768960.007 1.88248687425 1.88367594958 1.88624088507 1.88248687425 1.88367594958 1.88624088507
99519552 8 844320.994 844457.952 845136.49 1.88408955339 1.88560345513 1.88590932041 1.88408955339 1.88560345513 1.88590932041
109471504 8 929896.41 930212.42 941894.091 1.85959767742 1.88295063186 1.88359052166 1.85959767742 1.88295063186 1.88359052166
120418640 8 1021323.287 1021374.236 1021724.07 1.88573245612 1.88637834409 1.8864724466 1.88573245612 1.88637834409 1.8864724466
132460496 8 1123541.057 1125267.596 1126269.54 1.88175908229 1.88343461016 1.88632887316 1.88175908229 1.88343461016 1.88632887316
145706544 4 617847.061 618425.668 619693.677 1.88101378998 1.88487058723 1.88663574787 1.88101378998 1.88487058723 1.88663574787
160277184 4 679709.514 679859.493 680732.987 1.88358357313 1.88600363046 1.8864197802 1.88358357313 1.88600363046 1.8864197802
176304896 4 747951.43 748114.322 775438.573 1.81889219483 1.88532571363 1.88573630777 1.81889219483 1.88532571363 1.88573630777
193935376 4 822865.818 823850.317 824074.743 1.88269695338 1.88320982099 1.88546294434 1.88269695338 1.88320982099 1.88546294434
213328912 4 903966.473 904787.976 905016.922 1.88574517726 1.88622234299 1.88793649651 1.88574517726 1.88622234299 1.88793649651
234661792 4 995453.863 996366.555 997660.311 1.88169692159 1.88414025599 1.88586774915 1.88169692159 1.88414025599 1.88586774915
258127968 4 1094907.534 1096010.723 1106878.951 1.86562744023 1.88412731798 1.88602569612 1.86562744023 1.88412731798 1.88602569612
283940752 2 602134.579 602270.058 602629.766 1.88467791018 1.88580354098 1.88622784276 1.88467791018 1.88580354098 1.88622784276
312334816 2 662249.453 662341.677 675612.415 1.8491952431 1.88624588695 1.88650856311 1.8491952431 1.88624588695 1.88650856311
343568288 2 728618.098 729073.198 729594.896 1.88361124719 1.88495909021 1.88613644895 1.88361124719 1.88495909021 1.88613644895
377925104 2 800846.522 801367.568 801938.294 1.88505827357 1.8864007933 1.88762812158 1.88505827357 1.8864007933 1.88762812158
415717600 2 881480.688 881719.814 881918.547 1.88551471749 1.8859396983 1.88645131157 1.88551471749 1.8859396983 1.88645131157
457289360 2 970252.287 970486.888 1006661.029 1.81705399067 1.88478325943 1.88523898836 1.81705399067 1.88478325943 1.88523898836
503018288 2 1066709.874 1066738.512 1069349.95 1.88158530517 1.88619153557 1.88624217422 1.88158530517 1.88619153557 1.88624217422
553320112 1 594161.809 594350.033 594529.604 1.86137110172 1.86193347784 1.86252331812 1.86137110172 1.86193347784 1.86252331812
608652112 1 645558.06 647070.649 647420.825 1.88023643509 1.8812539649 1.88566187834 1.88023643509 1.8812539649 1.88566187834
669517312 1 711378.383 711716.292 724895.85 1.84720967019 1.88141628771 1.88230997174 1.84720967019 1.88141628771 1.88230997174
736469040 1 780545.179 781798.652 782072.071 1.88337895524 1.8840376307 1.88706319586 1.88337895524 1.8840376307 1.88706319586
810115936 1 858978.526 859305.235 873007.188 1.85592042571 1.88551379185 1.88623093938 1.85592042571 1.88551379185 1.88623093938
891127520 1 945638.516 946747.281 954766.873 1.86669132581 1.88250346821 1.88471071117 1.86669132581 1.88250346821 1.88471071117
980240272 1 1040135.398 1040351.028 1040802.455 1.88362405813 1.88444139645 1.88483205914 1.88362405813 1.88444139645 1.88483205914

META_DATA
ERT_VERSION  1.1.0
OPENMP_THREADS 2
UNAME  ('Linux', 'atajo-Inspiron-15-7568', '4.15.0-33-generic', '#36-Ubuntu SMP Wed Aug 15 16:00:05 UTC 2018', 'x86_64', 'x86_64')
HOSTNAME  ('atajo-Inspiron-15-7568', [], ['127.0.1.1'])
CONFIG  {'ERT_WORKING_SET_MIN': ['1'], 'ERT_CFLAGS': [], 'ERT_CC': ['gcc'], 'ERT_MPI_CFLAGS': ['-I/usr/include/mpi'], 'ERT_MPI_LDFLAGS': ['-mpicc'], 'ERT_MEMORY_MAX': ['1073741824'], 'ERT_PROCS_THREADS': ['1-4'], 'ERT_LDFLAGS': [], 'ERT_LDLIBS': [], 'ERT_RUN': ['export', 'OMP_NUM_THREADS=ERT_OPENMP_THREADS;', 'mpirun', '-np', 'ERT_MPI_PROCS', 'ERT_CODE'], 'ERT_FLOPS': ['1,2,4,8,16'], 'ERT_OPENMP_CFLAGS': ['-fopenmp'], 'ERT_MPI': ['False'], 'ERT_TRIALS_MIN': ['1'], 'ERT_DRIVER': ['driver1'], 'ERT_RESULTS': ['Results/myLaptop'], 'ERT_OPENMP': ['True'], 'ERT_MPI_PROCS': ['1,2,4,8'], 'ERT_KERNEL': ['kernel1'], 'ERT_GPU': [False], 'ERT_OPENMP_THREADS': ['1,2,4,8'], 'ERT_LD': ['gcc'], 'ERT_NUM_EXPERIMENTS': ['3'], 'ERT_OPENMP_LDFLAGS': ['-fopenmp'], 'ERT_ALIGN': ['64'], 'ERT_GNUPLOT': ['gnuplot']}
TIMESTAMP_DATA  1535274957.47
TIMESTAMP_DATA  1535274379.48
FLOPS          16
TIMESTAMP_DATA  1535274668.57
