8 134217728 612008.095 708925.009 784061.909 2.73892102569 3.02921129984 3.50891379631 0.171182564105 0.18932570624 0.219307112269
16 67108864 441057.92 456512.213 537285.089 3.99691651968 4.70410995992 4.86893795717 0.24980728248 0.294006872495 0.304308622323
24 33554432 301269.054 306958.914 392918.825 4.09909791418 5.24699776596 5.34609417932 0.256193619636 0.327937360373 0.334130886208
32 33554432 384757.996 392890.93 477409.124 4.49820403516 5.46585192995 5.58138796419 0.281137752198 0.341615745622 0.348836747762
40 16777216 237953.186 240586.042 275099.993 4.87887064396 5.57878282897 5.64050981019 0.304929415247 0.348673926811 0.352531863137
48 16777216 280878.067 286200.047 319513.083 5.04083501332 5.62757676976 5.73420613864 0.315052188332 0.35172354811 0.358387883665
56 16777216 330469.131 337461.948 391427.994 4.80049516336 5.56817799203 5.68600215794 0.30003094771 0.348011124502 0.355375134872
64 16777216 373998.88 381265.879 427690.983 5.02111041233 5.63250940166 5.74195208285 0.31381940077 0.352031837604 0.358872005178
72 8388608 208980.083 214046.955 245250.94 4.92540233281 5.64343254498 5.78026161469 0.307837645801 0.352714534061 0.361266350918
80 8388608 230794.907 239224.195 280426.979 4.78619170233 5.6105415257 5.81545449788 0.299136981396 0.350658845356 0.363465906117
88 8388608 254235.029 259951.115 299035.072 4.93719682486 5.6795101956 5.80720530057 0.308574801554 0.354969387225 0.362950331286
96 8388608 275915.861 280975.103 311316.013 5.17356213219 5.73222580507 5.8373329107 0.323347633262 0.358264112817 0.364833306919
104 8388608 298279.047 304106.951 350657.94 4.97587610308 5.73755535104 5.84965816925 0.310992256442 0.35859720944 0.365603635578
112 8388608 321768.999 326853.037 393392.086 4.77652769049 5.74890846739 5.83974279014 0.298532980656 0.359306779212 0.364983924384
120 8388608 344262.123 359513.044 363372.803 5.54049698651 5.59998017763 5.84806107177 0.346281061657 0.349998761102 0.365503816985
128 8388608 365691.9 387048.96 527203.083 4.07335183964 5.54835142303 5.87238505419 0.254584489977 0.34677196394 0.367024065887
136 4194304 193350.792 205733.061 232652.903 4.90365980088 5.54529584334 5.9004190063 0.306478737555 0.346580990208 0.368776187894
144 4194304 205088.139 215157.032 222095.013 5.43893145408 5.61431592903 5.88995325566 0.33993321588 0.350894745564 0.368122078479
152 4194304 257321.835 259334.087 266831.875 4.77854610136 4.9167019683 4.95515048694 0.298659131335 0.307293873019 0.309696905434
160 4194304 263379.812 268464.088 271310.091 4.94702307258 4.99946674432 5.09597630057 0.309188942036 0.31246667152 0.318498518785
176 4194304 250485.897 259948.015 261764.05 5.64017483684 5.67957792638 5.89412428277 0.352510927303 0.354973620399 0.368382767673
192 4194304 277003.05 285138.845 289204.836 5.56910720539 5.64852093723 5.81442238993 0.348069200337 0.353032558577 0.363401399371
208 4194304 296595.097 301265.955 310150.862 5.6257475886 5.79166160345 5.88287022155 0.351609224288 0.361978850216 0.367679388847
224 4194304 319172.859 325465.202 332069.159 5.65860496548 5.77342272063 5.88724303779 0.353662810342 0.360838920039 0.367952689862
240 4194304 342259.884 349112.034 355437.04 5.66419841894 5.76681902635 5.88227254819 0.354012401184 0.360426189147 0.367642034262
264 2097152 205163.002 205837.011 211055.04 5.24648099377 5.37948083593 5.39715370318 0.327905062111 0.336217552246 0.337322106449
288 2097152 208469.152 211966.038 214645.863 5.62768615764 5.69883535777 5.79442829028 0.351730384853 0.35617720986 0.362151768143
312 2097152 237849.951 248476.982 249976.158 5.23499064259 5.26657575067 5.50188403444 0.327186915162 0.329160984417 0.343867752153
336 2097152 258625.984 264050.007 270441.055 5.21106584206 5.33719411717 5.44912820515 0.325691615128 0.333574632323 0.340570512822
368 2097152 261507.034 267470.837 272518.158 5.66385698233 5.7707370617 5.90234170145 0.353991061396 0.360671066356 0.36889635634
400 2097152 283730.984 294416.904 295049.191 5.68624368809 5.69845541206 5.91307151707 0.355390230506 0.356153463254 0.369566969817
440 2097152 311939.001 327167.034 358072.996 5.15395961331 5.6408304267 5.9162007767 0.322122475832 0.352551901669 0.369762548544
480 2097152 340025.902 389034.986 391628.027 5.14076057177 5.17502536391 5.92091928338 0.321297535735 0.323439085245 0.370057455211
528 1048576 187120.914 194287.062 202693.939 5.46289771398 5.69927943015 5.91754407527 0.341431107124 0.356204964384 0.369846504704
576 1048576 203881.025 225550.89 279495.001 4.32193616229 5.35559647758 5.92482577523 0.270121010143 0.334724779849 0.370301610952
632 1048576 232989.073 238508.94 312186.956 4.24553312855 5.5570246717 5.6886790738 0.265345820535 0.347314041981 0.355542442113
688 1048576 254482.985 262612.104 345193.863 4.17979787781 5.4941891635 5.66969369681 0.261237367363 0.343386822719 0.354355856051
752 1048576 277472.019 288918.018 386611.938 4.07917642729 5.45849758668 5.68366608526 0.254948526706 0.341156099167 0.355229130329
824 1048576 303511.858 339786.053 384937.048 4.48918402886 5.08570976573 5.69352795435 0.280574001804 0.317856860358 0.355845497147
904 1048576 329208.851 396137.953 570662.975 3.32214545372 4.78577069842 5.75873158404 0.207634090857 0.299110668651 0.359920724003
992 1048576 367260.933 369560.003 618109.941 3.36570348737 5.62932884271 5.66456869509 0.21035646796 0.351833052669 0.354035543443
1088 524288 201220.036 284849.882 331133.127 3.4452931313 4.00509447288 5.66966744803 0.215330820706 0.250318404555 0.354354215502
1192 524288 217411.041 294048.071 378350.019 3.30356159438 4.25067434637 5.74902997682 0.206472599649 0.265667146648 0.359314373551
1304 524288 238336.086 295974.97 424067.974 3.22434889648 4.61979303182 5.73703767209 0.20152180603 0.288737064489 0.358564854505
1432 524288 260874.987 310825.109 444030.046 3.38166492454 4.83088652918 5.75586356234 0.211354057784 0.301930408074 0.359741472646
1568 524288 285070.181 324251.89 471482.038 3.48723182536 5.07064790895 5.76758734369 0.217951989085 0.316915494309 0.360474208981
1720 524288 310961.008 347181.082 566359.043 3.1844653004 5.19484157838 5.79992562926 0.199029081275 0.324677598649 0.362495351829
1888 524288 342353.106 379339.933 629706.86 3.1438620313 5.21883228149 5.78265963797 0.196491376956 0.326177017593 0.361416227373
2072 262144 187131.882 199034.929 342319.012 3.17342799529 5.45796027591 5.8051291121 0.198339249705 0.341122517244 0.362820569506
2272 262144 205265.999 227562.904 344568.014 3.45703108705 5.23451896184 5.80311567334 0.21606444294 0.327157435115 0.362694729584
2496 262144 225733.995 245342.97 399636.984 3.27452888595 5.33385100865 5.7971899536 0.204658055372 0.333365688041 0.3623243721
2744 262144 246391.058 292982.817 417055.13 3.44953500992 4.91034350318 5.83887371432 0.21559593812 0.306896468949 0.364929607145
3016 262144 269080.162 295100.927 302352.905 5.22982442653 5.35834510611 5.87651128291 0.326864026658 0.334896569132 0.367281955182
3312 262144 297436.953 322795.868 324579.954 5.34981237936 5.3793806803 5.83801655607 0.33436327371 0.336211292519 0.364876034754
3640 262144 326180.935 337538.004 361309.052 5.28192778298 5.65390651537 5.85076598668 0.330120486436 0.353369157211 0.365672874167
4000 262144 358126.879 374737.978 383646.011 5.46637248888 5.59631562083 5.85589109049 0.341648280555 0.349769726302 0.365993193155
4400 131072 197371.96 200606.108 222748.995 5.17817644924 5.74974317332 5.84395878726 0.323636028077 0.359358948333 0.365247424204
4840 131072 216204.882 241750.956 257357.121 4.93002468737 5.24828104506 5.86840106599 0.308126542961 0.328017565316 0.366775066624
5320 131072 238124.847 258615.017 279910.088 4.98233589923 5.39259512529 5.85661722231 0.311395993702 0.33703719533 0.366038576394
5848 131072 261927.128 279964.924 289472.818 5.29589659779 5.47575064082 5.85284206224 0.330993537362 0.342234415051 0.36580262889
6432 131072 288054.943 318560.123 371277.094 4.54137956596 5.29291046262 5.85343264878 0.283836222872 0.330806903914 0.365839540549
7072 131072 315439.939 328210.115 368132.114 5.03591590491 5.64846201647 5.87713266074 0.314744744057 0.35302887603 0.367320791297
7776 131072 345277.071 369233.131 380007.029 5.36419483967 5.52071732696 5.9037564762 0.335262177479 0.345044832935 0.368984779763
8552 65536 190690.041 207493.067 217610.836 5.15106584122 5.40224191683 5.87827103147 0.321941615077 0.337640119802 0.367391939467
9400 65536 209739.923 221598.148 227738.857 5.41004208166 5.55995982421 5.87430748699 0.338127630104 0.347497489013 0.367144217937
10336 65536 230248.928 254684.925 289120.913 4.68579106901 5.31935760234 5.8838935919 0.292861941813 0.332459850146 0.367743349493
11368 65536 253803.015 278086.901 291213.036 5.11662017768 5.358132622 5.8707990368 0.319788761105 0.334883288875 0.3669249398
12504 65536 278254.986 299057.007 312080.86 5.2516014215 5.48030726463 5.89000869871 0.328225088844 0.342519204039 0.36812554367
13752 65536 306988.955 321752.071 360906.124 4.99437949133 5.60214620654 5.87155373065 0.312148718208 0.350134137909 0.366972108166
15120 65536 337206.841 383419.991 398460.15 4.97366835805 5.16876711314 5.87713058882 0.310854272378 0.323047944571 0.367320661801
16632 32768 185320.139 204699.039 224051.952 4.86491968613 5.32486501805 5.88168537905 0.304057480383 0.332804063628 0.367605336191
18288 32768 203914.881 228049.994 233213.902 5.13915490338 5.2555246636 5.87756205983 0.321197181461 0.328470291475 0.367347628739
20112 32768 224148.989 235317.945 249770.164 5.27709159049 5.6011879247 5.88028542034 0.329818224406 0.350074245294 0.367517838771
22120 32768 246704.817 281353.951 286935.091 5.05220994389 5.15242922606 5.87607626648 0.315763121493 0.322026826629 0.367254766655
24328 32768 271538.973 315828.085 331429.005 4.81056209308 5.04818882083 5.87156896995 0.300660130817 0.315511801302 0.366973060622
26760 32768 298887.968 315948.009 371475.935 4.72101472737 5.55073401333 5.86756091834 0.295063420461 0.346920875833 0.366722557396
29432 32768 327764.988 399489.88 502125.978 3.84137773489 4.82829640641 5.88487368273 0.240086108431 0.3017685254 0.36780460517
32368 32768 360579.014 379638.91 431674.957 4.91404287787 5.5875970353 5.88295260023 0.307127679867 0.349224814706 0.367684537514
35600 16384 198950.052 216617.107 255339.146 4.56859364604 5.38526627078 5.86348577582 0.285537102877 0.336579141923 0.366467860989
39160 16384 218039.989 251204.967 313286.066 4.09592069122 5.10815886853 5.88513550145 0.255995043201 0.319259929283 0.367820968841
43072 16384 239473.104 273684.025 285286.188 4.94725421477 5.15698092353 5.89370276839 0.309203388423 0.322311307721 0.368356423024
47376 16384 263403.893 310085.058 329648.018 4.70931625016 5.00642236041 5.89367435052 0.294332265635 0.312901397526 0.368354646907
52112 16384 289714.098 351146.936 428363.085 3.98635194253 4.86293867591 5.89410742449 0.249146996408 0.303933667244 0.36838171403
57320 16384 318301.916 328433.99 373584.032 5.02768212534 5.71884097623 5.90088109931 0.314230132834 0.357427561015 0.368805068707
63048 16384 350537.062 370229.959 431757.212 4.78499676804 5.58019904597 5.89369024837 0.299062298003 0.348762440373 0.368355640523
69352 8192 192640.066 197802.067 237406.015 4.78615997998 5.74444537023 5.8983740589 0.299134998749 0.359027835639 0.368648378682
76280 8192 212914.944 218437.195 250606.06 4.98699640384 5.72142267254 5.86981588291 0.31168727524 0.357588917034 0.366863492682
83904 8192 233223.915 287029.028 446025.848 3.08207056197 4.78935230203 5.8942631848 0.192629410123 0.299334518877 0.36839144905
92288 8192 256407.976 320183.992 504994.154 2.99418632874 4.72243032063 5.89703415466 0.187136645546 0.295151895039 0.368564634666
101512 8192 283247.948 360873.938 528605.938 3.14633735348 4.60873571868 5.87179049219 0.196646084592 0.288045982417 0.366986905762
111656 8192 310983.896 385087.013 459944.963 3.97737131866 4.75054167563 5.88252937702 0.248585707416 0.296908854727 0.367658086064
122816 8192 415854.931 420406.818 569838.047 3.53120918232 4.7863575419 4.8387483086 0.220700573895 0.299147346369 0.302421769288
135096 4096 196099.043 234225.988 316339.016 3.49848224855 4.72495149428 5.64360955091 0.218655140534 0.295309468393 0.352725596932
148600 4096 208345.89 264053.822 437946.081 2.77963715812 4.61016315075 5.84283760049 0.173727322382 0.288135196922 0.365177350031
163456 4096 227212.191 256607.056 288367.033 4.64349734458 5.21821797449 5.89330856811 0.290218584036 0.326138623406 0.368331785507
179800 4096 252720.118 267863.989 357555.151 4.11942492195 5.49876676405 5.82827204916 0.257464057622 0.343672922753 0.364267003073
197776 4096 277396.917 288013.935 376178.98 4.30694184986 5.62535625924 5.8406596927 0.269183865616 0.351584766202 0.365041230793
217552 4096 313210.011 326088.19 408299.923 4.36489424467 5.46534967734 5.69006711602 0.272805890292 0.341584354834 0.355629194751
239304 4096 342590.094 366302.013 441202.164 4.44326553212 5.35180888564 5.72222723988 0.277704095758 0.334488055352 0.357639202493
263232 2048 186314.106 202383.041 230469.942 4.67825983138 5.32751295105 5.78699216687 0.292391239461 0.332969559441 0.36168701043
289552 2048 208706.141 216442.823 266427.04 4.45151885484 5.47953023141 5.68265498235 0.278219928428 0.342470639463 0.355165936397
318504 2048 238305.807 286041.975 370638.132 3.51985473529 4.56084245678 5.47444647037 0.219990920956 0.285052653548 0.342152904398
350352 2048 297238.827 317321.062 495999.098 2.89323468084 4.52236540164 4.82790827324 0.180827167553 0.282647837602 0.301744267077
385384 2048 268786.192 362601.995 569274.902 2.77288329145 4.35334853577 5.8728197764 0.173305205716 0.272084283486 0.367051236025
423920 2048 298494.101 307471.991 662875.175 2.61946198242 5.6472666481 5.81712105594 0.163716373901 0.352954165506 0.363570065996
466312 2048 328199.148 335075.14 342417.002 5.5780347963 5.70025562625 5.81967980002 0.348627174769 0.35626597664 0.363729987501
512936 2048 361015.081 368196.011 380782.127 5.5175537585 5.70616137392 5.81966229826 0.344847109907 0.35663508587 0.363728893641
564224 1024 200215.101 200913.191 201285.124 5.74076578058 5.75139315765 5.77144654039 0.358797861287 0.359462072353 0.360715408774
620640 1024 220751.047 222761.869 223666.906 5.68287344217 5.7059618224 5.75793744706 0.355179590136 0.3566226139 0.359871090442
682704 1024 242007.971 244087.934 244564.056 5.71702078739 5.7281725036 5.77740388559 0.357313799212 0.358010781475 0.36108774285
750968 1024 267601.013 274236.917 280570.03 5.48163488452 5.60822547462 5.74729686842 0.342602180283 0.350514092164 0.359206054276
826064 1024 286659.956 293773.174 866780.996 1.95179529755 5.75879359223 5.90169305684 0.121987206097 0.359924599514 0.368855816053
908664 1024 324918.032 334365.845 841314.793 2.21194716589 5.56559199998 5.72742565423 0.138246697868 0.347849499999 0.35796410339
999528 1024 359290.123 363217.115 978873.968 2.09121236331 5.63583944551 5.69743840133 0.130700772707 0.352239965344 0.356089900083
1099480 512 200253.963 227072.954 308492.899 3.64957353524 4.95817533602 5.62219844808 0.228098345953 0.309885958501 0.351387403005
1209424 512 226487.16 228147.984 251971.96 4.9150317202 5.42827578086 5.46808117511 0.307189482512 0.339267236304 0.341755073444
1330360 512 240272.045 297564.983 309060.097 4.40784382463 4.57812147876 5.66977585761 0.275490239039 0.286132592423 0.354360991101
1463392 512 259721.041 270752.907 296971.083 5.04599098627 5.53461613618 5.76970353357 0.315374436642 0.345913508511 0.360606470848
1609728 512 285828.114 292829.99 349858.046 4.71151511548 5.629073279 5.76696759788 0.294469694717 0.351817079938 0.360435474867
1770696 512 320840.12 323421.001 432365.894 4.19365340597 5.60629241266 5.6513901815 0.262103337873 0.350393275791 0.353211886344
1947760 512 355319.023 355587.959 372390.985 5.3559466269 5.60903762211 5.61328302425 0.334746664181 0.350564851382 0.350830189016
2142536 256 192598.104 196251.154 281129.837 3.90203488789 5.5896661479 5.69568655775 0.243877180493 0.349354134244 0.355980409859
2356784 256 212455.988 238116.98 285654.068 4.2242472388 5.06756556378 5.67963943666 0.264015452425 0.316722847736 0.354977464791
2592456 256 233047.009 376625.061 590353.966 2.248375633 3.52429407771 5.69557823418 0.140523477063 0.220268379857 0.355973639636
2851696 256 257311.106 344350.1 433823.109 3.3655845475 4.24006948742 5.67433087012 0.210349034219 0.265004342964 0.354645679382
3136864 256 287775.04 327500.105 441710.949 3.63603024022 4.90404229947 5.5810064973 0.227251890014 0.306502643717 0.348812906081
3450544 256 323873.997 332741.022 413672.924 4.27071346831 5.30947016205 5.45483288058 0.266919591769 0.331841885128 0.340927055036
3795592 256 363367.081 407649.04 518971.92 3.74460164242 4.76719656693 5.34815398977 0.234037602651 0.297949785433 0.33425962436
4175144 256 398648.977 401118.994 467579.126 4.57179033266 5.32927575103 5.36229578234 0.285736895791 0.333079734439 0.335143486396
4592656 128 217849.97 234966.04 247148.991 4.75713022838 5.00378665785 5.39692493875 0.297320639274 0.312736666116 0.337307808672
5051920 128 241892.099 291849.136 344818.83 3.75064064802 4.43137004867 5.34656371724 0.234415040501 0.276960628042 0.334160232327
5557112 128 281779.051 283448.935 362550.02 3.92392937118 5.01896636867 5.04870985601 0.245245585699 0.313685398042 0.315544366
6112816 128 320921.183 323869.944 412537.098 3.7933095074 4.83181883651 4.87621565324 0.237081844213 0.301988677282 0.304763478327
6724096 128 336453.199 369596.004 520268.917 3.30861314169 4.65743286553 5.11621997091 0.206788321356 0.291089554096 0.319763748182
7396504 128 391080.856 392265.081 509390.116 3.71720016648 4.82710573975 4.84172261298 0.232325010405 0.301694108735 0.302607663311
8136152 128 398466.825 405916.929 443997.86 4.6911372771 5.13123440585 5.22717270628 0.293196079819 0.320702150365 0.326698294143
8949760 64 218614.101 236590.862 259171.009 4.42012895046 4.84198447191 5.24014358982 0.276258059404 0.302624029494 0.327508974364
9844736 64 239326.954 256080.151 283751.011 4.44095759715 4.92082733894 5.26529163113 0.277559849822 0.307551708684 0.329080726946
10829208 64 270440.817 312491.894 326823.95 4.24123943181 4.43575865683 5.12547861442 0.265077464488 0.277234916052 0.320342413401
11912128 64 289753.914 348228.931 581238.985 2.62327962052 4.37859192119 5.26223222648 0.163954976282 0.273661995074 0.328889514155
13103336 64 321316.004 399024.963 653312.922 2.56726440197 4.20331348543 5.21986762913 0.160454025123 0.262707092839 0.32624172682
14413664 64 354845.047 385236.025 638043.165 2.89157394547 4.78913931271 5.19930884649 0.180723371592 0.299321207044 0.324956802906
15855024 64 393095.97 406729.937 597704.172 3.39539719994 4.98965747879 5.16271655494 0.212212324996 0.311853592424 0.322669784684
17440520 32 217606.068 226309.061 289133.072 3.86048289903 4.93216345412 5.12942166668 0.241280181189 0.308260215882 0.320588854167
19184568 32 236109.018 240587.95 248219.967 4.94646891964 5.10338257589 5.2001925314 0.309154307478 0.318961410993 0.325012033213
21103024 32 262190.819 267925.024 274064.064 4.92802126732 5.04093837834 5.15118546542 0.308001329207 0.315058648646 0.321949091589
23213320 32 285583.973 287809.134 299761.057 4.95612236916 5.16193652144 5.2021563549 0.309757648072 0.32262103259 0.325134772181
25534648 32 318498.135 319092.989 324075.937 5.04269921157 5.1214458742 5.13101111879 0.315168700723 0.320090367137 0.320688194925
28088112 32 348843.098 350651.026 377769.947 4.75855525903 5.1265760962 5.1531452917 0.297409703689 0.320411006013 0.322071580731
30896920 32 376928.091 422293.901 460000.038 4.29870155793 4.68252767875 5.24610111906 0.268668847371 0.292657979922 0.327881319941
33986608 16 209829.092 235504.866 247121.096 4.40096565451 4.61804239748 5.18312997323 0.275060353407 0.288627649842 0.323945623327
37385264 16 233748.913 233963.966 418190.956 2.8607229086 5.11330213987 5.11800646534 0.178795181788 0.319581383742 0.319875404084
41123784 16 256235.123 268435.001 283246.994 4.64598430301 4.90234538379 5.13575606885 0.290374018938 0.306396586487 0.320984754303
45236160 16 276697.159 293241.024 481981.993 3.00334274106 4.93640726067 5.2315575817 0.187708921316 0.308525453792 0.326972348856
49759776 16 311609.03 324542.999 381777.048 4.17079245686 4.90632315874 5.10997011865 0.260674528554 0.306645197421 0.319373132415
54735752 16 343969.822 368023.157 378992.081 4.62158486103 4.75933112003 5.09214457773 0.288849053814 0.297458195002 0.318259036108
60209320 16 372801.065 401827.812 420789.003 4.57877517298 4.79483545554 5.16816721004 0.286173448311 0.299677215971 0.323010450627
66230248 16 409080.982 428298.95 428520.918 4.94577474979 4.94833792144 5.1808028954 0.309110921862 0.30927112009 0.323800180963
72853272 8 224421.978 238993.883 245104.074 4.7557445006 4.87733132484 5.19402048938 0.297234031287 0.304833207802 0.324626280586
80138592 8 244572.163 252129.078 273691.893 4.68489387079 5.08555967511 5.24269588277 0.292805866924 0.317847479695 0.327668492673
88152448 8 270725.965 274572.849 300673.008 4.69094042522 5.13684864741 5.20984076278 0.293183776576 0.321053040463 0.325615047674
96967688 8 304653.883 313615.084 333182.096 4.65656176195 4.94709306776 5.09260867684 0.291035110122 0.309193316735 0.318288042303
106664456 8 335697.889 338266.134 357687.95 4.77128540674 5.04523250915 5.08383088462 0.298205337921 0.315327031822 0.317739430289
117330896 8 362265.11 370187.998 380958.08 4.92782391175 5.07119178942 5.18210085426 0.307988994485 0.316949486839 0.323881303391
129063984 8 403136.015 422453.88 484550.953 4.26172672082 4.88816375411 5.1223995554 0.266357920051 0.305510234632 0.320149972212
141970376 4 221061.945 230154.037 265106.916 4.28416966685 4.93479507379 5.13775904758 0.267760604178 0.308424692112 0.321109940474
156167408 4 237116.098 261976.004 427087.069 2.92525659212 4.76890724694 5.26889264178 0.182828537007 0.298056702934 0.329305790111
171784144 4 268764.973 297479.868 298771.858 4.59974095686 4.61971817199 5.11328963987 0.287483809804 0.288732385749 0.319580602492
188962552 4 289818.048 302999.973 403488.159 3.74657937855 4.9891107284 5.21603270201 0.23416121116 0.311819420525 0.326002043875
207858800 4 318701.029 345808.983 628705.025 2.64491348705 4.80863853094 5.21764992481 0.165307092941 0.300539908184 0.326103120301
228644680 4 356142.044 387243.032 782397.985 2.33788618461 4.72353867945 5.13603341929 0.146117886538 0.295221167466 0.321002088706
251509144 4 392291.069 425205.946 1019641.876 1.97331357152 4.731996744 5.12903125001 0.12333209822 0.2957497965 0.320564453125
276660056 2 212661.028 237766.981 544490.099 2.03243406268 4.6543057381 5.20377539038 0.127027128918 0.290894108632 0.325235961899
304326056 2 233572.96 238211.87 593410.015 2.0513712159 5.11017450138 5.21166587091 0.128210700994 0.319385906336 0.325729116932
334758656 2 259933.949 303928.852 690727.949 1.93858468582 4.40575027737 5.15144185341 0.121161542864 0.275359392336 0.321965115838
368234520 2 283248.901 313164.949 719184.875 2.04806598581 4.70339380158 5.20015461596 0.128004124113 0.293962112599 0.325009663497
405057968 2 312670.946 315372.944 599338.055 2.70336892257 5.13751069274 5.18190734613 0.168960557661 0.321094418296 0.323869209133
445563760 2 342621.088 356756.21 461359.024 3.86305447013 4.99572254117 5.2018252887 0.241440904383 0.312232658823 0.325114080544
490120136 2 376604.795 381853.104 944288.015 2.07614680358 5.13412231946 5.20567069254 0.129759175224 0.320882644966 0.325354418283
539132144 1 204608.917 246975.183 562907.934 1.91552512031 4.3658811177 5.26987925947 0.11972032002 0.272867569856 0.329367453717
593045352 1 228037.119 243469.0 576189.041 2.05850965499 4.87162925876 5.20130542432 0.128656853437 0.304476828672 0.32508158902
652349880 1 249639.034 282592.058 668501.139 1.95167918779 4.61690172482 5.22634517164 0.121979949237 0.288556357801 0.326646573228
717584864 1 277962.923 290609.837 603832.96 2.37676613082 4.93847607781 5.16316965051 0.148547883176 0.308654754863 0.322698103157
789343344 1 302325.964 336668.015 373116.97 4.23107715524 4.68914960039 5.22180320576 0.264442322203 0.293071850024 0.32636270036
868277672 1 330853.939 345082.998 547798.157 3.17006423225 5.03228311468 5.24870687424 0.198129014516 0.314517694668 0.32804417964
955105432 1 367887.974 412874.222 841051.102 2.27121854957 4.62661692645 5.192371045 0.141951159348 0.289163557903 0.324523190312
1050615968 1 402442.217 431579.113 894885.063 2.34804671893 4.86870627588 5.2212015719 0.146752919933 0.304294142242 0.326325098244

META_DATA
ERT_VERSION  1.1.0
TIMESTAMP_DATA  1535296541.29
HOSTNAME  ('atajo-Inspiron-15-7568', [], ['127.0.1.1'])
UNAME  ('Linux', 'atajo-Inspiron-15-7568', '4.15.0-33-generic', '#36-Ubuntu SMP Wed Aug 15 16:00:05 UTC 2018', 'x86_64', 'x86_64')
FLOPS          1
CONFIG  {'ERT_WORKING_SET_MIN': ['1'], 'ERT_CFLAGS': [], 'ERT_CC': ['gcc'], 'ERT_MPI_CFLAGS': ['-I/usr/include/mpi'], 'ERT_MPI_LDFLAGS': ['-lmpi'], 'ERT_MEMORY_MAX': ['1073741824'], 'ERT_PROCS_THREADS': ['1-4'], 'ERT_LDFLAGS': [], 'ERT_LDLIBS': [], 'ERT_RUN': ['export', 'OMP_NUM_THREADS=ERT_OPENMP_THREADS;', 'mpirun', '-np', 'ERT_MPI_PROCS', 'ERT_CODE'], 'ERT_FLOPS': ['1,2,4,8,16'], 'ERT_OPENMP_CFLAGS': ['-fopenmp'], 'ERT_MPI': ['False'], 'ERT_TRIALS_MIN': ['1'], 'ERT_DRIVER': ['driver1'], 'ERT_RESULTS': ['Results/myLaptop'], 'ERT_OPENMP': ['False'], 'ERT_MPI_PROCS': ['1,2,4,8'], 'ERT_KERNEL': ['kernel1'], 'ERT_GPU': [False], 'ERT_OPENMP_THREADS': ['1,2,4,8'], 'ERT_LD': ['gcc'], 'ERT_NUM_EXPERIMENTS': ['3'], 'ERT_OPENMP_LDFLAGS': ['-fopenmp'], 'ERT_ALIGN': ['64'], 'ERT_GNUPLOT': ['gnuplot']}
TIMESTAMP_DATA  1535296654.06
TIMESTAMP_DATA  1535296424.03
