64 16777216 273235.847 276831.357 294583.707 7.28989281135 7.75737138766 7.85945062326 0.455618300709 0.484835711729 0.491215663953
128 8388608 209143.336 229063.178 261015.115 8.22743023139 9.37507139624 10.2679993973 0.514214389462 0.585941962265 0.641749962332
192 4194304 153994.481 166265.506 177312.991 9.0834446304 9.6869926586 10.4588990822 0.5677152894 0.605437041162 0.65368119264
256 4194304 183886.342 185895.764 206882.199 10.3802243904 11.5520848985 11.6783205574 0.6487640244 0.722005306156 0.729895034836
320 2097152 105527.379 110622.932 130073.645 10.3185951312 12.1329027873 12.7187587972 0.644912195703 0.758306424205 0.794922424824
384 2097152 128943.823 135639.73 141040.374 11.4195154928 11.8741959749 12.490809552 0.713719718299 0.74213724843 0.780675597
448 2097152 152672.654 153917.889 156685.823 11.9924582583 12.2081208637 12.3076932428 0.749528641146 0.763007553982 0.769230827677
512 2097152 171958.631 173745.458 179081.613 11.9916478974 12.3599412193 12.4883737182 0.749477993589 0.772496326206 0.780523357388
576 1048576 94744.327 98628.184 102766.16 11.7544486629 12.2476101963 12.7496768434 0.734653041429 0.765475637268 0.796854802716
640 1048576 105282.075 107108.875 115527.2 11.6178465331 12.5309623502 12.7483931144 0.726115408319 0.783185146889 0.79677456965
704 1048576 111662.182 111974.485 127028.316 11.6225661686 13.1851020168 13.2219788433 0.72641038554 0.824068876048 0.826373677706
768 1048576 122114.822 126388.099 133289.264 12.083589388 12.7433892015 13.1893304156 0.755224336748 0.796461825096 0.824333150975
832 1048576 129719.276 138407.377 150023.746 11.6303619295 12.6064845807 13.4508187048 0.726897620594 0.787905286291 0.840676169053
896 1048576 149465.116 152875.983 167661.948 11.2073622812 12.2913236934 12.5718177076 0.700460142572 0.768207730838 0.785738606726
960 1048576 152517.968 161603.775 167469.582 12.0216811672 12.4580376913 13.2001884526 0.751355072947 0.778627355704 0.825011778284
1024 1048576 162762.606 176259.915 181742.528 11.8160766862 12.1836189924 13.1939620578 0.73850479289 0.761476187028 0.824622628615
1088 524288 83788.406 91680.378 92113.797 12.3852313677 12.4437825507 13.6158538211 0.77407696048 0.77773640942 0.85099086382
1152 524288 85381.248 86629.192 95291.013 12.6765317523 13.9440242268 14.1478319923 0.792283234517 0.871501514178 0.884239499521
1216 524288 101978.954 111846.276 113713.903 11.2129509441 11.4001865918 12.5032505825 0.700809434006 0.712511661989 0.781453161404
1280 524288 116106.548 118427.204 121209.073 11.0732410271 11.3333527658 11.5598758478 0.692077564194 0.708334547863 0.722492240489
1408 524288 106440.877 110130.517 121821.628 12.1193176634 13.4058664957 13.8705641067 0.75745735396 0.837866655979 0.866910256668
1536 524288 118377.742 119939.25 125219.622 12.8623031301 13.4285710141 13.6057058429 0.803893945631 0.83928568838 0.850356615182
1664 524288 131910.021 137145.19 139270.344 12.528370462 12.7225057182 13.2274292034 0.783023153874 0.795156607388 0.826714325214
1792 524288 142851.062 147596.585 147684.355 12.7234072424 12.7309733623 13.1538972528 0.795212952652 0.795685835143 0.822118578299
1920 524288 154883.01 160737.588 161015.064 12.5035873662 12.5251718969 12.9986234126 0.781474210388 0.782823243559 0.812413963288
2112 262144 82794.768 86330.401 94165.649 11.7590253745 12.8262610062 13.3739882694 0.734939085908 0.80164131289 0.835874266838
2304 262144 84582.033 89923.936 99143.779 12.183916774 13.433125881 14.2815147515 0.761494798378 0.83957036756 0.892594671968
2496 262144 101632.898 106310.706 109498.213 11.9510886264 12.3094173413 12.8759769105 0.746943039153 0.76933858383 0.804748556909
2688 262144 108871.032 117943.766 120374.103 11.707552612 11.948797226 12.9445465714 0.731722038253 0.746799826622 0.809034160712
2944 262144 114116.691 114272.026 116510.035 13.2478191428 13.5072766803 13.5256627096 0.827988696424 0.844204792519 0.845353919349
3200 262144 126511.169 128906.023 132325.801 12.6787186423 13.0150753313 13.2614504574 0.792419915146 0.813442208205 0.828840653587
3520 262144 134437.209 145296.188 152616.004 12.0923999556 12.7015979249 13.7275518714 0.755774997228 0.793849870308 0.857971991965
3840 262144 141733.488 160355.182 160392.549 12.5521162457 12.5550412209 14.2045888266 0.784507265359 0.784690076308 0.887786801663
4224 131072 83850.783 86412.441 91515.828 12.0995054101 12.8140837498 13.205556542 0.756219088134 0.800880234363 0.825347283877
4608 131072 88042.689 98441.3 99638.029 12.1234789982 12.2708614372 13.7201574114 0.757717437385 0.766928839826 0.85750983821
5056 131072 99773.713 109315.231 113235.702 11.7047895725 12.1245690273 13.2840607425 0.731549348279 0.757785564209 0.830253796408
5504 131072 115245.645 117052.916 119839.293 12.0397954617 12.3263958328 12.5196971738 0.752487216359 0.77039973955 0.782481073363
6016 131072 116425.669 122555.624 126914.977 12.4261008533 12.8681022749 13.5456237232 0.776631303333 0.804256392183 0.846601482702
6592 131072 137656.611 142889.432 146367.514 11.8062622011 12.0936392833 12.5533618433 0.737891387566 0.755852455205 0.784585115204
7232 131072 143377.685 147235.408 154032.719 12.3079396398 12.8761514214 13.2225974216 0.769246227485 0.804759463838 0.826412338852
7936 131072 154474.582 159460.797 164335.916 12.6592824906 13.046308705 13.467424589 0.791205155664 0.81539429406 0.841714036812
8704 65536 83269.415 90586.342 91395.292 12.4825979877 12.5940695122 13.7007169799 0.780162374228 0.78712934451 0.856294811246
9536 65536 88500.629 92398.298 95057.795 13.1488700322 13.5273335013 14.1230927523 0.821804377011 0.845458343832 0.882693297016
10432 65536 100679.717 107821.398 117904.936 11.5969962784 12.6815560674 13.581117873 0.724812267402 0.792597254211 0.848819867064
11456 65536 117324.97 117890.515 157107.558 9.55753403029 12.7369095979 12.7983056974 0.597345876893 0.796056849866 0.799894106088
12544 65536 122126.931 124730.586 130209.244 12.6271155372 13.1817481239 13.4627731536 0.789194721075 0.823859257745 0.841423322101
13760 65536 132419.566 137289.121 145989.569 12.3539697552 13.1368800883 13.619971538 0.7721231097 0.821055005516 0.851248221128
15104 65536 149800.307 151256.186 159372.179 12.4219390136 13.0884662661 13.2156704325 0.776371188349 0.818029141631 0.825979402032
16576 32768 78789.554 84502.978 142711.195 7.61204988859 12.8554609756 13.7876746453 0.475753118037 0.803466310974 0.861729665331
18176 32768 86998.781 90484.3 94514.119 12.6032210701 13.1645195465 13.6919428331 0.787701316879 0.822782471655 0.855746427068
19968 32768 97354.316 98968.211 102645.299 12.7489798437 13.222658415 13.4418575546 0.79681124023 0.82641615094 0.840116097164
21952 32768 107958.012 111820.109 113460.044 12.6797612735 12.8657205297 13.3259796596 0.792485079593 0.804107533109 0.832873728723
24128 32768 113188.88 118900.64 128025.522 12.3510733118 13.2989410991 13.9700349363 0.771942081986 0.831183818691 0.873127183518
26496 32768 124014.721 132055.199 134958.091 12.866526513 13.1493638202 14.0019010808 0.804157907065 0.821835238763 0.875118817547
29120 32768 135951.989 140750.733 147997.657 12.8948549503 13.558780685 14.0373696188 0.805928434394 0.847423792813 0.877335601173
32000 32768 152053.686 152331.689 168746.762 12.427805874 13.7670107498 13.7921812694 0.776737867124 0.860438171863 0.862011329341
35200 16384 89338.733 95985.735 104132.27 11.0766201486 12.0167189427 12.9107897691 0.692288759287 0.751044933916 0.806924360568
38720 16384 92301.867 99559.958 100498.383 12.6248494963 12.7438478831 13.7459512059 0.789053093521 0.796490492694 0.859121950372
42560 16384 97981.975 103648.156 114743.488 12.1541196307 13.4551943211 14.2332921948 0.759632476921 0.840949645067 0.889580762176
46784 16384 109051.782 114522.685 127035.042 12.0676790267 13.3861523767 14.0577080345 0.754229939169 0.836634523544 0.878606752157
51456 16384 113464.365 122006.675 127545.855 13.2196393838 13.81981935 14.8602621449 0.826227461488 0.863738709378 0.928766384054
56576 16384 132434.813 139273.659 153872.603 12.0481640777 13.3110767773 13.9984519629 0.753010254853 0.831942298579 0.874903247683
62208 16384 145779.225 146034.251 169033.952 12.0593035889 13.9585866332 13.9830057678 0.753706474306 0.872411664576 0.873937860487
68416 8192 75180.014 85576.244 94192.074 11.9004465705 13.0985854439 14.9099166701 0.743777910655 0.818661590242 0.931869791884
75200 8192 87448.979 96369.912 96709.624 12.7399606062 12.7848700329 14.0890930242 0.796247537887 0.799054377055 0.880568314011
82688 8192 91467.834 100581.051 115507.157 11.7287986925 13.4693381957 14.8113291061 0.733049918283 0.841833637233 0.925708069134
90944 8192 110888.354 116120.404 128504.692 11.5951135543 12.8317370994 13.4371775056 0.724694597144 0.80198356871 0.839823594099
100032 8192 119660.12 134669.92 140307.815 11.6809194698 12.169935855 13.6964954406 0.730057466863 0.760620990938 0.856030965037
110016 8192 123583.287 129984.164 151120.927 11.927548221 13.8670903326 14.5853228843 0.745471763815 0.86669314579 0.91158268027
120960 8192 143631.671 166933.036 179857.568 11.0187670279 11.8718780146 13.7978527034 0.688672939245 0.741992375913 0.862365793962
133056 4096 73067.892 73273.493 93949.589 11.6019108077 14.8757034416 14.9175612183 0.725119425483 0.929731465102 0.932347576142
146304 4096 79135.479 92880.712 94691.56 12.6571192617 12.9038886782 15.1451963537 0.791069953859 0.806493042388 0.946574772107
160896 4096 98399.561 100960.322 104770.679 12.5804284613 13.0552280925 13.3949787845 0.78627677883 0.81595175578 0.837186174032
176960 4096 103623.002 111818.654 113648.231 12.7556435084 12.9643513684 13.9897155267 0.797227719277 0.810271960526 0.874357220417
194624 4096 122038.577 123392.073 138000.257 11.5533104261 12.9210877914 13.0643919914 0.72208190163 0.807567986965 0.816524499462
214080 4096 134835.08 137349.531 138940.864 12.6222286915 12.7684699557 13.00658078 0.788889293218 0.79802937223 0.812911298751
235456 4096 135236.515 141583.086 158252.943 12.1884340059 13.6234885571 14.2628309521 0.761777125371 0.851468034819 0.891426934508
258944 4096 163381.811 164748.456 182866.821 11.6000772387 12.8758065447 12.9835092108 0.72500482742 0.804737909046 0.811469325677
284800 2048 89870.505 91124.387 96161.669 12.1310373679 12.8016312472 12.9802408477 0.758189835495 0.800101952949 0.811265052978
313280 2048 95187.944 98466.555 99503.357 12.8959958607 13.0317840408 13.4806449859 0.805999741295 0.814486502549 0.842540311618
344576 2048 108627.17 108788.829 120415.208 11.7209721217 12.9736050013 12.9929123257 0.732560757608 0.810850312581 0.812057020357
379008 2048 118922.598 123215.037 125112.194 12.4081971418 12.5992476714 13.0540098695 0.775512321365 0.787452979461 0.815875616844
416896 2048 123951.387 130998.517 139681.852 12.2249668912 13.0353079951 13.7764171691 0.764060430699 0.814706749695 0.861026073068
458560 2048 135774.834 144149.13 161141.03 11.6560118798 13.0299902608 13.8336516766 0.728500742486 0.814374391299 0.864603229786
504384 2048 149367.321 158166.088 158526.474 13.0322514081 13.0619457693 13.8313846039 0.814515713003 0.816371610582 0.864461537742
554816 1024 78050.663 84201.077 91424.503 12.4284314458 13.4946393619 14.5580207051 0.776776965361 0.84341496012 0.909876294068
610240 1024 90119.126 95845.255 102649.501 12.1751348796 13.0394720114 13.8679942369 0.760945929976 0.814967000714 0.866749639805
671232 1024 105616.972 108357.338 113929.138 12.0661242605 12.6865716838 13.0157408413 0.754132766281 0.792910730236 0.813483802584
738304 1024 113062.378 116393.074 130731.944 11.5660070962 12.9908639753 13.3735608497 0.722875443511 0.811928998456 0.835847553109
812096 1024 120065.829 121489.81 145660.304 11.4181596655 13.6898115817 13.8521727777 0.713634979095 0.855613223858 0.865760798603
893248 1024 133394.982 156202.588 192093.177 9.52335701127 11.711533896 13.7139484302 0.595209813204 0.731970868498 0.85712177689
982528 1024 154536.706 155124.321 166786.172 12.0646533215 12.9716432022 13.0209669669 0.754040832594 0.810727700139 0.813810435431
1080768 512 75779.152 78892.768 83726.76 13.2180730748 14.0279833001 14.6043654856 0.826129567178 0.876748956254 0.912772842853
1188800 512 86295.235 96987.477 100812.925 12.0751500862 12.5514266136 14.106586534 0.754696880385 0.784464163348 0.881661658375
1307648 512 94823.423 107520.557 117370.424 11.408594315 12.4537259605 14.1213163334 0.71303714469 0.778357872532 0.882582270838
1438400 512 107398.03 121909.403 123520.91 11.9244717352 12.0821000165 13.7146053796 0.745279483449 0.755131251032 0.857162836227
1582208 512 127221.418 130544.598 133183.681 12.1650113575 12.4109386127 12.7351276025 0.760313209844 0.775683663295 0.795945475156
1740416 512 129546.348 129822.16 155685.815 11.4473241123 13.7279027248 13.7571302589 0.715457757022 0.857993920298 0.859820641181
1914432 512 154354.959 160038.562 169058.345 11.5958686807 12.2494125385 12.7004560184 0.724741792545 0.765588283654 0.793778501149
2105856 256 74827.577 85729.324 87624.25 12.3047931594 12.576773287 14.4091031038 0.769049572464 0.786048330441 0.900568943987
2316416 256 80010.418 92888.484 96887.558 12.2410453569 12.7680519794 14.8231320576 0.765065334808 0.798003248713 0.926445753602
2548032 256 93812.862 99561.179 102094.733 12.7782535461 13.1034244181 13.906327514 0.798640846634 0.818964026129 0.869145469627
2802816 256 111282.05 116466.834 127862.429 11.2233265332 12.3214630527 12.8955369891 0.701457908327 0.770091440796 0.80597106182
3083072 256 110753.178 113318.82 125400.127 12.587968623 13.9300150143 14.2527094256 0.786748038939 0.870625938392 0.890794339102
3391360 256 123999.871 125157.398 148617.609 11.6835167224 13.8735412189 14.0030494064 0.730219795152 0.86709632618 0.8751905879
3730496 256 137665.861 147831.543 159019.432 12.0111984301 12.9202057507 13.8742745524 0.750699901884 0.807512859417 0.867142159522
4103488 256 166483.614 171531.748 173264.844 12.1258635479 12.2483789765 12.6197756375 0.757866471747 0.765523686029 0.788735977344
4513792 128 88798.314 95496.803 96988.931 11.9140477175 12.100203522 13.0129807645 0.744627982342 0.756262720125 0.81331129778
4965120 128 87956.301 99430.477 109799.142 11.5763265254 12.7835122424 14.4511616058 0.723520407837 0.798969515152 0.903197600363
5461632 128 104564.915 109807.57 110771.886 12.6221358369 12.7329818154 13.371385536 0.788883489805 0.795811363461 0.835711595998
6007744 128 124727.889 130038.39 134180.384 11.4620514426 11.8271416925 12.3307022698 0.716378215164 0.739196355784 0.770668891863
6608512 128 133322.332 135157.61 143398.009 11.7977863416 12.5170833666 12.6893900416 0.737361646353 0.782317710412 0.793086877598
7269312 128 136093.676 149517.897 160377.824 11.6034986982 12.4462951214 13.6739922581 0.725218668636 0.77789344509 0.854624516131
7996224 128 164284.562 164634.206 173126.023 11.8239494475 12.4338276579 12.4602903589 0.738996840469 0.777114228619 0.778768147429
8795840 64 79808.645 90902.762 99473.476 11.3182686006 12.3854049671 14.1070872711 0.707391787535 0.774087810445 0.881692954441
9675392 64 87557.985 104721.299 105019.413 11.7925833008 11.8261536844 14.1443430431 0.737036456298 0.739134605273 0.884021440192
10642880 64 106339.258 109953.377 113032.51 12.0521842787 12.3896934971 12.810778123 0.753261517417 0.774355843568 0.800673632686
11707136 64 121518.681 125535.15 127607.813 11.7431164501 11.9370025686 12.3315476737 0.73394477813 0.746062660538 0.770721729608
12877824 64 120842.166 121786.687 144697.269 11.3917939391 13.534824804 13.6406150813 0.711987121194 0.845926550248 0.852538442583
14165568 64 146137.471 147085.249 155501.077 11.6603224812 12.3274952201 12.4074454799 0.728770155077 0.770468451258 0.775465342492
15582080 64 160745.18 167450.755 173993.13 11.4631321363 11.9110017748 12.4078758691 0.716445758519 0.744437610926 0.77549224182
17140288 32 90851.863 94598.645 95687.439 11.4641842593 11.5961326085 12.0743636484 0.716511516209 0.724758288028 0.754647728027
18854272 32 90779.5 95051.86 98876.997 12.2037829284 12.6948952709 13.2923557411 0.762736433025 0.793430954428 0.830772233819
20739648 32 104570.122 104715.853 107727.072 12.3212990696 12.6756115141 12.6932764982 0.770081191847 0.792225719634 0.79332978114
22813568 32 108111.97 110087.253 123637.663 11.8092522664 13.2628284584 13.5051498183 0.738078266652 0.828926778653 0.844071863643
25094912 32 120416.025 120973.774 136847.808 11.7362082117 13.2762194226 13.3377128833 0.73351301323 0.82976371391 0.833607055207
27604352 32 138367.85 146571.504 166667.865 10.599994954 12.0533560739 12.7679842391 0.662499684627 0.753334754619 0.797999014945
30364736 32 152534.45 155418.207 169766.868 11.4471282111 12.5039603886 12.7403554017 0.715445513196 0.781497524289 0.796272212605
33401152 32 170601.054 172916.938 173796.125 12.2998929234 12.3624310766 12.5302492445 0.768743307712 0.772651942287 0.783140577783
36741248 16 90339.757 103011.936 103326.563 11.3786803883 11.4134340316 13.0144243802 0.71116752427 0.713339626973 0.813401523761
40415360 16 97549.668 100003.465 105769.156 12.2274921055 12.93246709 13.2577746959 0.764218256596 0.808279193126 0.828610918491
44456896 16 113156.266 121326.25 124266.492 11.4481438166 11.7255801774 12.5721775938 0.715508988537 0.732848761088 0.785761099611
48902528 16 122509.908 124826.34 125171.242 12.5019203373 12.5364638265 12.7735047846 0.781370021079 0.783528989154 0.798344049038
53792768 16 138094.248 151348.92 160832.77 10.7028472867 11.3735107988 12.4651721627 0.668927955416 0.710844424922 0.779073260169
59172032 16 151892.207 153784.847 157367.945 12.0323425714 12.3126891949 12.4661104174 0.752021410714 0.769543074683 0.779131901086
65089216 16 170303.098 179697.844 185908.347 11.2036653846 11.5908731326 12.2302819882 0.70022908654 0.724429570786 0.764392624261
71598080 8 86022.872 99771.264 105493.779 10.8591169153 11.4819561673 13.3170313123 0.678694807208 0.717622260454 0.83231445702
78757888 8 104971.38 108910.611 110303.167 11.4242069586 11.5702794836 12.0044740576 0.714012934914 0.723142467725 0.7502796286
86633664 8 109672.032 115264.175 117054.151 11.8418579107 12.0257540905 12.6389435731 0.740116119419 0.751609630659 0.789933973321
95297024 8 125099.824 135199.224 203444.195 7.49469594844 11.2778190502 12.1882856046 0.468418496777 0.704863690638 0.761767850289
104826688 8 142988.63 147220.15 149735.09 11.2012956215 11.3926456942 11.7297928374 0.700080976343 0.712040355889 0.733112052336
115309312 8 156868.371 161892.486 162353.143 11.3638021285 11.3961372611 11.7611280097 0.710237633034 0.71225857882 0.735070500605
126840192 8 180062.107 180088.918 181081.505 11.2073459518 11.2691169148 11.2707948708 0.700459121985 0.704319807174 0.704424679425
139524160 4 86717.337 90714.828 98535.484 11.327830693 12.3044192952 12.8716277346 0.707989418309 0.769026205947 0.804476733413
153476544 4 97201.603 98554.315 100905.804 12.1679061395 12.4582302865 12.6316060035 0.760494133717 0.778639392907 0.789475375216
168824192 4 109010.376 109875.549 120402.863 11.2172875491 12.292029922 12.3895869876 0.701080471816 0.768251870123 0.774349186723
185706560 4 121530.916 122622.933 132146.845 11.2424362458 12.115616905 12.2244818759 0.702652265364 0.757226056565 0.764030117242
204277184 4 134913.317 135966.18 147925.341 11.047582929 12.0192938568 12.1130923792 0.690473933063 0.751205866047 0.757068273698
224704896 4 148907.304 162351.24 192109.817 9.35735193585 11.0725311861 12.0722027712 0.58483449599 0.69203319913 0.7545126732
247175360 4 165863.207 169220.321 170545.422 11.5945819994 11.6853748315 11.9218898258 0.724661374962 0.730335926972 0.74511811411
271892864 2 88365.541 92057.541 97073.155 11.2036273674 11.8140398297 12.3076421385 0.700226710464 0.738377489357 0.769227633654
299082112 2 100348.242 106650.512 106685.408 11.2136089689 11.2172780568 11.9217678771 0.700850560557 0.701079878548 0.745110492319
328990272 2 107262.596 112444.662 117180.741 11.2301823386 11.7031886138 12.268592567 0.701886396161 0.731449288362 0.766787035436
361889280 2 116745.332 121061.165 128888.821 11.2310525364 11.9572376492 12.3992719469 0.701940783522 0.747327353078 0.774954496682
398078208 2 130378.617 142597.671 152029.42 10.4737151007 11.1664715197 12.2129906624 0.654607193792 0.697904469983 0.763311916401
437886016 2 144811.02 159366.806 162559.85 10.774764273 10.9906454673 12.0953782661 0.673422767061 0.686915341705 0.755961141631
481674560 2 171616.455 171687.094 178277.001 10.8073292079 11.2221495228 11.2267686685 0.675458075492 0.701384345174 0.701673041784
529841984 2 179534.901 182424.868 196068.149 10.8093433166 11.6177578158 11.8047684556 0.67558395729 0.726109863486 0.737798028474
582826176 1 98221.254 104065.285 104784.223 11.1243116437 11.2011642691 11.8676183059 0.695269477734 0.700072766821 0.741726144119
641108736 1 114711.39 115142.154 115591.871 11.0926266779 11.1359517558 11.1777694613 0.693289167367 0.695996984736 0.698610591328
705219584 1 126616.55 127296.991 132203.753 10.6686772198 11.0799097207 11.1394534759 0.666792326236 0.692494357545 0.696215842242
775741504 1 130892.599 132829.424 138539.07 11.1988842425 11.680266023 11.8530995629 0.699930265159 0.730016626437 0.740818722684
853315648 1 143161.279 144228.443 158800.588 10.7470086698 11.8328344985 11.9210397387 0.67168804186 0.739552156158 0.745064983668
938647168 1 158568.035 159896.231 160775.467 11.6764974845 11.740704107 11.8390464762 0.729781092783 0.733794006689 0.739940404761
1032511872 1 185415.159 186103.122 190571.954 10.8359268017 11.0961262864 11.1372972692 0.677245425106 0.693507892898 0.696081079325

META_DATA
ERT_VERSION  1.1.0
HOSTNAME  ('atajo-Inspiron-15-7568', [], ['127.0.1.1'])
UNAME  ('Linux', 'atajo-Inspiron-15-7568', '4.15.0-33-generic', '#36-Ubuntu SMP Wed Aug 15 16:00:05 UTC 2018', 'x86_64', 'x86_64')
FLOPS          1
TIMESTAMP_DATA  1535277231.9
CONFIG  {'ERT_WORKING_SET_MIN': ['1'], 'ERT_CFLAGS': [], 'ERT_CC': ['mpicc'], 'ERT_MPI_CFLAGS': ['-I/usr/include/mpi'], 'ERT_MPI_LDFLAGS': ['-lmpi'], 'ERT_MEMORY_MAX': ['1073741824'], 'ERT_PROCS_THREADS': ['1-4'], 'ERT_LDFLAGS': [], 'ERT_LDLIBS': [], 'ERT_RUN': ['export', 'OMP_NUM_THREADS=ERT_OPENMP_THREADS;', 'mpirun', '-np', 'ERT_MPI_PROCS', 'ERT_CODE'], 'ERT_FLOPS': ['1,2,4,8,16'], 'ERT_OPENMP_CFLAGS': ['-fopenmp'], 'ERT_MPI': ['True'], 'ERT_TRIALS_MIN': ['1'], 'ERT_DRIVER': ['driver1'], 'ERT_RESULTS': ['Results/myLaptop'], 'ERT_OPENMP': ['False'], 'ERT_MPI_PROCS': ['1,2,4,8'], 'ERT_KERNEL': ['kernel1'], 'ERT_GPU': [False], 'ERT_OPENMP_THREADS': ['1,2,4,8'], 'ERT_LD': ['mpicc'], 'ERT_NUM_EXPERIMENTS': ['3'], 'ERT_OPENMP_LDFLAGS': ['-fopenmp'], 'ERT_ALIGN': ['64'], 'ERT_GNUPLOT': ['gnuplot']}
MPI_PROCS      8
TIMESTAMP_DATA  1535277187.56
TIMESTAMP_DATA  1535277275.15
