64 16777216 284237.365 453629.647 500627.788 4.28958140054 4.73400198202 7.55524752349 0.536197675068 0.591750247752 0.944405940436
128 8388608 233575.431 269840.988 282026.881 7.61446440987 7.95833006659 9.19396204817 0.951808051233 0.994791258324 1.14924525602
192 4194304 150161.676 252113.627 282403.284 5.70323656718 6.38843982836 10.7258574818 0.712904570897 0.798554978545 1.34073218522
256 4194304 195743.373 322119.118 382297.733 5.61730678115 6.66673763834 10.9709136769 0.702163347644 0.833342204793 1.37136420961
320 2097152 115312.457 181438.44 182374.115 7.35947247777 7.39742515423 11.6394821073 0.919934059721 0.924678144279 1.45493526341
384 2097152 138757.155 192363.681 284126.231 5.66865202953 8.37274857513 11.6074211524 0.708581503691 1.04659357189 1.45092764406
448 2097152 172515.929 173082.922 382945.745 4.90682614061 10.8563466013 10.8920272052 0.613353267576 1.35704332516 1.36150340065
512 2097152 190707.812 246014.698 363767.869 5.90344511159 8.72908678001 11.2605961207 0.737930638948 1.0911358475 1.40757451509
576 1048576 108239.516 117094.083 199265.466 6.06206171219 10.3161451121 11.1600605457 0.757757714024 1.28951813902 1.39500756822
640 1048576 112391.978 207370.851 225884.376 5.94187744973 6.47235266445 11.9419313005 0.742734681216 0.809044083057 1.49274141256
704 1048576 124484.276 128391.453 298820.96 4.94073443844 11.4991689361 11.8600923381 0.617591804805 1.43739611701 1.48251154226
768 1048576 142463.089 142802.753 272742.125 5.90525844147 11.2785832357 11.3054739112 0.738157305183 1.40982290446 1.4131842389
832 1048576 148716.464 159949.694 339615.11 5.13767029977 10.9086202066 11.732597838 0.642208787471 1.36357752582 1.46657472975
896 1048576 199109.575 220055.234 250394.868 7.50433987329 8.538984317 9.43725680696 0.938042484161 1.06737303963 1.17965710087
960 1048576 186895.561 198250.116 297684.818 6.76307892867 10.1551815485 10.7721441281 0.845384866083 1.26939769357 1.34651801602
1024 1048576 197934.806 234071.949 308764.151 6.9550938509 9.17445963591 10.8494493283 0.869386731363 1.14680745449 1.35618116604
1088 524288 102315.188 105006.594 125611.443 9.08237864921 10.8645623531 11.1503551946 1.13529733115 1.35807029414 1.39379439932
1152 524288 110169.097 124877.504 147747.794 8.17582123764 9.67315579914 10.9645951986 1.02197765471 1.20914447489 1.37057439982
1216 524288 118204.576 160466.687 196933.587 6.47461124039 7.94600075466 10.7869632391 0.809326405048 0.993250094333 1.34837040488
1280 524288 118482.994 192007.362 262378.461 5.11542477566 6.9902386347 11.3280162383 0.639428096958 0.873779829338 1.41600202979
1408 524288 134853.086 135369.402 273724.043 5.39373520798 10.9064159713 10.9481736888 0.674216900998 1.36330199641 1.3685217111
1536 524288 137337.796 168618.731 240941.557 6.68466144261 9.5518020237 11.7273815578 0.835582680326 1.19397525296 1.46592269473
1664 524288 151460.512 184138.461 328093.189 5.31809413453 9.47564378742 11.5200354268 0.664761766816 1.18445547343 1.44000442835
1792 524288 155005.524 208968.672 382282.53 4.91533890393 8.99200906057 12.1224595325 0.614417362991 1.12400113257 1.51530744156
1920 524288 167272.227 241253.244 416281.878 4.83630450038 8.34503149728 12.035864866 0.604538062548 1.04312893716 1.50448310824
2112 262144 94015.892 105098.725 268913.882 4.11766119237 10.5357724939 11.7777562117 0.514707649046 1.31697156174 1.47221952646
2304 262144 106780.215 120033.316 177172.365 6.81799078541 10.0635356271 11.3125783836 0.852248848177 1.25794195338 1.41407229794
2496 262144 108955.538 126023.793 137699.953 9.50343714351 10.383934786 12.0106134302 1.18792964294 1.29799184825 1.50132667878
2688 262144 114846.927 127558.731 164846.99 8.54905597002 11.0481354977 12.2709956706 1.06863199625 1.38101693721 1.53387445883
2944 262144 130860.983 135233.751 191139.678 8.07526667488 11.4135994941 11.7949891298 1.00940833436 1.42669993676 1.47437364123
3200 262144 146075.605 163540.414 183024.648 9.16664295401 10.2587584253 11.4852962615 1.14583036925 1.28234480316 1.43566203269
3520 262144 156275.612 156437.203 196975.892 9.3691351833 11.7970260565 11.8092243337 1.17114189791 1.47462825706 1.47615304172
3840 262144 165137.241 172579.689 227567.319 8.84690266092 11.6657176268 12.1914712139 1.10586283262 1.45821470335 1.52393390174
4224 131072 94898.688 96644.679 150649.593 7.35014435784 11.4573949384 11.668193516 0.91876804473 1.4321743673 1.4585241895
4608 131072 101401.754 152191.028 175015.999 6.90199501132 7.93712722671 11.9126100324 0.862749376416 0.992140903339 1.48907625405
5056 131072 113381.494 116370.475 230536.325 5.74920270808 11.3894874452 11.6897389269 0.71865033851 1.42368593065 1.46121736586
5504 131072 127256.876 215005.839 265915.068 5.4259451593 6.71070414976 11.3380166271 0.678243144913 0.83883801872 1.41725207839
6016 131072 137165.656 193572.977 300398.144 5.2498936345 8.14709949933 11.4974721077 0.656236704312 1.01838743742 1.43718401347
6592 131072 154257.503 189113.504 349826.853 4.93973871125 9.13765125943 11.2023934939 0.617467338907 1.14220640743 1.40029918674
7232 131072 171035.557 271451.544 288796.705 6.56456730696 6.98402882542 11.0843934516 0.82057091337 0.873003603177 1.38554918145
7936 131072 263081.573 329655.848 406695.429 5.1153139073 6.31074739496 7.90771759602 0.639414238413 0.78884342437 0.988464699502
8704 65536 128296.527 136456.663 206820.277 5.51614524721 8.3605348608 8.89229595436 0.689518155901 1.0450668576 1.11153699429
9536 65536 141868.124 234307.522 284205.081 4.39788967742 5.33445354776 8.81031310458 0.549736209677 0.66680669347 1.10128913807
10432 65536 126387.611 140586.061 276949.438 4.93715789378 9.72602187069 10.8186482297 0.617144736723 1.21575273384 1.35233102871
11456 65536 166738.567 172283.869 298950.782 5.02276937345 8.71562056689 9.00548000991 0.627846171682 1.08945257086 1.12568500124
12544 65536 213900.815 225618.706 319826.74 5.14080582505 7.28737079097 7.68658673881 0.642600728132 0.910921348871 0.960823342351
13760 65536 155867.746 286385.95 329708.749 5.47013303551 6.29762291062 11.5710322776 0.683766629438 0.787202863828 1.4463790347
15104 65536 204904.637 310726.005 386711.475 5.11935025461 6.37124494295 9.66162365569 0.639918781826 0.796405617869 1.20770295696
16576 32768 97562.012 146847.323 236444.305 4.5944212359 7.39764752811 11.13471026 0.574302654488 0.924705941013 1.3918387825
18176 32768 159618.202 168414.209 253681.443 4.69558325557 7.07293252198 7.46269736831 0.586947906946 0.884116565248 0.932837171039
19968 32768 206370.33 237235.695 256921.813 5.09346727987 5.51612963639 6.34113851541 0.636683409984 0.689516204549 0.792642314426
21952 32768 144865.86 192084.83 301321.896 4.7744498196 7.48964023864 9.93088552403 0.596806227451 0.93620502983 1.2413606905
24128 32768 143733.846 273536.062 336272.725 4.70229218858 5.78078296674 11.0012544157 0.587786523572 0.722597870843 1.37515680197
26496 32768 126641.835 253366.001 268446.765 6.46847748752 6.85349198056 13.7114394781 0.80855968594 0.85668649757 1.71392993476
29120 32768 141154.02 275929.212 393459.285 4.85033240479 6.91629677832 13.5200422914 0.606291550598 0.86453709729 1.69000528642
32000 32768 159923.293 233335.258 319370.635 6.56651479558 8.98772014986 13.1134868515 0.820814349447 1.12346501873 1.63918585643
35200 16384 88308.965 103809.065 159072.834 7.25097787596 11.1111067227 13.0613420733 0.906372234495 1.38888834034 1.63266775916
38720 16384 106352.482 109375.653 293403.725 4.32433828166 11.6001772351 11.9299233656 0.540542285208 1.45002215438 1.4912404207
42560 16384 114646.449 132446.626 142332.27 9.79824238031 10.529570455 12.1644071157 1.22478029754 1.31619630688 1.52055088946
46784 16384 119491.254 126603.449 229737.274 6.67291852693 12.1088179201 12.8295424199 0.834114815866 1.51360224001 1.60369280249
51456 16384 131823.441 147320.061 173721.121 9.70584462208 11.4452179598 12.7906705758 1.21323057776 1.43065224498 1.59883382198
56576 16384 156083.95 156531.385 203163.253 9.12508704515 11.8435185889 11.8774695797 1.14063588064 1.48043982362 1.48468369746
62208 16384 178278.237 181228.362 282601.537 7.21309503706 11.24786276 11.4339909251 0.901636879632 1.405982845 1.42924886564
68416 8192 82759.691 94424.244 156380.824 7.16793603799 11.8711857942 13.5443684051 0.895992004749 1.48389822427 1.69304605064
75200 8192 102509.216 107204.612 179836.165 6.8511069506 11.4927592854 12.0191807925 0.856388368824 1.43659491067 1.50239759906
82688 8192 114471.462 122319.868 265316.638 5.10620141357 11.07555309 11.834916479 0.638275176697 1.38444413625 1.47936455988
90944 8192 123274.681 126424.849 261332.534 5.70164943948 11.7858673179 12.0870440216 0.712706179935 1.47323341474 1.5108805027
100032 8192 135834.466 143776.109 144695.942 11.3266776203 11.3991420369 12.0655996689 1.41583470254 1.42489275461 1.50819995862
110016 8192 150778.031 178183.825 183382.745 9.82918073344 10.1159695275 11.9546735824 1.22864759168 1.26449619094 1.4943341978
120960 8192 166139.96 172316.283 193134.522 10.2612863794 11.5009945984 11.9285489174 1.28266079743 1.4376243248 1.49106861468
133056 4096 99483.404 106731.444 135641.816 8.03583131031 10.2124988771 10.9565486119 1.00447891379 1.27656235964 1.36956857648
146304 4096 103093.106 103880.019 123144.779 9.73262835609 11.5375640045 11.6256306023 1.21657854451 1.44219550056 1.45320382529
160896 4096 120744.794 123080.969 135703.402 9.7128002141 10.7088857255 10.9160816656 1.21410002676 1.33861071568 1.3645102082
176960 4096 134669.304 143063.995 242806.08 5.97042841761 10.1329221234 10.7645638385 0.746303552201 1.26661526543 1.34557047982
194624 4096 134799.67 162229.495 264218.828 6.03423995204 9.82780478975 11.8276239697 0.754279994006 1.22847559872 1.47845299621
214080 4096 156309.679 177883.944 269063.893 6.51794389967 9.85891880158 11.2196721996 0.814742987458 1.2323648502 1.40245902495
235456 4096 160091.223 190683.574 318697.48 6.05230876629 10.1154782845 12.0484778357 0.756538595787 1.26443478556 1.50605972946
258944 4096 173572.062 208390.007 229963.763 9.22436309237 10.1793232724 12.2212597094 1.15304538655 1.27241540906 1.52765746368
284800 2048 94452.121 118088.764 176298.576 6.61684754618 9.87850800098 12.3506045989 0.827105943272 1.23481350012 1.54382557486
313280 2048 106958.848 128231.983 197490.632 6.49749746104 10.0068239606 11.9970895722 0.812187182631 1.25085299508 1.49963619653
344576 2048 122361.44 127386.014 192868.77 7.31784257244 11.0795781396 11.534543039 0.914730321555 1.38494726744 1.44181787988
379008 2048 123076.886 127381.752 177791.993 8.73164613212 12.187120554 12.6133900398 1.09145576651 1.52339006925 1.57667375497
416896 2048 133782.407 141680.027 185324.768 9.2141273637 12.0525528697 12.7640551123 1.15176592046 1.50656910871 1.59550688903
458560 2048 161230.826 162633.815 234641.757 8.00480606698 11.5490235533 11.649520173 1.00060075837 1.44362794416 1.45619002163
504384 2048 173139.947 187345.358 214276.022 9.64156812655 11.0275316456 11.9322946541 1.20519601582 1.3784414557 1.49153683176
554816 1024 92600.747 97626.947 113117.327 10.0449966255 11.6388272185 12.2705615755 1.25562457819 1.45485340231 1.53382019694
610240 1024 113695.426 115203.079 116381.772 10.7385503634 10.8484211607 10.9922761537 1.34231879542 1.35605264509 1.37403451921
671232 1024 113457.449 116889.66 132455.568 10.3784473296 11.7605195874 12.116288072 1.2973059162 1.47006494843 1.514536009
738304 1024 123004.814 135113.481 198794.162 7.606091531 11.1909380234 12.292580614 0.950761441375 1.39886725293 1.53657257674
812096 1024 137504.249 145255.401 153790.88 10.8145073882 11.4499880662 12.0954270148 1.35181342353 1.43124850827 1.51192837685
893248 1024 159663.652 163049.567 185123.266 9.88191243342 11.2197286853 11.4576604073 1.23523905418 1.40246608567 1.43220755091
982528 1024 179722.328 180443.424 208125.947 9.66826757069 11.1515138618 11.1962568391 1.20853344634 1.39393923272 1.39953210488
1080768 512 100974.233 117503.583 134915.836 8.20293943848 9.41849094083 10.9602856008 1.02536742981 1.1773113676 1.3700357001
1188800 512 106726.042 109078.846 127491.306 9.54834677119 11.160103399 11.4061308486 1.1935433464 1.39501292487 1.42576635607
1307648 512 107188.061 118930.883 133421.893 10.0360707069 11.2589053257 12.4923572598 1.25450883837 1.40736316571 1.56154465748
1438400 512 118067.423 141296.294 154614.333 9.52642340086 10.4243470108 12.4752583107 1.19080292511 1.30304337635 1.55940728883
1582208 512 126490.813 142604.024 168401.863 9.62092083269 11.3613974315 12.8086851019 1.20261510409 1.42017467894 1.60108563774
1740416 512 149761.799 180359.31 261984.723 6.80263323598 9.88130850578 11.9001373908 0.850329154498 1.23516356322 1.48751717386
1914432 512 243919.45 322713.824 371906.908 5.27115341455 6.07466498863 8.03699076888 0.658894176819 0.759333123579 1.00462384611
2105856 256 84418.688 109380.159 110766.777 9.73395002727 9.85734782119 12.7720330361 1.21674375341 1.23216847765 1.59650412951
2316416 256 100795.085 108768.561 162636.162 7.29238182588 10.9039319919 11.7664962731 0.911547728235 1.36299149899 1.47081203414
2548032 256 108565.002 115288.98 163751.141 7.96692087782 11.3158463541 12.0166937776 0.995865109728 1.41448079426 1.5020867222
2802816 256 120284.662 133818.746 206207.741 6.95920427158 10.7237725274 11.9303805501 0.869900533947 1.34047156592 1.49129756876
3083072 256 138091.006 147203.731 237293.86 6.65222801804 10.7234568939 11.4311055421 0.831528502255 1.34043211174 1.42888819276
3391360 256 154233.95 163842.138 225102.772 7.71370474283 10.5978617051 11.2580681491 0.964213092853 1.32473271314 1.40725851863
3730496 256 190985.273 212020.362 254238.03 7.51269962248 9.00863451974 10.0008441593 0.939087452809 1.12607931497 1.25010551992
4103488 256 186877.007 204656.927 307965.205 6.82215335333 10.2658917379 11.2426129342 0.852769169166 1.28323646724 1.40532661677
4513792 128 99719.443 105851.187 197661.379 5.84601178969 10.9165592257 11.5878179544 0.730751473711 1.36456990322 1.4484772443
4965120 128 119730.13 121703.045 253763.577 5.00887769248 10.4440338366 10.6161307935 0.62610971156 1.30550422958 1.32701634918
5461632 128 133962.043 134163.68 145847.077 9.5866013962 10.4214329243 10.4371190577 1.19832517453 1.30267911554 1.30463988221
6007744 128 135428.483 149663.877 184852.079 8.32007122841 10.2762436389 11.3564180144 1.04000890355 1.28453045487 1.4195522518
6608512 128 156488.017 160552.619 180126.233 9.39218593441 10.5372250078 10.8109176947 1.1740232418 1.31715312598 1.35136471184
7269312 128 157504.653 190792.765 316652.766 5.8769228373 9.75374444623 11.8151675938 0.734615354663 1.21921805578 1.47689594923
7996224 128 192465.633 215141.706 526858.01 3.88536058131 9.51481412907 10.6358382642 0.485670072663 1.18935176613 1.32947978302
8795840 64 87361.357 112425.558 132983.685 8.46620786603 10.014337843 12.887477469 1.05827598325 1.25179223038 1.61093468363
9675392 64 146252.49 185015.698 321038.602 3.85763633496 6.69375728323 8.46789122018 0.48220454187 0.836719660404 1.05848640252
10642880 64 134430.679 166545.142 242623.928 5.61481569946 8.17969604901 10.1337629932 0.701851962433 1.02246200613 1.26672037415
11707136 64 159788.371 170589.216 189632.84 7.90218301851 8.78433844259 9.3781130543 0.987772877314 1.09804230532 1.17226413179
12877824 64 132234.942 186548.933 283123.82 5.82205153915 8.83608094397 12.4654001966 0.727756442393 1.104510118 1.55817502457
14165568 64 158895.102 204711.713 534330.41 3.39339230945 8.85729828268 11.4112561129 0.424174038681 1.10716228534 1.42640701411
15582080 64 168291.697 206990.706 211577.471 9.42683656522 9.63572847565 11.8514833207 1.17835457065 1.20446605946 1.48143541508
17140288 32 114383.824 132914.178 179900.626 6.09769102193 8.25328379942 9.59032836671 0.762211377741 1.03166047493 1.19879104584
18854272 32 95617.554 101420.743 115178.222 10.4765761013 11.8976983633 12.619789542 1.30957201267 1.48721229542 1.57747369275
20739648 32 117783.762 151549.601 307682.199 4.31398851254 8.7584359394 11.269273875 0.539248564068 1.09480449242 1.40865923437
22813568 32 114512.243 143405.908 230294.9 6.33999429427 10.1813682042 12.7503253255 0.792499286784 1.27267102552 1.59379066568
25094912 32 141531.567 161165.33 312996.48 5.13128571925 9.96538379563 11.3478173247 0.641410714906 1.24567297445 1.41847716559
27604352 32 160440.516 193480.275 338803.845 5.2144583188 9.13105239281 11.0114238725 0.651807289849 1.1413815491 1.37642798406
30364736 32 217838.52 234812.259 236261.12 8.22540375666 8.27615692756 8.92102601505 1.02817546958 1.03451961595 1.11512825188
33401152 32 202168.93 269145.464 295937.406 7.22339820739 7.94244753833 10.5737005582 0.902924775924 0.992805942291 1.32171256978
36741248 16 116334.972 117786.642 191376.052 6.14350606418 9.98177650739 10.1063327372 0.767938258022 1.24772206342 1.26329159214
40415360 16 165008.648 204044.796 219938.991 5.88022848573 6.33827250365 7.83771963273 0.735028560716 0.792284062956 0.979714954091
44456896 16 132448.826 133185.598 143029.521 9.94634297908 10.6814902915 10.7409081301 1.24329287239 1.33518628643 1.34261351626
48902528 16 128803.707 160067.772 176216.141 8.88046286293 9.77636457637 12.1493467265 1.11005785787 1.22204557205 1.51866834081
53792768 16 149532.05 166536.505 201781.901 8.53083734205 10.3362837835 11.5117031834 1.06635466776 1.29203547294 1.43896289792
59172032 16 173780.793 182671.789 186772.467 10.1380308052 10.3656127438 10.895939599 1.26725385064 1.29570159298 1.36199244988
65089216 16 200082.512 213511.535 227917.648 9.1386293702 9.75523365517 10.4099798187 1.14232867128 1.2194042069 1.30124747734
71598080 8 103653.007 108133.531 113902.007 10.0574986356 10.5940245307 11.0519637891 1.25718732946 1.32425306633 1.38149547364
78757888 8 115716.558 125215.667 126683.491 9.94704359702 10.0636464924 10.8897657326 1.24338044963 1.25795581155 1.36122071657
86633664 8 132323.339 132462.3 148556.661 9.33070664533 10.4644009956 10.4753903164 1.16633833067 1.30805012445 1.30942378956
95297024 8 127660.762 146443.476 163585.175 9.32084697773 10.4118833126 11.9437825696 1.16510587222 1.30148541407 1.4929728212
104826688 8 153062.224 155764.518 160491.676 10.4505545073 10.7677090363 10.957811563 1.30631931341 1.34596362953 1.36972644537
115309312 8 162185.413 168030.88 197853.023 9.32484611064 10.9798210424 11.3755544218 1.16560576383 1.3724776303 1.42194430272
126840192 8 173537.842 183571.968 211927.633 9.57611352173 11.0552994235 11.6945275371 1.19701419022 1.38191242794 1.46181594214
139524160 4 95271.997 95825.893 127995.34 8.72057748352 11.6481385673 11.7158589633 1.09007218544 1.45601732091 1.46448237041
153476544 4 112629.332 119518.647 127515.118 9.62875909349 10.2729773372 10.9013551816 1.20359488669 1.28412216715 1.3626693977
168824192 4 109353.479 127189.913 129330.708 10.4429455068 10.6187157782 12.3507139265 1.30536818835 1.32733947227 1.54383924082
185706560 4 129708.151 147330.604 166458.108 8.92508330084 10.0838009189 11.4538097147 1.1156354126 1.26047511486 1.43172621434
204277184 4 152700.676 168009.887 192919.117 8.47099809191 9.726912512 10.7020971669 1.05887476149 1.215864064 1.33776214586
224704896 4 163632.033 169978.609 234728.795 7.65836661838 10.5756787785 10.9858634342 0.957295827297 1.32195984731 1.37323292928
247175360 4 170783.523 185983.521 206201.215 9.5896761811 10.6321402529 11.5784171989 1.19870952264 1.32901753161 1.44730214987
271892864 2 91899.394 99339.347 112791.783 9.64229332202 10.9480431354 11.834370268 1.20528666525 1.36850539193 1.4792962835
299082112 2 97350.773 109109.945 129957.622 9.20552738338 10.9644308592 12.2888438492 1.15069092292 1.3705538574 1.53610548116
328990272 2 109026.884 124536.052 137784.162 9.550887917 10.5669086732 12.0700605183 1.19386098963 1.32086358415 1.50875756479
361889280 2 131296.928 132035.108 145617.05 9.940849097 10.9634258791 11.0250646535 1.24260613712 1.37042823489 1.37813308168
398078208 2 150187.676 166790.928 168649.922 9.44152723652 9.54675923381 10.602153748 1.18019090457 1.19334490423 1.32526921849
437886016 2 154086.543 166283.874 194807.187 8.99116757946 10.5334571649 11.3672747139 1.12389594743 1.31668214562 1.42090933924
481674560 2 200381.619 250391.129 328976.026 5.85665242366 7.69475439364 9.61514459068 0.732081552958 0.961844299204 1.20189307384
529841984 2 193987.26 215875.894 234171.433 9.05049735934 9.81752939955 10.9252944549 1.13131216992 1.22719117494 1.36566180686
582826176 1 104077.687 119713.365 126066.471 9.24633126281 9.73702770781 11.1998295273 1.15579140785 1.21712846348 1.39997869092
641108736 1 114402.404 147439.935 187602.445 6.83475885402 8.69654121863 11.2079591614 0.854344856753 1.08706765233 1.40099489518
705219584 1 127835.537 146510.665 159680.029 8.83290901707 9.62687028961 11.0332322381 1.10411362713 1.2033587862 1.37915402976
775741504 1 142900.355 167810.225 176176.158 8.80643002784 9.24546169937 10.857096947 1.10080375348 1.15568271242 1.35713711838
853315648 1 156780.465 160000.129 188790.815 9.03980045851 10.6664370002 10.8854843363 1.12997505731 1.33330462502 1.36068554204
938647168 1 192655.823 197871.439 279309.176 6.72120537852 9.48744470393 9.74429065661 0.840150672314 1.18593058799 1.21803633208
1032511872 1 202011.635 230120.639 230135.935 8.97306083033 8.97365726505 10.2223010274 1.12163260379 1.12170715813 1.27778762842

META_DATA
ERT_VERSION  1.1.0
TIMESTAMP_DATA  1535256531.43
FLOPS          2
HOSTNAME  ('atajo-Inspiron-15-7568', [], ['127.0.1.1'])
UNAME  ('Linux', 'atajo-Inspiron-15-7568', '4.15.0-33-generic', '#36-Ubuntu SMP Wed Aug 15 16:00:05 UTC 2018', 'x86_64', 'x86_64')
TIMESTAMP_DATA  1535256467.87
MPI_PROCS      8
CONFIG  {'ERT_WORKING_SET_MIN': ['1'], 'ERT_CFLAGS': [], 'ERT_CC': ['mpicc'], 'ERT_MPI_CFLAGS': ['-I/usr/include/mpi'], 'ERT_MPI_LDFLAGS': ['-lmpi'], 'ERT_MEMORY_MAX': ['1073741824'], 'ERT_PROCS_THREADS': ['1-4'], 'ERT_LDFLAGS': [], 'ERT_LDLIBS': [], 'ERT_RUN': ['export', 'OMP_NUM_THREADS=ERT_OPENMP_THREADS;', 'mpirun', '-np', 'ERT_MPI_PROCS', 'ERT_CODE'], 'ERT_FLOPS': ['1,2,4,8,16,32'], 'ERT_OPENMP_CFLAGS': ['-fopenmp'], 'ERT_MPI': ['True'], 'ERT_TRIALS_MIN': ['1'], 'ERT_DRIVER': ['driver1'], 'ERT_RESULTS': ['Results/myLaptop'], 'ERT_OPENMP': ['False'], 'ERT_MPI_PROCS': ['1,2,4,8'], 'ERT_KERNEL': ['kernel1'], 'ERT_GPU': [False], 'ERT_OPENMP_THREADS': ['1,2,4,8'], 'ERT_LD': ['mpicc'], 'ERT_NUM_EXPERIMENTS': ['3'], 'ERT_OPENMP_LDFLAGS': ['-fopenmp'], 'ERT_ALIGN': ['64'], 'ERT_GNUPLOT': ['gnuplot']}
TIMESTAMP_DATA  1535256588.83
