64 16777216 363777.695 391068.901 404310.998 5.31146483431 5.49131787905 5.90328565362 1.32786620858 1.37282946976 1.4758214134
128 8388608 300908.432 311154.599 311791.636 6.88756015251 6.90166127996 7.13666823401 1.72189003813 1.72541531999 1.7841670585
192 4194304 209685.026 225547.851 255878.268 6.2944491089 7.14089151752 7.68110516389 1.57361227723 1.78522287938 1.92027629097
256 4194304 271142.825 279987.999 288739.413 7.43744550038 7.6699131951 7.92011976714 1.8593613751 1.91747829878 1.98002994178
320 2097152 158790.596 175271.765 179163.17 7.49136823154 7.65769249828 8.45249853461 1.87284205788 1.91442312457 2.11312463365
384 2097152 202576.648 204826.954 205192.779 7.84926615766 7.8632851026 7.95063375715 1.96231653941 1.96582127565 1.98765843929
448 2097152 230764.812 244366.204 266711.002 7.04525939279 7.68947653662 8.14269808172 1.7613148482 1.92236913415 2.03567452043
512 2097152 267153.225 285055.593 306400.714 7.00874230992 7.5335608237 8.03839687131 1.75218557748 1.88339020592 2.00959921783
576 1048576 140859.703 149558.719 159753.64 7.56138985002 8.07682467513 8.57562188669 1.89034746251 2.01920616878 2.14390547167
640 1048576 157902.154 158204.478 168292.058 7.97528591634 8.4838134607 8.50005681366 1.99382147909 2.12095336518 2.12501420342
704 1048576 173243.629 181666.529 193661.283 7.62359406655 8.12695115675 8.52207389398 1.90589851664 2.03173778919 2.1305184735
768 1048576 188357.12 190529.76 201229.137 8.00387438922 8.45333944681 8.55084605243 2.00096859731 2.1133348617 2.13771151311
832 1048576 209166.332 214369.231 225147.688 7.74971521804 8.13936988933 8.34183229833 1.93742880451 2.03484247233 2.08545807458
896 1048576 229369.329 233307.954 239791.669 7.83616962106 8.05393969552 8.19223825693 1.95904240526 2.01348492388 2.04805956423
960 1048576 251737.376 251786.581 260367.948 7.73238770542 7.99592222907 7.99748512513 1.93309692635 1.99898055727 1.99937128128
1024 1048576 251369.478 276020.541 301460.225 7.12360527164 7.78015882521 8.54313604454 1.78090131791 1.9450397063 2.13578401114
1088 524288 126571.499 128375.373 144729.177 7.88265857409 8.88683445539 9.01348800491 1.97066464352 2.22170861385 2.25337200123
1152 524288 139932.827 144621.797 150546.019 8.02385582843 8.35254143606 8.63242441318 2.00596395711 2.08813535902 2.15810610329
1216 524288 158111.665 172557.946 172785.379 7.37949254375 7.38921878451 8.06435386029 1.84487313594 1.84730469613 2.01608846507
1280 524288 163629.41 169638.418 182491.637 7.35473308292 7.91198889865 8.2025430514 1.83868327073 1.97799722466 2.05063576285
1408 524288 170385.734 176656.91 180163.65 8.19474410071 8.35741442551 8.66501539384 2.04868602518 2.08935360638 2.16625384846
1536 524288 188423.347 191233.15 204235.05 7.88607408963 8.42224654041 8.54784060279 1.97151852241 2.1055616351 2.1369601507
1664 524288 203656.703 225356.564 227276.883 7.67711366404 7.7425322477 8.56750815612 1.91927841601 1.93563306192 2.14187703903
1792 524288 218706.761 220169.664 225918.938 8.31735581193 8.53454630335 8.59163284852 2.07933895298 2.13363657584 2.14790821213
1920 524288 235110.846 243496.31 262824.617 7.66011168581 8.26815782136 8.56304995815 1.91502792145 2.06703945534 2.14076248954
2112 262144 126772.175 130557.315 139697.824 7.92636724248 8.48130383196 8.73453702281 1.98159181062 2.12032595799 2.1836342557
2304 262144 135179.052 150568.721 178373.156 6.77209272454 8.02264603151 8.93599662173 1.69302318113 2.00566150788 2.23399915543
2496 262144 144609.925 164457.349 167720.201 7.8024164066 7.95721721138 9.04932941498 1.95060410165 1.98930430284 2.26233235374
2688 262144 171295.768 176826.554 183011.453 7.70053524464 7.96987846068 8.22720934939 1.92513381116 1.99246961517 2.05680233735
2944 262144 176025.68 197725.383 197918.064 7.79870134542 7.80630108578 8.76862894096 1.94967533636 1.95157527145 2.19215723524
3200 262144 190596.32 201781.741 210924.95 7.95411638121 8.31453624934 8.80248684759 1.9885290953 2.07863406234 2.2006217119
3520 262144 220745.68 221563.219 229583.044 8.03845844992 8.32942294452 8.36027124064 2.00961461248 2.08235573613 2.09006781016
3840 262144 242248.508 243921.247 249211.165 8.07855426542 8.25375380276 8.31074641748 2.01963856635 2.06343845069 2.07768660437
4224 131072 123287.028 141978.877 142115.532 7.79152173177 7.79902108959 8.98144982455 1.94788043294 1.9497552724 2.24536245614
4608 131072 146215.505 153951.455 157312.367 7.67873228937 7.84636658354 8.26150107678 1.91968307234 1.96159164589 2.0653752692
5056 131072 159925.976 160569.14 161788.073 8.19219884027 8.25438850828 8.28758465104 2.04804971007 2.06359712707 2.07189616276
5504 131072 164786.921 173490.665 192593.53 7.49163575744 8.31653147447 8.75579546753 1.87290893936 2.07913286862 2.18894886688
6016 131072 189917.186 191142.414 201320.353 7.83357609153 8.25069784878 8.30392623867 1.95839402288 2.06267446219 2.07598155967
6592 131072 208328.164 209664.558 220817.505 7.82570769469 8.24199027477 8.29486140914 1.95642692367 2.06049756869 2.07371535228
7232 131072 219326.937 228951.242 244807.25 7.74415548559 8.28047662655 8.6438329643 1.9360388714 2.07011915664 2.16095824108
7936 131072 248047.916 250204.973 250559.491 8.30291750553 8.31468199475 8.38698755284 2.07572937638 2.07867049869 2.09674688821
8704 65536 128355.774 146720.33 148057.314 7.70546660059 7.77568240202 8.88819141085 1.92636665015 1.94392060051 2.22204785271
9536 65536 142265.933 151131.723 152043.0 8.22071777063 8.27028612649 8.78567739755 2.05517944266 2.06757153162 2.19641934939
10432 65536 157077.418 159045.461 174359.909 7.84207282421 8.59718407179 8.70489928731 1.96051820605 2.14929601795 2.17622482183
11456 65536 167526.065 185888.42 190262.857 7.89203345138 8.07775348244 8.96314750782 1.97300836285 2.01943837061 2.24078687696
12544 65536 197361.844 211336.174 279139.491 5.89012741304 7.77986625233 8.33072459538 1.47253185326 1.94496656308 2.08268114884
13760 65536 203678.798 208547.995 219981.985 8.19862917411 8.6481326277 8.85487707955 2.04965729353 2.16203315692 2.21371926989
15104 65536 228960.468 230225.573 232338.852 8.52079396519 8.59900775662 8.6465209706 2.1301984913 2.14975193916 2.16163024265
16576 32768 119284.116 137114.444 143262.694 7.58274681055 7.92275929734 9.10703597787 1.89568670264 1.98068982433 2.27675899447
18176 32768 141709.354 142388.47 143623.416 8.2937891966 8.36572185936 8.40581304181 2.07344729915 2.09143046484 2.10145326045
19968 32768 145237.573 147323.159 152162.458 8.60016895889 8.88266893598 9.01022249938 2.15004223972 2.220667234 2.25255562485
21952 32768 163456.832 164403.596 167130.432 8.60792528796 8.75069832414 8.80138354817 2.15198132199 2.18767458104 2.20034588704
24128 32768 182555.791 183740.742 188823.151 8.37425177806 8.60588996642 8.66174991951 2.09356294451 2.1514724916 2.16543747988
26496 32768 213414.289 214231.394 215946.795 8.04106333692 8.10545001635 8.13648356976 2.01026583423 2.02636250409 2.03412089244
29120 32768 215685.164 220423.128 243249.34 7.84548200624 8.65793139457 8.84812049474 1.96137050156 2.16448284864 2.21203012369
32000 32768 248723.872 249973.82 268314.273 7.81602848239 8.38948654703 8.43164744557 1.9540071206 2.09737163676 2.10791186139
35200 16384 138441.683 138892.642 145779.536 7.91217774215 8.30449751255 8.33154852647 1.97804443554 2.07612437814 2.08288713162
38720 16384 138891.64 150731.457 150767.663 8.4154448955 8.41746630234 9.13501316566 2.10386122388 2.10436657558 2.28375329141
42560 16384 156563.308 163792.949 174735.597 7.98123624461 8.51444514867 8.9076176137 1.99530906115 2.12861128717 2.22690440343
46784 16384 176914.24 190431.232 191502.096 8.00522889316 8.05024520348 8.66531779466 2.00130722329 2.01256130087 2.16632944866
51456 16384 192330.45 209199.325 211242.03 7.98188792259 8.0598262351 8.76673562611 1.99547198065 2.01495655877 2.19168390653
56576 16384 212861.023 223075.32 235491.216 7.87240560174 8.31056688835 8.70935571892 1.96810140044 2.07764172209 2.17733892973
62208 16384 231201.318 249141.442 251824.6 8.09464898981 8.18182526213 8.81669603631 2.02366224745 2.04545631553 2.20417400908
68416 8192 123982.582 138887.178 139246.138 8.04997366606 8.07077917589 9.0410098412 2.01249341651 2.01769479397 2.2602524603
75200 8192 147292.01 153556.199 154475.069 7.97589415545 8.02362137135 8.36485835179 1.99397353886 2.00590534284 2.09121458795
82688 8192 151944.945 169462.141 172418.463 7.85739629288 7.99447111907 8.91612545584 1.96434907322 1.99861777977 2.22903136396
90944 8192 166402.152 174752.552 176687.606 8.4331127108 8.52649348434 8.95437034973 2.1082781777 2.13162337109 2.23859258743
100032 8192 185287.937 197709.891 198859.365 8.24162486891 8.28954120459 8.8452832631 2.06040621723 2.07238530115 2.21132081577
110016 8192 222860.428 223044.962 226365.713 7.96278782732 8.08133986904 8.08803142028 1.99069695683 2.02033496726 2.02200785507
120960 8192 225808.656 229145.155 261991.629 7.56439679987 8.64870409326 8.77649544134 1.89109919997 2.16217602332 2.19412386034
133056 4096 122697.284 130168.517 130698.171 8.33978581077 8.3737202906 8.883609453 2.08494645269 2.09343007265 2.22090236325
146304 4096 147007.902 151250.153 151490.318 7.91154434041 7.92410681396 8.1527751345 1.9778860851 1.98102670349 2.03819378362
160896 4096 160861.728 164515.936 167673.033 7.86089455422 8.01174684986 8.19374532642 1.96522363856 2.00293671247 2.04843633161
176960 4096 176442.269 178698.384 181350.404 7.99367571301 8.11230794342 8.21603762078 1.99841892825 2.02807698586 2.0540094052
194624 4096 190242.685 190674.101 198748.543 8.02199494866 8.36170093179 8.38066287805 2.00549873717 2.09042523295 2.09516571951
214080 4096 197898.213 201214.841 216326.751 8.10691859372 8.71577539353 8.86184535684 2.02672964843 2.17894384838 2.21546133921
235456 4096 217702.241 235153.353 240961.853 8.00481706123 8.20254326546 8.86006291502 2.00120426531 2.05063581636 2.21501572875
258944 4096 242725.952 258758.067 260787.023 8.13410584468 8.1978864373 8.7393590612 2.03352646117 2.04947160932 2.1848397653
284800 2048 128706.549 139634.902 145800.049 8.00096301751 8.3542207807 9.0635698732 2.00024075438 2.08855519518 2.2658924683
313280 2048 143467.915 160225.039 161084.152 7.96599084434 8.00870380815 8.94412440579 1.99149771108 2.00217595204 2.23603110145
344576 2048 158699.036 175845.674 177539.893 7.94966850633 8.02626111803 8.89345853367 1.98741712658 2.00656527951 2.22336463342
379008 2048 176517.636 189170.179 192946.387 8.04584523264 8.20645609264 8.79468365416 2.01146130816 2.05161402316 2.19867091354
416896 2048 192308.039 206438.001 213134.258 8.01187961064 8.27176201924 8.87953527517 2.00296990266 2.06794050481 2.21988381879
458560 2048 214846.375 231977.224 234106.606 8.02310448258 8.09675073963 8.74234792186 2.00577612064 2.02418768491 2.18558698046
504384 2048 236729.29 238524.66 254886.253 8.10540717549 8.66139737501 8.72708596389 2.02635179387 2.16534934375 2.18177149097
554816 1024 127110.614 143437.242 163075.595 6.96770824598 7.92167467916 8.93916827433 1.7419270615 1.98041866979 2.23479206858
610240 1024 149209.328 149596.923 154416.788 8.0934951192 8.35425953246 8.37596105252 2.0233737798 2.08856488312 2.09399026313
671232 1024 156223.462 157110.572 165477.093 8.30739234705 8.74978124324 8.79946659997 2.07684808676 2.18744531081 2.19986664999
738304 1024 168921.712 173110.842 185979.675 8.13017117059 8.73455743459 8.95116781672 2.03254279265 2.18363935865 2.23779195418
812096 1024 188066.269 198476.348 206836.987 8.04098257339 8.37970178694 8.84354550576 2.01024564335 2.09492544673 2.21088637644
893248 1024 209334.376 210171.536 210336.773 8.69734701121 8.70418487116 8.73899422998 2.1743367528 2.17604621779 2.18474855749
982528 1024 227259.369 228789.72 240290.829 8.37409131415 8.79505138605 8.85427673611 2.09352282854 2.19876284651 2.21356918403
1080768 512 122063.095 124400.586 138057.263 8.01628547424 8.89631204792 9.066675165 2.00407136856 2.22407801198 2.26666879125
1188800 512 145616.389 152630.242 155845.97 7.81111760542 7.97568806842 8.35985020889 1.95277940135 1.99392201711 2.08996255222
1307648 512 150226.448 160862.426 169932.329 7.87979285566 8.3240790612 8.91342083785 1.96994821392 2.0810197653 2.22835520946
1438400 512 166475.199 176292.504 176480.669 8.34607896914 8.35498711845 8.84769388382 2.08651974228 2.08874677961 2.21192347095
1582208 512 182769.539 194348.709 204189.782 7.93468202047 8.33646387638 8.86461169003 1.98367050512 2.0841159691 2.21615292251
1740416 512 200368.99 205819.913 218327.326 8.16290849456 8.6589580086 8.89451997537 2.04072712364 2.16473950215 2.22362999384
1914432 512 221280.031 234655.376 239055.758 8.20050679557 8.35428704604 8.85926470247 2.05012669889 2.08857176151 2.21481617562
2105856 256 119954.545 120286.458 136337.026 7.90833058072 8.9635881705 8.98839032735 1.97708264518 2.24089704262 2.24709758184
2316416 256 141757.53 147048.666 149693.579 7.9228848687 8.06539103184 8.36643381131 1.98072121717 2.01634775796 2.09160845283
2548032 256 146177.952 155991.161 161793.352 8.06332502463 8.36324555595 8.92468642604 2.01583125616 2.09081138899 2.23117160651
2802816 256 160009.236 164509.251 166270.213 8.6307809806 8.72316774453 8.96849349371 2.15769524515 2.18079193613 2.24212337343
3083072 256 181752.519 188881.236 193858.607 8.14270198485 8.35727728931 8.68506732498 2.03567549621 2.08931932233 2.17126683125
3391360 256 196292.155 196518.69 213303.64 8.14039704151 8.83568031112 8.84587730977 2.03509926038 2.20892007778 2.21146932744
3730496 256 221198.45 229033.632 231359.432 8.25561307568 8.33944750961 8.63484329117 2.06390326892 2.0848618774 2.15871082279
4103488 256 251915.094 253698.73 256401.494 8.19412485951 8.28142047065 8.34005546329 2.04853121488 2.07035511766 2.08501386582
4513792 128 129142.605 141549.72 143585.896 8.04766195142 8.16342661787 8.94771134592 2.01191548786 2.04085665447 2.23692783648
4965120 128 144924.0 155954.632 160439.938 7.9224084467 8.15025949341 8.77060197069 1.98060211168 2.03756487335 2.19265049267
5461632 128 168054.871 174895.502 176906.535 7.90348300022 7.9943610671 8.31976951147 1.97587075005 1.99859026678 2.07994237787
6007744 128 185483.846 187841.818 191827.421 8.01753188352 8.18764682101 8.29173266118 2.00438297088 2.04691170525 2.0729331653
6608512 128 193451.581 210593.291 213673.965 7.91757232567 8.03339491 8.74523259647 1.97939308142 2.0083487275 2.18630814912
7269312 128 224998.45 226815.935 227683.936 8.17336481745 8.20464343477 8.27091863077 2.04334120436 2.05116085869 2.06772965769
7996224 128 241547.703 254645.388 255901.051 7.99931589183 8.03876072556 8.47465456544 1.99982897296 2.00969018139 2.11866364136
8795840 64 127383.472 127813.747 144044.223 7.81612408017 8.80865749128 8.83841131289 1.95403102004 2.20216437282 2.20960282822
9675392 64 149612.834 150310.193 158086.723 7.83399233344 8.23929602698 8.27770013367 1.95849808336 2.05982400675 2.06942503342
10642880 64 162360.985 163810.091 171835.875 7.92784766278 8.31626813515 8.39049258047 1.98196191569 2.07906703379 2.09762314512
11707136 64 177114.15 180426.303 185933.334 8.0594123483 8.30540438442 8.46072099829 2.01485308707 2.0763510961 2.11518024957
12877824 64 186261.905 205208.535 206754.162 7.97256730435 8.0326165381 8.84969726901 1.99314182609 2.00815413452 2.21242431725
14165568 64 213657.292 225975.068 244068.929 7.42901897193 8.02386174744 8.48645364278 1.85725474298 2.00596543686 2.1216134107
15582080 64 233819.703 235762.423 239079.516 8.34243883947 8.45981397129 8.53010338483 2.08560970987 2.11495349282 2.13252584621
17140288 32 133565.952 136228.676 143254.153 7.65756809857 8.05247811408 8.21300949511 1.91439202464 2.01311952852 2.05325237378
18854272 32 137074.934 140114.59 159679.404 7.55685065057 8.61204681111 8.80302016414 1.88921266264 2.15301170278 2.20075504103
20739648 32 150596.919 156442.752 165522.533 8.01907418853 8.48449324134 8.81384214773 2.00476854713 2.12112331033 2.20346053693
22813568 32 171160.321 173466.678 178428.756 8.18292064985 8.41699609881 8.53041372831 2.04573016246 2.1042490247 2.13260343208
25094912 32 186846.369 197875.583 210197.808 7.64077600657 8.11658691613 8.59569482991 1.91019400164 2.02914672903 2.14892370748
27604352 32 209024.951 215788.834 227067.338 7.78041678544 8.18707110675 8.45199828799 1.94510419636 2.04676777669 2.112999572
30364736 32 229471.036 230668.618 238432.021 8.15051223342 8.42482657957 8.46879474584 2.03762805836 2.10620664489 2.11719868646
33401152 32 254290.323 254701.436 265198.025 8.06066986359 8.39286091815 8.40642971695 2.0151674659 2.09821522954 2.10160742924
36741248 16 136790.493 142737.758 153779.19 7.64550740578 8.23692309921 8.59504129428 1.91137685145 2.0592307748 2.14876032357
40415360 16 145962.98 148233.573 166628.06 7.76154700475 8.72468695064 8.86040775545 1.94038675119 2.18117173766 2.21510193886
44456896 16 163604.727 167180.111 177703.733 8.00557561726 8.50950907671 8.69547413505 2.00139390431 2.12737726918 2.17386853376
48902528 16 184441.536 190314.928 194111.484 8.06176359973 8.22258617569 8.48442780264 2.01544089993 2.05564654392 2.12110695066
53792768 16 199090.629 211091.292 276162.457 6.23317374382 8.15461670489 8.64615569626 1.55829343595 2.03865417622 2.16153892406
59172032 16 222466.455 224078.737 234465.174 8.07584764806 8.45017715358 8.51141815516 2.01896191202 2.11254428839 2.12785453879
65089216 16 254694.713 256336.514 259861.677 8.0152446334 8.12547100488 8.17784903136 2.00381115835 2.03136775122 2.04446225784
71598080 8 129624.729 142454.578 149253.566 7.67532267872 8.04164594837 8.83758283499 1.91883066968 2.01041148709 2.20939570875
78757888 8 153167.538 161891.519 165648.187 7.60724418916 7.78376912999 8.2271101596 1.90181104729 1.9459422825 2.0567775399
86633664 8 157101.874 179149.198 181266.608 7.64696068015 7.73734205609 8.82318325496 1.91174017004 1.93433551402 2.20579581374
95297024 8 177929.414 186962.584 187902.979 8.1145727019 8.15538783953 8.56942283865 2.02864317548 2.03884695988 2.14235570966
104826688 8 206104.294 207578.326 217779.843 7.70147955337 8.0799717404 8.1377586825 1.92536988834 2.0199929351 2.03443967063
115309312 8 229586.757 230391.703 233813.939 7.89067153092 8.00787948514 8.03595562788 1.97266788273 2.00196987128 2.00898890697
126840192 8 238175.187 238801.495 261712.095 7.75448712831 8.49845212234 8.52079974225 1.93862178208 2.12461303058 2.13019993556
139524160 4 138254.086 146217.198 147201.011 7.58278270249 7.63380296756 8.07349216427 1.89569567562 1.90845074189 2.01837304107
153476544 4 150590.92 157782.814 163125.404 7.526800375 7.78166088482 8.15329604202 1.88170009375 1.9454152212 2.0383240105
168824192 4 159324.251 168062.313 176522.985 7.65109164679 8.03626650075 8.47701167602 1.9127729117 2.00906662519 2.119252919
185706560 4 171628.588 188131.914 192997.623 7.69777604981 7.896865813 8.65620638911 1.92444401245 1.97421645325 2.16405159728
204277184 4 190449.866 194351.8 210579.967 7.76055526687 8.40855331414 8.58082762841 1.94013881672 2.10213832854 2.1452069071
224704896 4 224470.07 228863.366 255992.574 7.02223169958 7.85463920862 8.00836908012 1.7555579249 1.96365980215 2.00209227003
247175360 4 240983.974 256313.326 268331.851 7.36924398885 7.71478764237 8.2055368545 1.84231099721 1.92869691059 2.05138421362
271892864 2 133141.98 134094.56 142434.008 7.63561646036 8.11048155869 8.16850895563 1.90890411509 2.02762038967 2.04212723891
299082112 2 136197.415 141973.229 189128.03 6.32549521084 8.42643684606 8.78378233537 1.58137380271 2.10660921152 2.19594558384
328990272 2 149961.602 155613.843 159765.493 8.23682926325 8.4565811282 8.77532028499 2.05920731581 2.11414528205 2.19383007125
361889280 2 167396.87 177357.879 189982.476 7.61942443576 8.16178637319 8.64745631146 1.90485610894 2.0404465933 2.16186407786
398078208 2 189711.157 192682.065 206382.162 7.71536074906 8.26393900231 8.39335364973 1.92884018726 2.06598475058 2.09833841243
437886016 2 201659.123 211608.843 213876.074 8.18952784779 8.27727253345 8.6856673675 2.04738196195 2.06931813336 2.17141684188
481674560 2 235009.769 235735.903 247216.917 7.79355338373 8.17312176669 8.1983751067 1.94838834593 2.04328044167 2.04959377667
529841984 2 250083.538 252143.838 268064.529 7.90618566323 8.40539254424 8.47463992612 1.97654641581 2.10134813606 2.11865998153
582826176 1 135057.038 144465.709 145323.561 8.02108305067 8.06871305356 8.63081531523 2.00527076267 2.01717826339 2.15770382881
641108736 1 157027.14 158978.995 164373.345 7.8006411076 8.06532631559 8.16557871461 1.9501602769 2.0163315789 2.04139467865
705219584 1 161250.325 166001.785 177802.392 7.93262200882 8.49653013069 8.7468919396 1.9831555022 2.12413253267 2.1867229849
775741504 1 179974.339 195454.129 199220.806 7.78775590337 7.93783695406 8.62057900377 1.94693897584 1.98445923852 2.15514475094
853315648 1 207745.272 211253.25 213172.848 8.00585680593 8.07860374219 8.2150187081 2.00146420148 2.01965093555 2.05375467703
938647168 1 224935.311 229230.74 232834.237 8.06279334254 8.18954009397 8.34592989271 2.01569833564 2.04738502349 2.08648247318
1032511872 1 241633.476 263321.368 266258.733 7.75570333687 7.84221865352 8.54609956445 1.93892583422 1.96055466338 2.13652489111

META_DATA
ERT_VERSION  1.1.0
UNAME  ('Linux', 'atajo-Inspiron-15-7568', '4.15.0-33-generic', '#36-Ubuntu SMP Wed Aug 15 16:00:05 UTC 2018', 'x86_64', 'x86_64')
HOSTNAME  ('atajo-Inspiron-15-7568', [], ['127.0.1.1'])
TIMESTAMP_DATA  1535279044.4
FLOPS          4
CONFIG  {'ERT_WORKING_SET_MIN': ['1'], 'ERT_CFLAGS': [], 'ERT_CC': ['mpicc'], 'ERT_MPI_CFLAGS': ['-I/usr/include/mpi'], 'ERT_MPI_LDFLAGS': ['-lmpi'], 'ERT_MEMORY_MAX': ['1073741824'], 'ERT_PROCS_THREADS': ['1-4'], 'ERT_LDFLAGS': [], 'ERT_LDLIBS': [], 'ERT_RUN': ['export', 'OMP_NUM_THREADS=ERT_OPENMP_THREADS;', 'mpirun', '-np', 'ERT_MPI_PROCS', 'ERT_CODE'], 'ERT_FLOPS': ['1,2,4,8,16'], 'ERT_OPENMP_CFLAGS': ['-fopenmp'], 'ERT_MPI': ['True'], 'ERT_TRIALS_MIN': ['1'], 'ERT_DRIVER': ['driver1'], 'ERT_RESULTS': ['Results/myLaptop'], 'ERT_OPENMP': ['False'], 'ERT_MPI_PROCS': ['1,2,4,8'], 'ERT_KERNEL': ['kernel1'], 'ERT_GPU': [False], 'ERT_OPENMP_THREADS': ['1,2,4,8'], 'ERT_LD': ['mpicc'], 'ERT_NUM_EXPERIMENTS': ['3'], 'ERT_OPENMP_LDFLAGS': ['-fopenmp'], 'ERT_ALIGN': ['64'], 'ERT_GNUPLOT': ['gnuplot']}
MPI_PROCS      8
TIMESTAMP_DATA  1535278915.78
TIMESTAMP_DATA  1535278979.36
