8 134217728 796453.953 802350.998 1028708.935 2.08755224625 2.67648903454 2.69630609517 0.260944030782 0.334561129318 0.337038261897
16 67108864 482050.896 496239.901 710576.773 3.02216977756 4.32751103584 4.45488985877 0.377771222196 0.54093887948 0.556861232346
24 33554432 332213.879 336023.092 554512.978 2.90455372534 4.79316087003 4.84811995468 0.363069215668 0.599145108753 0.606014994334
32 33554432 422841.072 437190.056 786540.031 2.73029161055 4.91201393657 5.07870164514 0.341286451319 0.614001742071 0.634837705643
40 16777216 257112.026 270226.955 488908.052 2.74525501167 4.96685195598 5.2202042078 0.343156876459 0.620856494497 0.652525525974
48 16777216 306676.149 316956.997 430814.981 3.73852536943 5.08148660936 5.25183566199 0.467315671179 0.635185826171 0.656479457749
56 16777216 356083.87 356794.119 468698.978 4.00907251818 5.26647747801 5.27698205482 0.501134064773 0.658309684751 0.659622756852
64 16777216 404388.905 409581.9 422541.142 5.08230663134 5.24311169024 5.3104415612 0.635288328917 0.65538896128 0.66380519515
72 8388608 225109.816 234268.904 235188.961 5.13612351049 5.15629488752 5.36609008645 0.642015438811 0.64453686094 0.670761260806
80 8388608 249231.815 254495.859 257146.835 5.21949756838 5.27386687262 5.38525661341 0.652437196048 0.659233359078 0.673157076676
88 8388608 271098.137 274497.032 298326.969 4.94891565771 5.37854634436 5.44597991096 0.618614457213 0.672318293044 0.68074748887
96 8388608 295386.076 297546.864 318250.895 5.06082704339 5.41297163865 5.45256823819 0.632603380424 0.676621454831 0.681571029773
104 8388608 320960.999 322260.857 355129.004 4.9132299653 5.41434190998 5.43626942039 0.614153745663 0.676792738747 0.679533677548
112 8388608 343624.83 349925.995 356709.003 5.26773413678 5.36984453527 5.46831319495 0.658466767098 0.671230566909 0.683539149368
120 8388608 369120.121 376080.99 382709.98 5.26055244235 5.35327754801 5.45422968151 0.657569055294 0.669159693501 0.681778710188
128 8388608 391798.019 396646.976 524958.134 4.09077126139 5.41409308009 5.48109879034 0.511346407674 0.676761635011 0.685137348793
136 4194304 207757.95 211266.994 220520.02 5.17345630569 5.40004222335 5.49124925424 0.646682038211 0.675005277919 0.68640615678
144 4194304 219145.06 227958.202 232379.198 5.1982258412 5.29903965465 5.51214593658 0.649778230149 0.662379956831 0.689018242072
152 4194304 247942.924 264463.902 271771.908 4.69168585298 4.82133253861 5.14258844507 0.586460731622 0.602666567326 0.642823555634
160 4194304 260887.861 278156.996 352924.109 3.80301953245 4.82525084503 5.14465209249 0.475377441556 0.603156355629 0.643081511562
176 4194304 267699.003 323008.06 392755.032 3.7590734369 4.57076832077 5.51513076797 0.469884179612 0.571346040096 0.689391345996
192 4194304 291194.916 373265.982 454499.006 3.5437101396 4.31491969177 5.53104689506 0.44296376745 0.539364961471 0.691380861883
208 4194304 316374.063 409800.053 437182.903 3.99107662268 4.25776046447 5.51508694314 0.498884577835 0.532220058058 0.689385867893
224 4194304 338335.991 364425.182 472079.039 3.98036777058 5.15619744412 5.55379339468 0.497545971322 0.644524680515 0.694224174336
240 4194304 361488.104 426122.904 552978.039 3.64077011745 4.72461325383 5.5693836055 0.455096264682 0.590576656729 0.696172950687
264 2097152 219225.168 241137.981 286236.048 3.86847241547 4.59196121411 5.05095407659 0.483559051933 0.573995151763 0.631369259573
288 2097152 216825.008 220138.073 272357.941 4.43519123241 5.48728139362 5.57112651876 0.554398904051 0.685910174202 0.696390814845
312 2097152 235347.986 239240.885 305547.953 4.2828722469 5.46989636826 5.56037410917 0.535359030862 0.683737046032 0.695046763646
336 2097152 268992.186 272958.994 381088.018 3.6980594441 5.16299581614 5.23913413604 0.462257430513 0.645374477018 0.654891767005
368 2097152 276491.165 332571.03 410560.131 3.75950745203 4.64112545221 5.58247086123 0.469938431503 0.580140681526 0.697808857654
400 2097152 300539.017 343569.994 406557.083 4.12665692016 4.88320176179 5.58237534929 0.515832115019 0.610400220224 0.697796918661
440 2097152 329501.867 432984.829 539119.005 3.42316583701 4.26225963682 5.60085979725 0.427895729627 0.532782454602 0.700107474657
480 2097152 359055.042 362671.852 400531.054 5.02649145402 5.55120533589 5.60712337804 0.628311431752 0.693900666986 0.700890422255
528 1048576 198783.159 224220.037 239402.056 4.62525792176 4.93843579198 5.57037256863 0.57815724022 0.617304473998 0.696296571079
576 1048576 215646.029 245462.894 316455.126 3.81715906223 4.92114931229 5.60158495661 0.477144882779 0.615143664036 0.700198119577
632 1048576 247072.935 272441.864 350353.003 3.78304182539 4.86489133696 5.36440814126 0.472880228174 0.608111417121 0.670551017658
688 1048576 264994.86 328454.971 453680.038 3.18030430072 4.39281089766 5.44478702719 0.397538037589 0.549101362208 0.680598378399
752 1048576 289774.179 329285.145 375142.813 4.20388782445 4.78933935511 5.44237001876 0.525485978056 0.598667419388 0.680296252345
824 1048576 314152.002 342786.074 430804.968 4.01121940636 5.04120026766 5.50069150283 0.501402425796 0.630150033458 0.687586437854
904 1048576 345082.045 345925.093 379341.125 4.9976796162 5.48045067086 5.49383961139 0.624709952025 0.685056333858 0.686729951424
992 1048576 376229.048 462057.114 556066.99 3.74123050174 4.50241911869 5.52954322655 0.467653812718 0.562802389836 0.691192903319
1088 524288 206876.04 224305.153 282614.946 4.03676700099 5.0861546101 5.5146583819 0.504595875124 0.635769326262 0.689332297737
1192 524288 227208.138 238372.087 321589.947 3.88663452841 5.24349393308 5.5011347877 0.485829316051 0.655436741635 0.687641848462
1304 524288 247200.966 296244.144 303593.159 4.50386665004 4.61559538541 5.53130162121 0.562983331255 0.576949423176 0.691412702651
1432 524288 270762.205 301836.014 320502.996 4.68501340312 4.97475702817 5.54568105988 0.58562667539 0.621844628521 0.693210132485
1568 524288 295946.836 361560.106 370357.037 4.43941117285 4.54742417849 5.55561664461 0.554926396606 0.568428022311 0.694452080576
1720 524288 330004.93 396695.137 532660.961 3.38592623085 4.54644020504 5.46522356499 0.423240778856 0.56830502563 0.683152945624
1888 524288 355358.839 461992.025 561304.092 3.52698566822 4.28516377095 5.57102081257 0.440873208528 0.535645471369 0.696377601571
2072 262144 195016.146 244850.159 357092.142 3.04214125216 4.43669197699 5.57043485005 0.38026765652 0.554586497124 0.696304356256
2272 262144 214263.916 258537.054 275362.015 4.32587746716 4.60739502354 5.55941643482 0.540734683395 0.575924377942 0.694927054353
2496 262144 234200.001 285672.903 354544.163 3.69100096565 4.58084345508 5.5876295577 0.461375120707 0.572605431884 0.698453694712
2744 262144 258617.878 273531.914 326175.928 4.41064514117 5.25951890206 5.56282606263 0.551330642646 0.657439862758 0.695353257829
3016 262144 283196.926 311954.021 396605.015 3.98697078503 5.06886432472 5.58357970312 0.498371348128 0.63360804059 0.69794746289
3312 262144 313240.051 315569.878 327033.997 5.30966771629 5.50255894829 5.54348605951 0.663708464536 0.687819868536 0.692935757439
3640 262144 343657.017 354193.926 496114.016 3.84671317168 5.38803231764 5.55323542251 0.480839146459 0.673504039705 0.694154427814
4000 262144 375131.13 378917.933 395473.003 5.30289547982 5.53458101968 5.59045046461 0.662861934978 0.691822627461 0.698806308077
4400 131072 206862.926 208101.988 209575.891 5.50365595249 5.54263614243 5.57583527558 0.687956994061 0.692829517804 0.696979409447
4840 131072 227151.155 230005.98 230136.871 5.5131407431 5.51627814199 5.58560646544 0.689142592888 0.689534767748 0.69820080818
5320 131072 249106.884 253448.009 256977.081 5.42696677296 5.50253318423 5.59842448995 0.67837084662 0.687816648029 0.699803061243
5848 131072 272967.815 278314.114 280272.961 5.46973245842 5.50822985571 5.61611306447 0.683716557303 0.688528731964 0.702014133058
6432 131072 301182.985 310457.945 477476.835 3.53129216834 5.43104222377 5.59829170961 0.441411521043 0.678880277971 0.699786463701
7072 131072 331124.067 344845.057 366152.048 5.06314897903 5.37598649123 5.59875452363 0.632893622378 0.671998311404 0.699844315454
7776 131072 363576.889 377287.149 386965.036 5.26774140907 5.40286556116 5.60660428557 0.658467676134 0.675358195145 0.700825535696
8552 65536 200176.001 203546.047 208777.905 5.36899603433 5.5069983452 5.59971094637 0.671124504291 0.688374793149 0.699963868296
9400 65536 220350.981 220742.941 230855.942 5.33699409825 5.58150033889 5.59142870346 0.667124262281 0.697687542362 0.698928587933
10336 65536 241255.045 243039.131 252927.065 5.35632749307 5.57424718573 5.61546885786 0.669540936633 0.696780898217 0.701933607233
11368 65536 266739.845 273808.956 276878.119 5.38152491566 5.44184718341 5.58606643863 0.672690614458 0.680230897926 0.698258304829
12504 65536 291613.102 296988.964 316879.988 5.17206623979 5.51846865259 5.62020113897 0.646508279974 0.689808581574 0.702525142372
13752 65536 321431.16 327517.033 337884.903 5.33466315895 5.50353710611 5.60773928701 0.666832894869 0.687942138264 0.700967410876
15120 65536 354096.174 362490.892 376920.938 5.25788949406 5.46719568336 5.59680896185 0.657236186757 0.68339946042 0.699601120231
16632 32768 195409.06 197759.867 235439.062 4.62962578402 5.51170856117 5.57801543081 0.578703223002 0.688963570146 0.697251928851
18288 32768 216969.013 220598.936 324645.996 3.69178238071 5.43303784566 5.5239333554 0.461472797588 0.679129730707 0.690491669426
20112 32768 237069.13 240073.204 273945.093 4.81140223234 5.49024218463 5.55981300476 0.601425279043 0.686280273079 0.694976625594
22120 32768 260606.766 262414.932 441159.01 3.28601771048 5.5242905156 5.56261965969 0.410752213811 0.69053631445 0.695327457461
24328 32768 287020.922 287898.064 311743.021 5.11434001918 5.53793167571 5.55485571188 0.639292502397 0.692241459463 0.694356963985
26760 32768 316226.006 316417.933 518747.807 3.38072438348 5.54249041251 5.54585431535 0.422590547935 0.692811301564 0.693231789418
29432 32768 347918.034 599745.989 614440.918 3.13920426764 3.21612080344 5.54399416962 0.392400533455 0.402015100429 0.692999271202
32368 32768 381075.144 655650.139 682431.936 3.10839680281 3.23536764781 5.56653794245 0.388549600352 0.404420955976 0.695817242806
35600 16384 207995.892 225117.922 311161.041 3.74899375658 5.18190995029 5.60847999825 0.468624219573 0.647738743786 0.701059999781
39160 16384 232848.883 241365.91 356795.073 3.59644786911 5.31638821738 5.51084833849 0.449555983639 0.664548527172 0.688856042311
43072 16384 251662.97 381015.062 431280.136 3.27254417301 3.70427165948 5.60822792483 0.409068021626 0.463033957434 0.701028490604
47376 16384 277240.992 292639.971 535276.89 2.90021257596 5.30486919711 5.59952104052 0.362526571995 0.663108649638 0.699940130066
52112 16384 304809.809 362018.108 471458.912 3.62196147434 4.71690774098 5.60220165356 0.452745184293 0.589613467622 0.700275206695
57320 16384 333828.926 385967.97 390644.073 4.80811534033 4.86636691641 5.62642004246 0.601014417541 0.608295864551 0.703302505308
63048 16384 368380.785 368757.01 398133.039 5.18911183354 5.60248838117 5.60821016764 0.648638979193 0.700311047646 0.701026270955
69352 8192 202161.074 219702.005 241355.896 4.70783265224 5.17183795387 5.62058335721 0.58847908153 0.646479744234 0.702572919651
76280 8192 224518.061 231864.929 235845.089 5.29912038999 5.39008432793 5.56646318088 0.662390048749 0.673760540992 0.695807897611
83904 8192 244956.97 255182.028 255496.979 5.38042814197 5.387068779 5.61193721493 0.672553517746 0.673383597375 0.701492151867
92288 8192 274814.844 348965.168 353909.969 4.2724046352 4.3329441751 5.50205574776 0.5340505794 0.541618021888 0.68775696847
101512 8192 297044.992 611932.039 661394.835 2.51464408246 2.7179041168 5.5990595795 0.314330510307 0.3397380146 0.699882447437
111656 8192 332322.836 752541.065 803875.923 2.27568938397 2.43092634951 5.50480347971 0.284461172996 0.303865793689 0.688100434964
122816 8192 365898.132 716992.14 928772.926 2.16653316184 2.80647057581 5.49939222975 0.27081664523 0.350808821977 0.687424028718
135096 4096 197993.994 460095.882 499235.868 2.21680072074 2.40538217206 5.58959597532 0.277100090092 0.300672771507 0.698699496915
148600 4096 218857.05 486284.018 529715.061 2.29808681993 2.50333376163 5.56222063671 0.287260852491 0.312916720204 0.695277579589
163456 4096 239176.035 601808.071 751390.934 1.7820704129 2.22501428034 5.59851889843 0.222758801612 0.278126785043 0.699814862304
179800 4096 263425.827 576321.125 635891.914 2.31630811396 2.5557307135 5.59140922807 0.289538514245 0.319466339187 0.698926153509
197776 4096 290134.907 344981.909 698671.818 2.31894424572 4.69642305794 5.58423324085 0.289868030715 0.587052882243 0.698029155106
217552 4096 319342.136 372073.889 721040.01 2.47168806069 4.78987114304 5.58080435712 0.308961007587 0.59873389288 0.69760054464
239304 4096 350957.87 441542.149 725732.088 2.70124251141 4.43984424237 5.58579400998 0.337655313926 0.554980530296 0.698224251247
263232 2048 199048.042 248179.913 378813.028 2.84625446409 4.34442199196 5.41677406704 0.355781808011 0.543052748995 0.67709675838
289552 2048 213340.044 228690.863 559150.219 2.12108473126 5.18606198972 5.55922352767 0.265135591407 0.648257748715 0.694902940959
318504 2048 233425.14 549768.925 624360.085 2.08948716509 2.37298312923 5.5889112201 0.261185895636 0.296622891154 0.698613902513
350352 2048 260318.041 366652.966 701103.926 2.04683177313 3.91389658634 5.51264824554 0.255853971641 0.489237073293 0.689081030692
385384 2048 283499.002 423742.056 809645.176 1.94966006195 3.72522113783 5.56803675803 0.243707507744 0.465652642229 0.696004594753
423920 2048 311758.041 378896.952 814664.125 2.13140147788 4.58271387731 5.56962801803 0.266425184735 0.572839234663 0.696203502254
466312 2048 341615.915 397426.128 962388.992 1.98465897665 4.80595969272 5.59111525 0.248082372081 0.600744961589 0.69888940625
512936 2048 378017.187 417403.936 1083657.98 1.93879055456 5.0334596174 5.55791093171 0.24234881932 0.629182452175 0.694738866463
564224 1024 208106.995 221955.061 644104.958 1.7940100253 5.2061473471 5.55258006585 0.224251253163 0.650768418387 0.694072508231
620640 1024 234249.115 244318.962 702505.112 1.80934017175 5.20250540357 5.42614950754 0.226167521469 0.650313175446 0.678268688443
682704 1024 251096.964 274527.788 748461.962 1.86806793529 5.09302829483 5.56827836437 0.233508491912 0.636628536853 0.696034795546
750968 1024 278648.853 328758.955 812995.911 1.89174686267 4.67814622418 5.51942865525 0.236468357834 0.584768278023 0.689928581906
826064 1024 306015.968 324059.01 929549.932 1.81999805902 5.22058952164 5.52840128918 0.227499757377 0.652573690205 0.691050161147
908664 1024 337649.107 375364.065 998709.917 1.86334774525 4.95770385479 5.51147280837 0.232918468156 0.619712981849 0.688934101046
999528 1024 370818.138 391394.854 1101007.938 1.85923577238 5.23009774676 5.52031611787 0.232404471547 0.653762218345 0.690039514734
1099480 512 203940.868 254182.1 506164.789 2.22431023348 4.42937374426 5.52055863565 0.278038779185 0.553671718032 0.690069829457
1209424 512 226532.221 296988.964 451891.899 2.7405894612 4.17002086313 5.46699348346 0.34257368265 0.521252607892 0.683374185432
1330360 512 246234.894 251097.918 580664.158 2.346087013 5.42532829762 5.53247599424 0.293260876625 0.678166037203 0.69155949928
1463392 512 272593.975 314460.993 695028.782 2.15604511181 4.76533955358 5.49723598256 0.269505638977 0.595667444197 0.68715449782
1609728 512 298880.1 342096.09 764986.992 2.15475751776 4.81841657997 5.51512620613 0.26934468972 0.602302072497 0.689390775766
1770696 512 330430.984 584215.879 938576.937 1.93185303465 3.10363475074 5.48735679097 0.241481629332 0.387954343843 0.685919598872
1947760 512 365723.848 412260.056 1102611.065 1.80889372809 4.83798081083 5.45358540578 0.226111716011 0.604747601354 0.681698175723
2142536 256 200369.835 236746.073 630043.983 1.74111405172 4.63356548263 5.47476835523 0.217639256464 0.579195685328 0.684346044403
2356784 256 221203.089 250231.028 720457.077 1.67487203127 4.8222373446 5.45504772766 0.209359003909 0.602779668075 0.681880965957
2592456 256 249841.928 780977.011 822263.956 1.614247423 1.69958584351 5.31270905018 0.201780927875 0.212448230438 0.664088631272
2851696 256 268764.019 456274.033 758946.896 1.92380831873 3.19998125337 5.43252909163 0.240476039841 0.399997656671 0.679066136453
3136864 256 295315.027 326370.001 675503.969 2.37759427288 4.92102326525 5.4385121689 0.29719928411 0.615127908156 0.679814021113
3450544 256 326065.063 377264.977 493314.981 3.58123834881 4.68285856283 5.41817792972 0.447654793601 0.585357320354 0.677272241215
3795592 256 365453.959 409717.083 527358.055 3.68505436785 4.74313418852 5.31761404177 0.460631795982 0.592891773566 0.664701755222
4175144 256 398452.997 403625.011 502526.999 4.25384851412 5.29618747536 5.36493323954 0.531731064265 0.66202343442 0.670616654943
4592656 128 221619.844 238327.98 613775.969 1.91555224607 4.93320144785 5.30512031224 0.239444030758 0.616650180982 0.66314003903
5051920 128 247899.055 321450.949 819272.995 1.57858433989 4.02329351966 5.21700867315 0.197323042486 0.502911689957 0.652126084143
5557112 128 274633.169 304582.119 751415.014 1.89325558512 4.6707294462 5.18007594341 0.23665694814 0.583841180775 0.647509492927
6112816 128 305306.196 418301.105 603277.206 2.5939665554 3.74103935489 5.12561132562 0.324245819425 0.467629919362 0.640701415703
6724096 128 340448.856 450116.873 686018.944 2.50921434613 3.82427027125 5.05617377078 0.313651793266 0.478033783906 0.632021721348
7396504 128 372671.127 383231.878 1170713.902 1.61739347313 4.94088600844 5.08090079111 0.202174184142 0.617610751056 0.635112598889
8136152 128 413230.896 416984.797 1222522.02 1.70373611103 4.99503801334 5.04041428693 0.212967013878 0.624379751668 0.630051785866
8949760 64 225625.038 231238.127 655371.904 1.7479682498 4.95406745792 5.07731451329 0.218496031224 0.619258432239 0.634664314162
9844736 64 254431.009 260504.961 744322.062 1.69298516373 4.83724456979 4.95272259837 0.211623145466 0.604655571223 0.619090324796
10829208 64 272573.948 285574.913 784374.952 1.76718879213 4.85385291529 5.085367234 0.220898599016 0.606731614412 0.635670904249
11912128 64 304677.01 309973.955 858226.061 1.77663258352 4.91896935018 5.00448781482 0.22207907294 0.614871168773 0.625560976852
13103336 64 333192.11 338592.052 810405.97 2.06961334206 4.95353330975 5.03381369985 0.258701667758 0.619191663719 0.629226712481
14413664 64 365756.989 373329.163 574905.872 3.20913228035 4.94188286062 5.04419340569 0.401141535044 0.617735357578 0.630524175712
15855024 64 410547.018 420172.93 478509.903 4.24117256357 4.83001861162 4.94326589409 0.530146570446 0.603752326453 0.617908236761
17440520 32 223616.123 223659.039 284366.131 3.92519768819 4.99060214597 4.99155993327 0.490649711023 0.623825268247 0.623944991659
19184568 32 242339.134 249962.091 301914.93 4.06674937208 4.91199424316 5.06650466119 0.50834367151 0.613999280395 0.633313082649
21103024 32 273849.01 278955.221 348551.989 3.87486968551 4.84161411698 4.93189124912 0.484358710689 0.605201764623 0.61648640614
23213320 32 293078.899 307930.946 325868.13 4.5590603782 4.82462870101 5.06912126758 0.569882547275 0.603078587626 0.633640158448
25534648 32 327028.036 329012.871 349043.131 4.68199293113 4.96703204052 4.9971785049 0.585249116391 0.620879005065 0.624647313113
28088112 32 361323.833 364366.055 409856.796 4.38601771532 4.93360768198 4.97514695633 0.548252214415 0.616700960247 0.621893369541
30896920 32 393744.946 404586.792 441913.128 4.47464163138 4.88746276225 5.02204002893 0.559330203922 0.610932845282 0.627755003616
33986608 16 217658.043 241555.929 256906.986 4.23332768382 4.50235877257 4.99669776044 0.529165960477 0.562794846572 0.624587220055
37385264 16 234807.968 241883.039 298269.987 4.01089113938 4.94589638424 5.09492270722 0.501361392422 0.61823704803 0.636865338403
41123784 16 260236.979 269293.07 298577.07 4.40744189766 4.88672466766 5.05677975919 0.550930237208 0.610840583458 0.632097469899
45236160 16 288102.865 298803.091 354045.868 4.08861464244 4.84451855955 5.02444541813 0.511076830305 0.605564819944 0.628055677267
49759776 16 317559.004 327122.211 422233.105 3.77117003178 4.86763899991 5.01422668526 0.471396253972 0.608454874989 0.626778335657
54735752 16 350055.933 352897.882 397341.967 4.40815269835 4.96331701985 5.00361199134 0.551019087294 0.620414627481 0.625451498918
60209320 16 384809.017 386801.004 411042.929 4.68734067434 4.98110971811 5.00689473189 0.585917584292 0.622638714764 0.625861841486
66230248 16 420408.964 429533.958 699464.798 3.02998512872 4.93411032243 5.04120539161 0.378748141089 0.616763790303 0.630150673952
72853272 8 232702.971 233366.013 298144.102 3.90969448727 4.99495336538 5.00918551659 0.488711810908 0.624369170673 0.626148189573
80138592 8 253377.914 258894.92 280153.036 4.57684660608 4.95265597332 5.06049423076 0.57210582576 0.619081996665 0.632561778845
88152448 8 282145.023 285377.979 295250.893 4.77708688251 4.94235460263 4.99898652474 0.597135860314 0.617794325329 0.624873315593
96967688 8 308705.091 317764.044 395406.008 3.92377196251 4.8825001988 5.02577720042 0.490471495314 0.610312524849 0.628222150052
106664456 8 342058.897 350417.137 404864.073 4.21531918936 4.87028491418 4.98929076533 0.52691489867 0.608785614272 0.623661345666
117330896 8 371349.096 386616.945 459511.995 4.08540877371 4.85569595508 5.05533568338 0.510676096714 0.606961994384 0.631916960423
129063984 8 409717.083 422989.845 484724.045 4.2602048842 4.8819700246 5.04012117064 0.532525610525 0.610246253075 0.63001514633
141970376 4 224979.162 228990.078 239830.971 4.7356811477 4.95987868959 5.04830313129 0.591960143463 0.619984836199 0.631037891411
156167408 4 248250.961 254011.154 295731.068 4.22457901515 4.91844253422 5.03256567051 0.528072376893 0.614805316778 0.629070708814
171784144 4 276816.13 282156.944 306904.078 4.47785888332 4.87059837166 4.96457035217 0.559732360415 0.608824796458 0.620571294021
188962552 4 301882.982 314323.187 387063.98 3.90555694694 4.80938243986 5.00757083419 0.488194618368 0.601172804983 0.625946354273
207858800 4 329579.115 337108.135 387366.056 4.29276229614 4.93275073294 5.04543620733 0.536595287017 0.616593841617 0.630679525916
228644680 4 360668.898 370390.177 408267.975 4.48028636094 4.93846098948 5.07156965888 0.560035795117 0.617307623685 0.633946207361
251509144 4 401744.843 408397.913 453663.111 4.43517029093 4.92674690039 5.00833598006 0.554396286367 0.615843362549 0.626041997507
276660056 2 220920.801 226384.878 257077.932 4.30468774737 4.88831336164 5.00921696368 0.538085968421 0.611039170205 0.626152120461
304326056 2 240699.053 248728.991 269160.032 4.52260395035 4.89409866982 5.05737022572 0.565325493794 0.611762333728 0.632171278214
334758656 2 266383.886 271820.068 285200.834 4.69505858458 4.92618015238 5.02671030184 0.586882323072 0.615772519047 0.62833878773
368234520 2 295482.874 300790.787 343461.99 4.28850388947 4.8968856217 4.98485093251 0.536062986184 0.612110702712 0.623106366564
405057968 2 324743.986 326257.944 365652.084 4.43107517473 4.9661070383 4.98925905282 0.553884396841 0.620763379788 0.623657381603
445563760 2 355521.917 360835.791 463608.027 3.84431445575 4.93924129605 5.0130665784 0.480539306969 0.617405162006 0.6266333223
490120136 2 391338.11 397136.927 471411.943 4.15874178224 4.93653551386 5.00968470462 0.51984272278 0.617066939232 0.626210588077
539132144 1 214914.083 219231.844 222997.189 4.83532681661 4.91837439455 5.01718767309 0.604415852076 0.614796799319 0.627148459136
593045352 1 236635.923 240855.932 250483.99 4.7351956666 4.92448200944 5.01230197412 0.591899458325 0.61556025118 0.626537746765
652349880 1 260379.791 263581.038 316985.13 4.11596518739 4.94989992414 5.01075661436 0.514495648424 0.618737490517 0.626344576796
717584864 1 286105.156 290693.998 309487.82 4.63724138805 4.93704630255 5.01623161241 0.579655173506 0.617130787819 0.627028951551
789343344 1 311661.005 320262.909 375838.995 4.20043345422 4.92934599554 5.06539689815 0.525054181778 0.616168249443 0.633174612268
868277672 1 347221.136 352133.036 412667.99 4.20811738754 4.93153202473 5.00129503637 0.526014673442 0.616441503091 0.625161879546
955105432 1 380769.968 396484.852 432832.956 4.41327500025 4.81786593955 5.01670568725 0.551659375032 0.602233242444 0.627088210906
1050615968 1 420426.846 423118.114 503644.943 4.17205010237 4.9660647145 4.99785386207 0.521506262796 0.620758089312 0.624731732759

META_DATA
ERT_VERSION  1.1.0
TIMESTAMP_DATA  1535296780.71
TIMESTAMP_DATA  1535296944.39
FLOPS          2
TIMESTAMP_DATA  1535297078.08
HOSTNAME  ('atajo-Inspiron-15-7568', [], ['127.0.1.1'])
CONFIG  {'ERT_WORKING_SET_MIN': ['1'], 'ERT_CFLAGS': [], 'ERT_CC': ['gcc'], 'ERT_MPI_CFLAGS': ['-I/usr/include/mpi'], 'ERT_MPI_LDFLAGS': ['-lmpi'], 'ERT_MEMORY_MAX': ['1073741824'], 'ERT_PROCS_THREADS': ['1-4'], 'ERT_LDFLAGS': [], 'ERT_LDLIBS': [], 'ERT_RUN': ['export', 'OMP_NUM_THREADS=ERT_OPENMP_THREADS;', 'mpirun', '-np', 'ERT_MPI_PROCS', 'ERT_CODE'], 'ERT_FLOPS': ['1,2,4,8,16'], 'ERT_OPENMP_CFLAGS': ['-fopenmp'], 'ERT_MPI': ['False'], 'ERT_TRIALS_MIN': ['1'], 'ERT_DRIVER': ['driver1'], 'ERT_RESULTS': ['Results/myLaptop'], 'ERT_OPENMP': ['False'], 'ERT_MPI_PROCS': ['1,2,4,8'], 'ERT_KERNEL': ['kernel1'], 'ERT_GPU': [False], 'ERT_OPENMP_THREADS': ['1,2,4,8'], 'ERT_LD': ['gcc'], 'ERT_NUM_EXPERIMENTS': ['3'], 'ERT_OPENMP_LDFLAGS': ['-fopenmp'], 'ERT_ALIGN': ['64'], 'ERT_GNUPLOT': ['gnuplot']}
UNAME  ('Linux', 'atajo-Inspiron-15-7568', '4.15.0-33-generic', '#36-Ubuntu SMP Wed Aug 15 16:00:05 UTC 2018', 'x86_64', 'x86_64')
