32 33554432 741416.1 741845.508 743612.134 2.88790829225 2.89478553802 2.89646211891 1.44395414613 1.44739276901 1.44823105946
64 16777216 545496.49 546119.146 547389.326 3.92313760243 3.93226215145 3.9367506251 1.96156880122 1.96613107573 1.96837531255
96 8388608 392042.065 392229.005 392768.45 4.10066729138 4.10630706926 4.1082651067 2.05033364569 2.05315353463 2.05413255335
128 8388608 507826.855 508023.592 519648.844 4.13256696863 4.22713370366 4.22877133585 2.06628348431 2.11356685183 2.11438566793
160 4194304 319306.659 320188.295 322085.732 4.16714292703 4.19183743116 4.20341149227 2.08357146351 2.09591871558 2.10170574614
192 4194304 375119.594 375712.884 377322.319 4.26853290913 4.28681795219 4.29359799318 2.13426645456 2.14340897609 2.14679899659
224 4194304 433749.671 433750.723 433762.848 4.33197126186 4.33209235711 4.332102864 2.16598563093 2.16604617856 2.166051432
256 4194304 489874.686 491185.514 491813.788 4.36645677774 4.37204190024 4.38374080019 2.18322838887 2.18602095012 2.1918704001
288 2097152 281303.708 282822.077 284119.157 4.25159487574 4.27109356106 4.294147278 2.12579743787 2.13554678053 2.147073639
320 2097152 308798.713 309333.731 311328.324 4.31113129302 4.33892959446 4.34644713043 2.15556564651 2.16946479723 2.17322356522
352 2097152 338171.704 340337.07 341041.227 4.3290807419 4.3380376049 4.36581473416 2.16454037095 2.16901880245 2.18290736708
384 2097152 366417.284 367174.209 367596.417 4.38147017086 4.38650835631 4.39556976794 2.19073508543 2.19325417815 2.19778488397
416 2097152 396225.486 398421.962 401744.126 4.34313870715 4.37935312411 4.40363006836 2.17156935357 2.18967656206 2.20181503418
448 2097152 423351.363 424572.586 425083.39 4.42042252463 4.42574074248 4.43850748155 2.21021126231 2.21287037124 2.21925374078
480 2097152 451993.576 453556.259 458398.128 4.39195929701 4.43884497248 4.4541914463 2.1959796485 2.21942248624 2.22709572315
512 2097152 481167.027 481644.264 481815.42 4.45706708183 4.45865093496 4.46307316898 2.22853354091 2.22932546748 2.23153658449
544 1048576 264476.442 264634.163 264807.393 4.30822823742 4.31104841139 4.31361931283 2.15411411871 2.15552420569 2.15680965642
576 1048576 277086.453 277643.559 300997.026 4.01319430977 4.35075661885 4.35950418695 2.00659715488 2.17537830942 2.17975209347
608 1048576 299648.215 300602.49 300878.915 4.23781246353 4.24170942829 4.25521779264 2.11890623176 2.12085471414 2.12760889632
640 1048576 304459.567 304837.267 313844.031 4.27657418152 4.40293043304 4.40839252721 2.13828709076 2.20146521652 2.2041962636
704 1048576 334212.451 336356.366 339189.111 4.35271935366 4.38937733083 4.41753442633 2.17635967683 2.19468866541 2.20876721316
768 1048576 362816.251 363768.371 367181.981 4.38641550877 4.42757772363 4.4391967878 2.19320775439 2.21378886181 2.2195983939
832 1048576 390365.934 391665.242 396209.218 4.40381087751 4.45490249553 4.46973035306 2.20190543876 2.22745124777 2.23486517653
896 1048576 418570.115 418632.289 422212.582 4.45047891065 4.48854099737 4.48920772091 2.22523945532 2.24427049869 2.24460386045
960 1048576 451496.496 452901.859 456709.526 4.40819778303 4.4452586802 4.45909533703 2.20409889151 2.2226293401 2.22954766852
1056 524288 260330.324 260902.692 266457.202 4.15562517241 4.24409670714 4.25342787189 2.0778125862 2.12204835357 2.12671393595
1152 524288 273064.381 274828.89 275802.873 4.37979321557 4.39531503402 4.42371702811 2.18989660778 2.19765751701 2.21185851405
1248 524288 296385.063 303823.857 304635.527 4.29570004814 4.30717607538 4.41527934895 2.14785002407 2.15358803769 2.20763967447
1344 524288 323205.999 323333.499 324276.264 4.3459429519 4.35861470698 4.3603341162 2.17297147595 2.17930735349 2.1801670581
1472 524288 344932.216 345034.241 348075.125 4.43439867184 4.47348027699 4.4748034553 2.21719933592 2.2367401385 2.23740172765
1600 524288 372969.335 374379.694 375028.958 4.47357881095 4.48133706739 4.49828294865 2.23678940547 2.24066853369 2.24914147433
1760 524288 409860.619 410278.808 410679.777 4.49375368196 4.498145466 4.50273501392 2.24687684098 2.249072733 2.25136750696
1920 524288 448745.842 448836.06 449046.57 4.48342344537 4.48552622978 4.48642802132 2.24171172268 2.24276311489 2.24321401066
2112 262144 251084.758 251468.889 251869.662 4.39630659448 4.40331311123 4.41004967733 2.19815329724 2.20165655561 2.20502483866
2304 262144 274511.309 274750.241 291166.087 4.14869590221 4.39657322084 4.40039995584 2.07434795111 2.19828661042 2.20019997792
2528 262144 300754.518 302089.361 302438.665 4.38237638696 4.38744370081 4.40691655379 2.19118819348 2.1937218504 2.20345827689
2752 262144 325992.88 326934.612 328254.87 4.39548871278 4.41323898737 4.42598800317 2.19774435639 2.20661949369 2.21299400159
3008 262144 353967.02 355986.603 356645.733 4.42191832981 4.43010577002 4.45538204096 2.2109591649 2.21505288501 2.22769102048
3296 262144 387945.542 388840.508 389983.534 4.43109284711 4.44411837874 4.45437068072 2.21554642356 2.22205918937 2.22718534036
3616 262144 422376.548 423863.647 426506.118 4.44501339603 4.47272471093 4.48847223402 2.22250669802 2.23636235546 2.24423611701
3968 262144 462833.737 463529.101 465465.431 4.46945067334 4.48812119781 4.49486417625 2.23472533667 2.24406059891 2.24743208812
4352 131072 259847.692 260093.22 260628.87 4.37729975194 4.38631459905 4.39045919253 2.18864987597 2.19315729953 2.19522959627
4768 131072 282984.273 283129.007 283223.39 4.41313336444 4.41460451278 4.41686238867 2.20656668222 2.20730225639 2.20843119434
5216 131072 311403.206 317548.794 317673.439 4.30424119909 4.30593070997 4.39090888486 2.15212059954 2.15296535499 2.19545444243
5728 131072 337043.069 338009.811 338475.734 4.4362436688 4.44235872195 4.45510075746 2.2181218344 2.22117936097 2.22755037873
6272 131072 367706.398 367943.374 368290.619 4.4643199777 4.46853316076 4.47141299946 2.23215998885 2.23426658038 2.23570649973
6880 131072 401406.778 401496.58 401642.451 4.49043848704 4.4920699449 4.49307490269 2.24521924352 2.24603497245 2.24653745134
7552 131072 438883.241 440610.826 442917.719 4.46970487537 4.49310677627 4.51079308358 2.23485243768 2.24655338814 2.25539654179
8288 65536 246819.774 247489.006 248168.143 4.37737383561 4.38938582993 4.40128729718 2.1886869178 2.19469291497 2.20064364859
9088 65536 269436.194 270020.691 271287.163 4.39085404126 4.41144836564 4.42101826899 2.19542702063 2.20572418282 2.21050913449
9984 65536 295271.028 302587.746 310110.087 4.2198654699 4.32477145985 4.43193786015 2.10993273495 2.16238572992 2.21596893008
10976 65536 325685.227 329670.166 347931.006 4.13486078329 4.36389585826 4.41729053925 2.06743039164 2.18194792913 2.20864526962
12064 65536 353081.429 353327.075 354557.772 4.45978831343 4.47532249828 4.47843607204 2.22989415671 2.23766124914 2.23921803602
13248 65536 387584.446 387857.709 393093.134 4.41738027406 4.47700745842 4.4801639331 2.20869013703 2.23850372921 2.24008196655
14560 65536 423336.073 425285.253 426168.149 4.47806417368 4.48736067507 4.50802197525 2.23903208684 2.24368033754 2.25401098762
16000 65536 464276.998 464496.22 464781.1 4.51212839765 4.5148957294 4.51702756982 2.25606419882 2.2574478647 2.25851378491
17600 32768 261597.395 261744.732 261744.743 4.40671161827 4.40671180347 4.40919375363 2.20335580914 2.20335590173 2.20459687682
19360 32768 286395.995 286580.137 286850.81 4.42312489897 4.4273025105 4.43014910177 2.21156244948 2.21365125525 2.21507455089
21280 32768 313340.159 313648.954 315897.005 4.41474929463 4.44639161781 4.45077351225 2.20737464732 2.2231958089 2.22538675612
23392 32768 342622.152 342924.771 346059.772 4.42992290939 4.4704210417 4.47436951479 2.21496145469 2.23521052085 2.23718475739
25728 32768 376119.716 379705.994 381694.446 4.41743448371 4.44056779362 4.48290833018 2.20871724185 2.22028389681 2.24145416509
28288 32768 410991.452 414086.917 414661.445 4.47083371351 4.47703680529 4.51075651082 2.23541685676 2.23851840265 2.25537825541
31104 32768 450898.748 451866.387 454731.305 4.48271698382 4.5111382538 4.5208192594 2.24135849191 2.2555691269 2.2604096297
34208 16384 253908.896 254413.608 259210.521 4.32439138533 4.4059268402 4.41468480096 2.16219569267 2.2029634201 2.20734240048
37600 16384 277673.179 278726.564 280805.424 4.38765313878 4.42037810217 4.43714731267 2.19382656939 2.21018905109 2.21857365633
41344 16384 304295.161 304655.114 305909.117 4.42863620832 4.44686509349 4.45212532315 2.21431810416 2.22343254675 2.22606266157
45472 16384 334187.206 334397.339 334750.813 4.45115123888 4.45585631888 4.45865810913 2.22557561944 2.22792815944 2.22932905457
50016 16384 364676.904 368354.985 370122.221 4.42806239402 4.44930665999 4.49418175383 2.21403119701 2.22465332999 2.24709087691
55008 16384 401293.477 401558.471 421492.403 4.27647599618 4.48876632962 4.49173048482 2.13823799809 2.24438316481 2.24586524241
60480 16384 438993.713 438999.207 444698.319 4.45652379451 4.51437863303 4.51443513042 2.22826189725 2.25718931652 2.25721756521
66528 8192 247974.063 248366.269 248933.107 4.37866527733 4.38865855814 4.39559984142 2.18933263867 2.19432927907 2.19779992071
73152 8192 271486.255 271609.054 278047.35 4.31049735953 4.41267457896 4.4146705254 2.15524867977 2.20633728948 2.2073352627
80448 8192 296875.922 298851.934 300526.443 4.38583712915 4.41041158529 4.43976737191 2.19291856457 2.20520579265 2.21988368595
88480 8192 326285.353 326719.592 336658.8 4.30601047708 4.43700456139 4.44290957799 2.15300523854 2.2185022807 2.22145478899
97312 8192 357852.346 357991.322 359706.415 4.43239192162 4.45362697367 4.45535659001 2.21619596081 2.22681348684 2.227678295
107040 8192 391802.391 391934.182 394253.046 4.44826838446 4.47458639879 4.47609152033 2.22413419223 2.2372931994 2.23804576016
117728 8192 430053.006 430251.696 432287.969 4.46196908154 4.4830864583 4.4851577017 2.23098454077 2.24154322915 2.24257885085
129472 8192 470927.059 472413.423 473670.536 4.47836436252 4.49028148804 4.50445394347 2.23918218126 2.24514074402 2.25222697174
142400 4096 264760.097 264769.436 267295.735 4.36423274767 4.40587409795 4.40602950829 2.18211637384 2.20293704897 2.20301475415
156640 4096 290909.232 293759.588 298175.648 4.3034865141 4.36818041834 4.41098026067 2.15174325705 2.18409020917 2.20549013034
172288 4096 317536.916 317593.619 317918.11 4.43945548116 4.4439913511 4.44478492069 2.21972774058 2.22199567555 2.22239246035
189504 4096 348371.613 348518.783 351074.566 4.42190041189 4.45432740995 4.45620914584 2.21095020595 2.22716370498 2.22810457292
208448 4096 381786.951 384818.613 385540.185 4.42912589254 4.43743093061 4.4726673123 2.21456294627 2.2187154653 2.23633365615
229280 4096 418070.195 418537.599 419106.059 4.4815905656 4.48767748582 4.49269472558 2.2407952828 2.24383874291 2.24634736279
252192 4096 457981.402 459401.394 459910.407 4.49208548568 4.49706267979 4.51100602552 2.24604274284 2.24853133989 2.25550301276
277408 2048 258111.605 259156.873 264838.462 4.29040087085 4.38446086668 4.40221650631 2.14520043543 2.19223043334 2.20110825315
305120 2048 282611.772 282919.227 285791.531 4.3730180374 4.41741458597 4.42222031714 2.1865090187 2.20870729298 2.21111015857
335616 2048 309883.934 311837.729 316133.533 4.34842556231 4.40832846111 4.43612264197 2.17421278115 2.20416423056 2.21806132098
369152 2048 339432.35 340867.286 351294.973 4.30420788287 4.43588063185 4.45463313087 2.15210394144 2.21794031593 2.22731656544
406048 2048 372054.858 372536.144 372695.967 4.46254522523 4.46445971696 4.47023489208 2.23127261262 2.23222985848 2.23511744604
446624 2048 409542.417 410728.058 411109.59 4.44984001468 4.45397354373 4.46686796792 2.22492000734 2.22698677187 2.23343398396
491264 2048 448329.508 453232.052 454756.407 4.42482461605 4.43970662516 4.48825541949 2.21241230802 2.21985331258 2.24412770975
540384 1024 252038.739 252176.852 253329.272 4.36864805738 4.38861229024 4.39101717613 2.18432402869 2.19430614512 2.19550858807
594400 1024 275338.838 275499.309 291925.938 4.17000013202 4.41863612805 4.42121136576 2.08500006601 2.20931806402 2.21060568288
653824 1024 303891.307 304463.03 306067.843 4.3749501381 4.39801033314 4.40628448776 2.18747506905 2.19900516657 2.20314224388
719200 1024 330335.258 330348.825 334154.378 4.40790753309 4.45868575437 4.45886887436 2.20395376654 2.22934287718 2.22943443718
791104 1024 363824.7 364349.043 365492.87 4.43286620612 4.44678261993 4.45319130889 2.21643310306 2.22339130996 2.22659565445
870208 1024 397682.895 398024.288 403370.953 4.41823083875 4.47758098621 4.48142478947 2.20911541937 2.23879049311 2.24071239473
957216 1024 435547.24 435577.358 440820.385 4.44711368781 4.50064341499 4.50095463353 2.22355684391 2.25032170749 2.25047731677
1052928 512 246190.477 246614.504 250624.884 4.30203998419 4.37199862341 4.37952875001 2.15101999209 2.1859993117 2.189764375
1158208 512 268752.163 268828.562 269611.202 4.39894553046 4.41175217089 4.41300631318 2.19947276523 2.20587608544 2.20650315659
1274016 512 294399.143 294611.689 294812.578 4.4251584951 4.42817590988 4.43137289975 2.21257924755 2.21408795494 2.21568644988
1401408 512 323835.382 345774.969 345990.8 4.14762991386 4.15021884363 4.4313928365 2.07381495693 2.07510942182 2.21569641825
1541536 512 353620.389 353669.016 356803.522 4.42409552224 4.46330549917 4.46391925665 2.21204776112 2.23165274959 2.23195962832
1695680 512 388057.13 388104.508 389653.135 4.45621031639 4.47399162908 4.47453785993 2.22810515819 2.23699581454 2.23726892996
1865248 512 425883.554 426645.931 444773.724 4.29434979842 4.4768127696 4.4848267421 2.14717489921 2.2384063848 2.24241337105
2051744 512 465894.637 467516.596 478085.824 4.39457886122 4.49392786048 4.50957295737 2.19728943061 2.24696393024 2.25478647869
2256896 256 262778.969 263110.42 265309.354 4.35540901434 4.39180915754 4.39734867823 2.17770450717 2.19590457877 2.19867433912
2482560 256 287336.703 288149.957 296612.16 4.28529538371 4.4111431882 4.42362812244 2.14264769185 2.2055715941 2.21181406122
2730816 256 315157.921 315617.51 317549.394 4.40302459529 4.42997535846 4.43643551006 2.20151229764 2.21498767923 2.21821775503
3003872 256 345877.678 346494.032 349135.574 4.40511531489 4.43869828038 4.44660804043 2.20255765744 2.21934914019 2.22330402021
3304256 256 379248.928 379609.746 388275.996 4.3571559649 4.45662707511 4.46086711681 2.17857798245 2.22831353756 2.2304335584
3634656 256 417230.734 417534.888 420966.575 4.42064520681 4.45697814837 4.46022720848 2.2103226034 2.22848907419 2.23011360424
3998112 256 457729.375 458136.12 458972.557 4.46003429351 4.46817715224 4.47214763964 2.23001714676 2.23408857612 2.23607381982
4397920 128 258282.856 258695.309 258903.07 4.34860629501 4.35209870775 4.35904859283 2.17430314751 2.17604935388 2.17952429642
4837696 128 282050.391 282168.773 282556.484 4.38301807295 4.38904051229 4.39088267741 2.19150903647 2.19452025614 2.19544133871
5321440 128 310112.076 314114.688 316595.057 4.30293717441 4.33691480228 4.39289129779 2.15146858721 2.16845740114 2.1964456489
5853568 128 339281.563 339771.25 340338.399 4.40301009937 4.41035964049 4.41672513752 2.20150504968 2.20517982025 2.20836256876
6438912 128 372387.193 372754.084 375294.958 4.39217590554 4.42211512296 4.42647197053 2.19608795277 2.21105756148 2.21323598527
7082784 128 406945.341 410879.778 414131.066 4.37830641761 4.41295191704 4.45561730611 2.18915320881 2.20647595852 2.22780865305
7791040 128 446934.948 447369.255 447419.766 4.45779643986 4.45829975509 4.46263208757 2.22889821993 2.22914987754 2.23131604378
8570144 64 251957.598 252247.694 252265.83 4.34850186409 4.34881451087 4.35382159819 2.17425093204 2.17440725543 2.17691079909
9427136 64 275238.266 276480.78 284368.485 4.24334436356 4.36440250205 4.38410481775 2.12167218178 2.18220125102 2.19205240888
10369824 64 300756.738 301290.53 303010.47 4.38050035697 4.40550677779 4.4133258022 2.19025017848 2.2027533889 2.2066629011
11406784 64 329209.344 330226.618 330300.641 4.42042239936 4.42141327323 4.43507567027 2.21021119968 2.21070663662 2.21753783514
12547456 64 360600.431 361027.629 361275.01 4.4455728283 4.44861899475 4.45388920791 2.22278641415 2.22430949738 2.22694460396
13802176 64 396165.825 396373.162 396591.028 4.45466085531 4.45710935394 4.45944202279 2.22733042766 2.22855467697 2.2297210114
15182368 64 435008.592 435294.858 447985.278 4.33796198097 4.46442926739 4.46736717329 2.16898099049 2.2322146337 2.23368358665
16700576 64 474780.215 475760.838 475790.753 4.49288624153 4.49316874627 4.50244905003 2.24644312076 2.24658437313 2.25122452502
18370624 32 267523.221 269369.442 270777.842 4.34200940267 4.36471162902 4.39483320964 2.17100470134 2.18235581451 2.19741660482
20207680 32 292628.678 293213.428 293906.442 4.40035104777 4.41075133844 4.41956519381 2.20017552388 2.20537566922 2.20978259691
22228448 32 320997.037 323998.84 327882.473 4.33881280382 4.39082026343 4.4318810083 2.16940640191 2.19541013172 2.21594050415
24451264 32 351654.024 352065.816 353766.604 4.42348395328 4.44485327709 4.45005826522 2.21174197664 2.22242663855 2.22502913261
26896384 32 385114.41 385423.444 386489.423 4.45385688084 4.46617506744 4.46975893735 2.22692844042 2.23308753372 2.23487946868
29586016 32 422394.363 423261.12 424386.099 4.46175081715 4.47360963369 4.48278952056 2.23087540857 2.23680481685 2.24139476028
32544608 32 471339.778 480017.559 493160.568 4.22348226349 4.33912233615 4.41900940514 2.11174113174 2.16956116807 2.20950470257
35799040 16 260850.903 261694.467 267420.42 4.28377638477 4.37750668989 4.39166307966 2.14188819238 2.18875334495 2.19583153983
39378944 16 285451.34 285879.302 286356.297 4.40055351044 4.40789591686 4.41450444058 2.20027675522 2.20394795843 2.20725222029
43316832 16 312114.981 312492.416 313734.306 4.41819271113 4.43575124716 4.4411153209 2.20909635556 2.21787562358 2.22055766045
47648512 16 343191.893 343405.406 343467.761 4.43928821605 4.44009429485 4.44285664988 2.21964410802 2.22004714742 2.22142832494
52413344 16 378000.117 378774.052 390501.074 4.29506375186 4.42804093666 4.43710711338 2.14753187593 2.21402046833 2.21855355669
57654656 16 412100.134 412834.735 415010.446 4.44554832241 4.46897713682 4.47694344113 2.22277416121 2.23448856841 2.23847172056
63420096 16 451999.33 452012.868 454801.934 4.46225690852 4.48979048092 4.4899249563 2.23112845426 2.24489524046 2.24496247815
69762080 8 254136.968 254349.699 254691.755 4.38252616383 4.38841989744 4.3920933219 2.19126308192 2.19420994872 2.19604666095
76738272 8 278281.209 278577.724 296319.901 4.14353658953 4.40743191656 4.41212813618 2.07176829477 2.20371595828 2.20606406809
84412096 8 305363.904 306445.648 307506.413 4.39208250268 4.40728574484 4.42289844447 2.19604125134 2.20364287242 2.21144922224
92853280 8 334050.202 334075.182 335092.19 4.4335634322 4.44706030273 4.44739285025 2.2167817161 2.22353015137 2.22369642513
102138592 8 365563.291 374001.232 378526.561 4.31731254917 4.36955103934 4.47040912541 2.15865627459 2.18477551967 2.2352045627
112352448 8 401393.944 402367.773 407297.381 4.41357900114 4.46765195581 4.47849100583 2.20678950057 2.23382597791 2.23924550292
123587680 8 440251.294 440271.732 443175.853 4.4618921961 4.4913237355 4.4915322384 2.23094609805 2.24566186775 2.2457661192
135946432 4 248216.144 248695.366 251396.825 4.32611452432 4.37310704052 4.38155004132 2.16305726216 2.18655352026 2.19077502066
149541056 4 272076.955 273131.99 275118.59 4.34841007291 4.38003782713 4.3970223351 2.17420503645 2.19001891357 2.19851116755
164495136 4 297817.27 298201.486 298306.101 4.41144543671 4.41299305933 4.41868629042 2.20572271836 2.20649652967 2.20934314521
180944640 4 325862.482 325904.48 325954.021 4.44098561987 4.44166069764 4.44223315036 2.22049280994 2.22083034882 2.22111657518
199039104 4 357325.446 357370.227 372647.32 4.27297540205 4.45563931099 4.45619770387 2.13648770103 2.2278196555 2.22809885194
218943008 4 392650.463 393711.335 396320.235 4.41951712105 4.44880273513 4.4608226121 2.20975856052 2.22440136757 2.23041130605
240837280 4 429767.365 430107.317 430164.684 4.47897819524 4.47957559392 4.4831190009 2.23948909762 2.23978779696 2.24155950045
264920992 4 470712.568 471956.625 474452.425 4.46697671742 4.49059897401 4.50246728063 2.23348835871 2.245299487 2.25123364031
291413088 2 264541.909 264631.424 265432.254 4.39152489735 4.40481456957 4.40630505921 2.19576244867 2.20240728478 2.20315252961
320554368 2 290897.168 291178.144 291197.852 4.40325182069 4.40354984885 4.40780321381 2.20162591034 2.20177492443 2.20390160691
352609792 2 318478.898 318924.559 328105.927 4.29873114727 4.42248528123 4.42867385204 2.14936557364 2.21124264061 2.21433692602
387870752 2 347586.673 349230.516 353797.433 4.38522969159 4.44257571122 4.46358600176 2.1926148458 2.22128785561 2.23179300088
426657824 2 381692.949 384774.632 396635.179 4.3027733957 4.43540492035 4.47121514943 2.15138669785 2.21770246018 2.23560757472
469323584 2 418062.812 418116.132 419650.736 4.47346847022 4.48988735981 4.49046000293 2.23673423511 2.24494367991 2.24523000147
516255936 2 459123.499 460140.608 477532.343 4.32436414888 4.48781026516 4.4977522355 2.16218207444 2.24390513258 2.24887611775
567881504 1 258069.951 259138.876 259324.268 4.3797019722 4.38283527941 4.40098897062 2.1898509861 2.19141763971 2.20049448531
624669632 1 284813.313 285516.717 285777.734 4.37171660127 4.3757131881 4.38651989558 2.18585830063 2.18785659405 2.19325994779
687136576 1 309588.323 309982.805 312892.766 4.39215380262 4.43338510986 4.43903419445 2.19607690131 2.21669255493 2.21951709723
755850208 1 339103.751 339259.134 342793.779 4.40994122008 4.45588715085 4.45792891274 2.20497061004 2.22794357543 2.22896445637
831435200 1 374797.109 375093.96 375104.485 4.43308589072 4.4332102815 4.43672152231 2.21654294536 2.21660514075 2.21836076116
914578720 1 409375.342 409641.923 410645.909 4.45434229323 4.46525938216 4.46816711301 2.22717114661 2.23262969108 2.2340835565
1006036576 1 447654.753 448677.329 449861.703 4.47264823518 4.48445468926 4.49469851156 2.23632411759 2.24222734463 2.24734925578

META_DATA
ERT_VERSION  1.1.0
FLOPS          8
TIMESTAMP_DATA  1535272041.53
TIMESTAMP_DATA  1535271921.71
HOSTNAME  ('atajo-Inspiron-15-7568', [], ['127.0.1.1'])
OPENMP_THREADS 4
UNAME  ('Linux', 'atajo-Inspiron-15-7568', '4.15.0-33-generic', '#36-Ubuntu SMP Wed Aug 15 16:00:05 UTC 2018', 'x86_64', 'x86_64')
CONFIG  {'ERT_WORKING_SET_MIN': ['1'], 'ERT_CFLAGS': [], 'ERT_CC': ['gcc'], 'ERT_MPI_CFLAGS': ['-I/usr/include/mpi'], 'ERT_MPI_LDFLAGS': ['-mpicc'], 'ERT_MEMORY_MAX': ['1073741824'], 'ERT_PROCS_THREADS': ['1-4'], 'ERT_LDFLAGS': [], 'ERT_LDLIBS': [], 'ERT_RUN': ['export', 'OMP_NUM_THREADS=ERT_OPENMP_THREADS;', 'mpirun', '-np', 'ERT_MPI_PROCS', 'ERT_CODE'], 'ERT_FLOPS': ['1,2,4,8,16'], 'ERT_OPENMP_CFLAGS': ['-fopenmp'], 'ERT_MPI': ['False'], 'ERT_TRIALS_MIN': ['1'], 'ERT_DRIVER': ['driver1'], 'ERT_RESULTS': ['Results/myLaptop'], 'ERT_OPENMP': ['True'], 'ERT_MPI_PROCS': ['1,2,4,8'], 'ERT_KERNEL': ['kernel1'], 'ERT_GPU': [False], 'ERT_OPENMP_THREADS': ['1,2,4,8'], 'ERT_LD': ['gcc'], 'ERT_NUM_EXPERIMENTS': ['3'], 'ERT_OPENMP_LDFLAGS': ['-fopenmp'], 'ERT_ALIGN': ['64'], 'ERT_GNUPLOT': ['gnuplot']}
TIMESTAMP_DATA  1535272161.43
