32 33554432 281882.585 298535.065 312904.505 6.86306401373 7.19340506282 7.61836226243 0.428941500858 0.449587816426 0.476147641402
64 16777216 213399.884 221531.83 249853.868 8.59495858595 9.69379275204 10.0631903249 0.537184911622 0.605862047002 0.628949395305
96 8388608 148322.981 160684.231 173601.168 9.27766071251 10.0234648165 10.8588212369 0.579853794532 0.626466551033 0.678676327305
128 8388608 188904.491 199711.007 219503.492 9.78336894978 10.7529558849 11.3680920799 0.611460559361 0.672059742806 0.710505754996
160 4194304 115635.331 115722.226 133786.026 10.0322680935 11.5982670434 11.6069826444 0.627016755846 0.72489169021 0.725436415277
192 4194304 138246.794 145309.668 157550.485 10.222835785 11.0840025868 11.6502718754 0.638927236562 0.692750161675 0.728141992211
224 4194304 155181.265 156291.7 181051.789 10.3785121505 12.0226998107 12.1087309863 0.648657009404 0.751418738167 0.756795686644
256 4194304 175255.097 178841.204 211520.263 10.1526143053 12.0077677849 12.2534732784 0.634538394083 0.750485486555 0.765842079903
288 2097152 98224.304 98667.098 117203.953 10.3064744924 12.2427797765 12.2979700828 0.644154655773 0.765173736031 0.768623130178
320 2097152 107777.892 109782.861 129440.057 10.3691029741 12.2257451461 12.4531780599 0.648068935878 0.764109071634 0.778323628746
352 2097152 118327.894 119216.351 137817.713 10.7126651274 12.3841653902 12.4771510596 0.669541570466 0.774010336887 0.779821941224
384 2097152 128140.16 129529.036 151022.323 10.6647328951 12.4343759958 12.5691487821 0.666545805947 0.777148499739 0.78557179888
416 2097152 138307.472 140333.498 210145.82 8.30295108416 12.4334566505 12.615590747 0.51893444276 0.777091040658 0.788474421686
448 2097152 149613.17 149980.139 297954.583 6.30649199311 12.528646823 12.5593769051 0.394155749569 0.783040426439 0.78496105657
480 2097152 163386.916 193524.42 196707.117 10.2348402575 10.4031621436 12.3220755327 0.639677516091 0.650197633973 0.770129720791
512 2097152 176336.065 176911.441 261517.958 8.21161064587 12.1387493984 12.178357547 0.513225665367 0.758671837397 0.761147346687
544 1048576 89706.222 98491.76 153269.219 7.4434429525 11.5832094786 12.7176316488 0.465215184531 0.723950592415 0.794851978049
576 1048576 95870.681 101678.738 149215.978 8.09537670289 11.8801587801 12.5998849638 0.505961043931 0.742509923756 0.787492810237
608 1048576 114789.584 117372.821 180174.063 7.07686997101 10.8634043651 11.1078755717 0.442304373188 0.678962772821 0.694242223232
640 1048576 115792.677 127097.381 141448.29 9.48881941238 10.560227673 11.5912103837 0.593051213274 0.660014229562 0.724450648982
704 1048576 118274.468 125375.445 171369.354 8.61528023266 11.7757907699 12.4827871388 0.538455014541 0.735986923117 0.780174196176
768 1048576 124568.106 127949.01 215942.666 7.45852019813 12.5879265185 12.9295755368 0.466157512383 0.786745407409 0.808098471048
832 1048576 136369.937 160233.42 169554.697 10.2906642804 10.8893042662 12.7948322217 0.643166517528 0.68058151664 0.799677013857
896 1048576 144958.445 157094.226 169491.589 11.0863801743 11.9612810722 12.9626679701 0.692898760894 0.74758006701 0.810166748133
960 1048576 157299.47 165503.938 182062.733 11.0580890819 12.1644593133 12.7989364491 0.691130567616 0.760278707084 0.799933528066
1056 524288 92876.991 97072.252 106984.788 10.3500345862 11.4069286865 11.9221805538 0.646877161639 0.712933042905 0.745136284615
1152 524288 95606.121 103463.711 108392.759 11.1442827283 11.6752003222 12.6347511997 0.696517670521 0.729700020136 0.789671949979
1248 524288 100122.457 109170.242 117252.096 11.1607629428 11.9869922795 13.0702230769 0.697547683924 0.749187017466 0.816888942308
1344 524288 117654.42 125772.149 134308.689 10.4928888406 11.2050732631 11.9781827491 0.655805552536 0.700317078942 0.748636421819
1472 524288 117818.634 123312.209 141181.721 10.9327458333 12.5170401578 13.1006770287 0.683296614581 0.782315009862 0.818792314296
1600 524288 130014.021 137580.309 153957.528 10.8973014947 12.1944892565 12.9041590061 0.681081343421 0.762155578528 0.806509937878
1760 524288 140577.319 155872.86 164540.084 11.2160740115 11.8397375913 13.1279624133 0.701004625718 0.739983599454 0.820497650834
1920 524288 157923.812 167333.585 184483.83 10.9129668438 12.0314515463 12.7483366473 0.682060427735 0.751965721645 0.796771040456
2112 262144 84481.304 89889.84 98689.947 11.2199498496 12.3183694175 13.1069976855 0.7012468656 0.769898088594 0.819187355347
2304 262144 92551.709 98280.017 108361.598 11.1474874337 12.2909986066 13.0517260573 0.696717964606 0.76818741291 0.815732878579
2528 262144 107545.112 110357.641 123256.676 10.753170595 12.010043455 12.3241311423 0.672073162187 0.750627715937 0.770258196393
2752 262144 115584.418 131782.842 133935.7 10.7726362426 10.9486224011 12.4830024753 0.673289765163 0.684288900068 0.780187654706
3008 262144 125521.068 135240.563 145641.302 10.8283727373 11.6611338271 12.5640924598 0.676773296081 0.728820864196 0.785255778735
3296 262144 139864.55 153381.936 157640.576 10.9619825799 11.2663413507 12.3551911331 0.685123911245 0.704146334416 0.772199445821
3616 262144 151436.313 158103.447 174137.033 10.886974329 11.9910441168 12.5189617367 0.680435895563 0.749440257302 0.782435108546
3968 262144 167568.549 178774.087 190839.953 10.9011491111 11.6368922304 12.4150671258 0.681321819441 0.727305764397 0.77594169536
4352 131072 89659.863 91416.363 104313.71 10.9367281444 12.4797208132 12.7242073524 0.683545509023 0.779982550826 0.795262959525
4768 131072 97452.024 98292.316 114153.329 10.9493310703 12.7161780581 12.8258248592 0.684333191895 0.794761128632 0.801614053701
5216 131072 108505.726 113944.781 129103.62 10.5910516219 12.0000503051 12.6015755519 0.661940726372 0.750003144067 0.787598471992
5728 131072 117387.352 125030.546 172542.789 8.70254179095 12.0095519058 12.7915044203 0.543908861935 0.750596994114 0.799469026271
6272 131072 133155.837 141282.747 160946.563 10.2156090652 11.637423556 12.3476912845 0.638475566577 0.727338972253 0.771730705279
6880 131072 140702.989 145021.128 191389.743 9.42344501711 12.4364687054 12.8181407717 0.58896531357 0.77727929409 0.801133798231
7552 131072 156986.649 157637.282 219067.132 9.03700829023 12.558650231 12.6106997035 0.564813018139 0.784915639436 0.78816873147
8288 65536 84300.178 89228.29 107955.992 10.0626627191 12.1746672048 12.886387215 0.628916419943 0.760916700298 0.805399200936
9088 65536 92544.71 113342.123 127314.671 9.35620637153 10.5096172938 12.8714254548 0.584762898221 0.656851080864 0.804464090924
9984 65536 101014.407 101878.381 119430.813 10.957162688 12.8449513543 12.9548139406 0.684822667999 0.802809459644 0.809675871284
10976 65536 111545.093 118172.292 189191.929 7.6041630296 12.1741420738 12.8974411452 0.47526018935 0.760883879615 0.806090071573
12064 65536 122217.436 132929.402 165854.869 9.53395349521 11.8954315916 12.9380279914 0.595872093451 0.743464474473 0.80862674946
13248 65536 141759.821 143030.404 162204.482 10.7052643342 12.1403688128 12.2491820584 0.669079020887 0.758773050798 0.765573878652
14560 65536 146858.383 156319.147 181962.244 10.487935728 12.2084105282 12.9948885519 0.655495983002 0.763025658015 0.812180534495
16000 65536 161235.411 174991.446 211665.57 9.90785605803 11.9843115074 13.0067705785 0.619241003627 0.749019469215 0.812923161153
17600 32768 88369.747 90384.431 106390.886 10.8414700109 12.7614190546 13.0523582918 0.67759187568 0.797588690911 0.815772393238
19360 32768 100140.466 101203.286 121751.796 10.4210122699 12.5369146611 12.6699725963 0.65131326687 0.783557166316 0.791873287268
21280 32768 106436.267 115597.143 137089.562 10.1729559833 12.0643646011 13.1027338642 0.635809748958 0.75402278757 0.818920866513
23392 32768 117302.225 121936.447 151195.891 10.1392842217 12.5722714555 13.0689602179 0.633705263855 0.785766965967 0.816810013621
25728 32768 128706.142 135889.882 157870.168 10.6803598765 12.4079157564 13.1004642187 0.66752249228 0.775494734774 0.81877901367
28288 32768 143928.369 156254.515 221306.102 8.37700520341 11.8645043185 12.8805903998 0.523562825213 0.741531519905 0.805036899987
31104 32768 155045.396 156728.687 197300.281 10.3316210888 13.0061176612 13.1473219882 0.645726318048 0.812882353822 0.821707624263
34208 16384 85129.391 90114.371 136064.306 8.2382204191 12.4389454375 13.167341277 0.514888776194 0.777434089841 0.822958829812
37600 16384 95876.846 96166.905 117468.421 10.4885788837 12.8118587158 12.8506188032 0.65553618023 0.80074116974 0.803163675201
41344 16384 103014.534 103776.493 127186.078 10.651796276 13.0545960153 13.1511558553 0.66573726725 0.815912250956 0.821947240959
45472 16384 114416.055 114985.637 203590.826 7.31873103162 12.9583705833 13.0228794901 0.457420689476 0.809898161455 0.813929968133
50016 16384 125749.061 137148.466 151780.683 10.7979767623 11.9500008699 13.0332924554 0.674873547644 0.746875054366 0.81458077846
55008 16384 139194.121 140626.044 166973.711 10.7951253716 12.8176978654 12.9495565693 0.674695335723 0.801106116588 0.80934728558
60480 16384 152083.083 171707.642 208491.638 9.50545863139 11.5417614319 13.0310919591 0.594091164462 0.721360089494 0.814443247445
66528 8192 84526.078 86728.198 108832.712 10.015322893 12.567939576 12.895366469 0.625957680812 0.7854962235 0.805960404315
73152 8192 92028.297 101408.735 116382.978 10.2980898805 11.8187291065 13.0234113536 0.643630617529 0.738670569158 0.813963209598
80448 8192 105011.204 105739.84 188137.276 7.00584201081 12.4651222472 12.5516133688 0.437865125676 0.77907014045 0.78447583555
88480 8192 111446.603 116150.863 141197.175 10.2668932293 12.480805416 13.0076312869 0.64168082683 0.780050338498 0.81297695543
97312 8192 125114.074 138355.837 178478.474 8.93306499248 11.5236179591 12.7432490768 0.55831656203 0.720226122444 0.796453067302
107040 8192 138698.523 140185.222 297385.07 5.89721387156 12.5101871294 12.6442828811 0.368575866973 0.781886695589 0.790267680068
117728 8192 152772.935 156047.713 213902.918 9.01743449802 12.3606781216 12.6256365501 0.563589656126 0.772542382598 0.78910228438
129472 8192 165674.85 167609.408 207656.651 10.2152723632 12.6560273275 12.803809679 0.638454522702 0.791001707971 0.800238104939
142400 4096 89578.825 93577.146 116820.495 9.98575464006 12.4660865378 13.0225061559 0.624109665004 0.779130408615 0.813906634743
156640 4096 98950.783 99899.468 123973.119 10.3505896306 12.8448619967 12.96801138 0.646911851915 0.802803874791 0.810500711248
172288 4096 111456.676 130144.152 134844.855 10.4667196683 10.8447692371 12.6630664636 0.65416997927 0.67779807732 0.791441653975
189504 4096 119082.65 132375.698 227805.41 6.8146615482 11.7273547294 13.0364647411 0.425916346763 0.732959670588 0.814779046318
208448 4096 131310.193 138388.924 229804.624 7.43068605965 12.3391812483 13.0043675741 0.464417878728 0.771198828022 0.812772973382
229280 4096 146226.663 150728.1 206761.941 9.08417550597 12.4612581198 12.8448650982 0.567760969123 0.778828632485 0.80280406864
252192 4096 161344.106 163768.298 193091.944 10.6993426095 12.6151208093 12.8046627498 0.668708913097 0.78844505058 0.800291421863
277408 2048 89761.061 90582.921 101922.126 11.148346415 12.5439007205 12.6587537552 0.696771650937 0.783993795033 0.791172109697
305120 2048 95786.61 99395.397 226991.517 5.50580716195 12.5737363874 13.0474553802 0.344112947622 0.785858524213 0.815465961265
335616 2048 108798.103 118020.338 172862.637 7.95245959368 11.6478495088 12.6351755968 0.497028724605 0.727990594299 0.789698474798
369152 2048 118788.401 138274.468 142264.576 10.6284124588 10.9351105368 12.7289076987 0.664275778673 0.683444408551 0.795556731166
406048 2048 127575.122 147216.794 155541.12 10.6928162019 11.2974380355 13.036809857 0.66830101262 0.706089877219 0.814800616064
446624 2048 141028.867 171720.663 181104.376 10.1012021046 10.6531844918 12.9716131379 0.631325131536 0.66582403074 0.810725821119
491264 2048 155771.961 164644.086 194965.187 10.3209058754 12.2216193298 12.9177120907 0.64505661721 0.763851208114 0.807357005668
540384 1024 88037.871 88239.348 101970.915 10.8531578049 12.5420966619 12.5707995824 0.678322362803 0.783881041369 0.785674973898
594400 1024 93516.728 99066.034 113697.727 10.7067329499 12.288078475 13.0172561213 0.669170809369 0.768004904688 0.81357850758
653824 1024 106003.69 109231.279 119580.92 11.1977023759 12.2586823505 12.6319333978 0.699856398496 0.766167646906 0.789495837362
719200 1024 116848.155 122612.84 134106.607 10.9832142722 12.0127843055 12.6054330939 0.686450892013 0.750799019091 0.78783956837
791104 1024 127597.272 128767.564 146816.696 11.03540017 12.5822135767 12.6976146637 0.689712510626 0.786388348544 0.793600916484
870208 1024 138506.415 145483.712 162480.884 10.9685886741 12.2500722555 12.8671728598 0.685536792131 0.765629515969 0.804198303739
957216 1024 158733.096 177727.361 180296.921 10.8730551644 11.0302564387 12.3501551812 0.679565947773 0.689391027418 0.771884698828
1052928 512 83965.106 89174.361 97873.424 11.0162516844 12.0908998944 12.8410279384 0.688515730276 0.755681243401 0.802564246152
1158208 512 94664.126 105837.317 112002.061 10.5891354267 11.2059245795 12.5285579883 0.66182096417 0.70037028622 0.783034874267
1274016 512 101938.616 103698.988 120513.98 10.8252369061 12.580570063 12.7978231919 0.676577306633 0.78628562894 0.799863949497
1401408 512 113468.327 126736.519 130894.826 10.9633194516 11.3230330399 12.6470692742 0.685207465725 0.707689564994 0.790441829639
1541536 512 125447.375 128149.933 140841.678 11.207853289 12.3178594561 12.5832275406 0.700490830562 0.769866216005 0.78645172129
1695680 512 134951.116 142029.1 156508.289 11.0944687409 12.2254968876 12.8667058967 0.693404296305 0.764093555476 0.804169118542
1865248 512 149542.887 151124.603 172671.248 11.0615633704 12.6386697737 12.7723490586 0.691347710651 0.789916860857 0.798271816165
2051744 512 167029.054 171509.234 192128.987 10.9352882603 12.24998682 12.5785652597 0.683455516267 0.765624176247 0.786160328729
2256896 256 91703.809 94084.341 103448.512 11.170105105 12.2818605064 12.600684362 0.698131569065 0.767616281651 0.787542772624
2482560 256 100504.832 101619.395 115186.323 11.0349101082 12.5081508309 12.6468617947 0.689681881763 0.781759426928 0.790428862167
2730816 256 111179.394 125737.787 127553.121 10.9615333677 11.1197900437 12.5758716764 0.685095835483 0.694986877732 0.785991979773
3003872 256 119015.27 120115.69 138793.744 11.0810647489 12.8041762404 12.9225641718 0.692566546803 0.800261015026 0.807660260738
3304256 256 136905.072 148441.109 153060.836 11.0529846577 11.3969713875 12.3573147969 0.690811541105 0.712310711718 0.772332174808
3634656 256 148600.451 164069.861 171499.591 10.8510105543 11.3423870823 12.5231374432 0.678188159644 0.708899192643 0.782696090202
3998112 256 163934.672 171649.587 189124.888 10.8237121283 11.9256526029 12.4868846781 0.676482008016 0.745353287684 0.780430292379
4397920 128 90875.78 91016.447 103079.591 10.9223126429 12.3699348536 12.3890823275 0.682644540179 0.773120928353 0.774317645472
4837696 128 100648.374 113500.685 123750.806 10.007613009 10.9113894423 12.3047211473 0.625475813063 0.681961840142 0.769045071707
5321440 128 110700.765 123858.012 128089.82 10.6354169285 10.9987930373 12.3060454009 0.664713558033 0.687424564832 0.769127837554
5853568 128 122047.906 142341.923 145277.672 10.3148225558 10.5275619186 12.2780755288 0.644676409738 0.657972619915 0.76737972055
6438912 128 132837.971 133694.456 154577.072 10.6636867336 12.3293180684 12.4088124773 0.666480420848 0.770582379272 0.775550779829
7082784 128 147871.429 160824.075 172876.591 10.4883645236 11.2743860271 12.2619542954 0.655522782723 0.704649126693 0.766372143465
7791040 128 163682.621 187181.336 187394.393 10.6433613518 10.6554760353 12.1852046834 0.665210084487 0.665967252205 0.761575292712
8570144 64 89528.539 100592.142 105400.531 10.4077125759 10.9052099915 12.2528351769 0.650482035997 0.681575624466 0.765802198559
9427136 64 98422.502 102515.256 113425.129 10.6385015264 11.7706715574 12.2601375039 0.664906345401 0.735666972338 0.766258593995
10369824 64 108105.964 110668.337 133498.058 9.94274742184 11.9938322738 12.2781151279 0.621421713865 0.749614517113 0.767382195491
11406784 64 119854.391 137521.541 151408.135 9.64326224611 10.6170156427 12.1820180289 0.602703890382 0.663563477666 0.761376126804
12547456 64 131602.135 150007.498 153555.444 10.4592473322 10.7066272647 12.2040145321 0.653702958262 0.669164204045 0.762750908258
13802176 64 144380.19 162883.639 169843.166 10.4018228676 10.84626141 12.2362945221 0.650113929223 0.677891338123 0.764768407633
15182368 64 157164.166 160851.475 179892.777 10.8027856171 12.0815995253 12.3650521201 0.67517410107 0.75509997033 0.772815757505
16700576 64 176338.668 197904.092 210478.727 10.1562459944 10.8015640627 12.1225466442 0.63476537465 0.675097753916 0.75765916526
18370624 32 96177.993 110103.727 114029.554 10.3106597786 10.6782937148 12.2244174507 0.644416236163 0.667393357175 0.764026090667
20207680 32 121380.841 123231.447 164680.83 7.85332160398 10.4948172847 10.6548241827 0.490832600249 0.655926080297 0.665926511417
22228448 32 116144.118 116914.851 133249.82 10.6763421669 12.1680065435 12.2487535012 0.667271385432 0.760500408969 0.765547093827
24451264 32 130781.258 147433.502 170988.559 9.15196259418 10.6141472241 11.9656357488 0.571997662136 0.663384201509 0.747852234301
26896384 32 142536.056 169867.205 172582.634 9.97417026327 10.1336133481 12.076723773 0.623385641455 0.633350834259 0.75479523581
29586016 32 162346.109 174880.231 175059.885 10.8163273613 10.8274389459 11.6633840852 0.676020460084 0.67671493412 0.728961505323
32544608 32 178330.114 186031.41 193011.611 10.7913451487 11.1962539659 11.6797711014 0.674459071791 0.699765872871 0.729985693835
35799040 16 96487.166 107408.84 121421.361 9.43466018306 10.6655027649 11.8727632647 0.589666261441 0.666593922809 0.742047704044
39378944 16 107314.697 118418.787 128022.101 9.84303646134 10.6412693452 11.7423451142 0.615189778834 0.665079334076 0.733896569638
43316832 16 118823.233 130025.676 142020.25 9.76014775358 10.6604992694 11.6655521736 0.610009234599 0.666281204337 0.729097010851
47648512 16 130685.063 131851.996 143697.43 10.6108535414 11.5641206069 11.6673807166 0.663178346335 0.722757537929 0.72921129479
52413344 16 144662.789 155527.44 189090.937 8.86994921391 10.784122776 11.5940458469 0.554371825869 0.674007673501 0.724627865428
57654656 16 160221.211 173135.397 191189.381 9.64985075191 10.6561051291 11.5150109058 0.603115671994 0.666006570569 0.71968818161
63420096 16 176595.725 177606.18 191308.617 10.6082156874 11.4266467079 11.492028315 0.663013480464 0.714165419244 0.718251769685
69762080 8 98381.34 99594.041 103320.95 10.803165089 11.2074303723 11.3455791515 0.675197818061 0.700464398267 0.709098696968
76738272 8 108869.259 115931.484 140352.282 8.74807544633 10.5908447786 11.2778608331 0.546754715395 0.661927798664 0.704866302066
84412096 8 119514.222 126742.694 145966.297 9.2527765913 10.6561845372 11.3006930338 0.578298536956 0.666011533572 0.706293314615
92853280 8 131476.894 140314.15 163928.383 9.06281421686 10.5880446127 11.2997229764 0.566425888554 0.661752788297 0.706232686026
102138592 8 145229.895 145266.769 152833.22 10.6928158158 11.2497681559 11.252624482 0.668300988489 0.703110509741 0.703289030127
112352448 8 159437.008 170007.794 203916.292 8.81557402976 10.5738632665 11.2749178535 0.55097337686 0.660866454158 0.704682365841
123587680 8 179136.32 186760.314 211152.61 9.36480434696 10.5879179449 11.0385369087 0.585300271685 0.661744871558 0.689908556791
135946432 4 97097.299 102967.619 116260.054 9.35464433897 10.5622667258 11.2008414982 0.584665271186 0.660141670363 0.700052593636
149541056 4 107219.177 111066.011 112719.995 10.6132762692 10.7713281249 11.1577842833 0.663329766826 0.673208007804 0.697361517707
164495136 4 118095.917 125445.666 166131.475 7.92120269804 10.4902873886 11.1431548307 0.495075168628 0.65564296179 0.696447176916
180944640 4 129889.883 140503.047 187503.409 7.72016427712 10.3026742189 11.1444947564 0.48251026732 0.64391713868 0.696530922274
199039104 4 143007.14 144126.733 150038.609 10.6126872451 11.0480047584 11.1344988229 0.663292952816 0.690500297401 0.695906176433
218943008 4 157465.468 166195.443 214243.979 8.1754645903 10.5390619164 11.1233534961 0.510966536894 0.658691369775 0.695209593509
240837280 4 173222.964 182875.992 207130.415 9.30186056934 10.5355449829 11.1226490732 0.581366285584 0.658471561428 0.695165567078
264920992 4 192495.063 201181.777 299659.96 7.07257631617 10.5345919874 11.009985934 0.442036019761 0.658411999214 0.688124120877
291413088 2 105163.644 110723.003 169980.803 6.85755292026 10.5276439441 11.0841761246 0.428597057516 0.657977746503 0.692761007787
320554368 2 115526.842 136823.814 146215.073 8.76939323485 9.37130339021 11.0988706157 0.548087077178 0.585706461888 0.693679413482
352609792 2 127812.852 135378.355 151728.786 9.29579155797 10.4184983486 11.035190483 0.580986972373 0.651156146786 0.68969940519
387870752 2 140028.949 165182.942 174295.02 8.90147640478 9.39251347152 11.0797304349 0.556342275299 0.58703209197 0.69248315218
426657824 2 154998.281 200996.198 280233.498 6.09003316227 8.49086357345 11.0106466019 0.380627072642 0.530678973341 0.688165412622
469323584 2 169380.138 235054.978 321186.948 5.84486495385 7.98661807537 11.0833203832 0.365304059616 0.49916362971 0.692707523948
516255936 2 187486.68 288349.592 331620.677 6.22706570254 7.16152823272 11.0142424198 0.389191606409 0.447595514545 0.688390151236
567881504 1 103102.509 148542.554 155458.191 7.30590649932 7.64604470178 11.0158619709 0.456619156208 0.477877793861 0.688491373183
624669632 1 112955.916 115786.857 173701.124 7.19246505279 10.7899920282 11.0604146134 0.449529065799 0.674374501762 0.69127591334
687136576 1 124321.622 155390.426 177409.218 7.74634580713 8.84400144446 11.0541764972 0.484146612945 0.552750090279 0.690886031072
755850208 1 137593.423 165132.242 188649.862 8.01326012102 9.1544836895 10.9867200266 0.500828757564 0.572155230594 0.686670001661
831435200 1 150216.429 159906.568 180166.695 9.22962149025 10.3990125034 11.0698304511 0.576851343141 0.649938281459 0.691864403194
914578720 1 165149.461 245394.482 265719.602 6.88378812189 7.4539469066 11.0757699657 0.430236757618 0.465871681662 0.692235622858
1006036576 1 182809.594 200215.915 212814.215 9.45459941198 10.0495165532 11.0063870718 0.590912463249 0.628094784573 0.687899191987

META_DATA
ERT_VERSION  1.1.0
TIMESTAMP_DATA  1535255596.51
HOSTNAME  ('atajo-Inspiron-15-7568', [], ['127.0.1.1'])
CONFIG  {'ERT_WORKING_SET_MIN': ['1'], 'ERT_CFLAGS': [], 'ERT_CC': ['mpicc'], 'ERT_MPI_CFLAGS': ['-I/usr/include/mpi'], 'ERT_MPI_LDFLAGS': ['-lmpi'], 'ERT_MEMORY_MAX': ['1073741824'], 'ERT_PROCS_THREADS': ['1-4'], 'ERT_LDFLAGS': [], 'ERT_LDLIBS': [], 'ERT_RUN': ['export', 'OMP_NUM_THREADS=ERT_OPENMP_THREADS;', 'mpirun', '-np', 'ERT_MPI_PROCS', 'ERT_CODE'], 'ERT_FLOPS': ['1,2,4,8,16,32'], 'ERT_OPENMP_CFLAGS': ['-fopenmp'], 'ERT_MPI': ['True'], 'ERT_TRIALS_MIN': ['1'], 'ERT_DRIVER': ['driver1'], 'ERT_RESULTS': ['Results/myLaptop'], 'ERT_OPENMP': ['False'], 'ERT_MPI_PROCS': ['1,2,4,8'], 'ERT_KERNEL': ['kernel1'], 'ERT_GPU': [False], 'ERT_OPENMP_THREADS': ['1,2,4,8'], 'ERT_LD': ['mpicc'], 'ERT_NUM_EXPERIMENTS': ['3'], 'ERT_OPENMP_LDFLAGS': ['-fopenmp'], 'ERT_ALIGN': ['64'], 'ERT_GNUPLOT': ['gnuplot']}
TIMESTAMP_DATA  1535255650.06
UNAME  ('Linux', 'atajo-Inspiron-15-7568', '4.15.0-33-generic', '#36-Ubuntu SMP Wed Aug 15 16:00:05 UTC 2018', 'x86_64', 'x86_64')
FLOPS          1
MPI_PROCS      4
TIMESTAMP_DATA  1535255548.71
