64 16777216 734211.847 735470.127 743466.804 2.88847280934 2.91987882194 2.9248828615 1.44423640467 1.45993941097 1.46244143075
128 8388608 550944.461 554705.8 555733.816 3.86423065535 3.87139209289 3.89782237597 1.93211532767 1.93569604644 1.94891118798
192 4194304 401103.043 403819.426 406269.868 3.9643913144 3.98844788611 4.01545878075 1.9821956572 1.99422394306 2.00772939038
256 4194304 514791.77 515494.562 517520.414 4.1495631668 4.16587061495 4.17155784755 2.0747815834 2.08293530747 2.08577892378
320 2097152 309896.216 312475.355 324436.407 4.13695026526 4.29530604102 4.33105411006 2.06847513263 2.14765302051 2.16552705503
384 2097152 378774.445 379012.348 385110.047 4.18221427498 4.24949937515 4.25216842704 2.09110713749 2.12474968757 2.12608421352
448 2097152 432147.035 436300.136 438283.656 4.28728784721 4.3067788363 4.34816865514 2.14364392361 2.15338941815 2.17408432757
512 2097152 475298.42 489293.525 499846.697 4.29628456262 4.38894761176 4.51817964806 2.14814228131 2.19447380588 2.25908982403
576 1048576 280644.321 283918.218 286533.186 4.21577538317 4.25460388033 4.30423657851 2.10788769158 2.12730194017 2.15211828926
640 1048576 292967.369 308493.823 312062.8 4.30098454542 4.35074280239 4.58132004455 2.15049227271 2.1753714012 2.29066002228
704 1048576 340594.012 340843.507 342750.496 4.3074919664 4.33159199949 4.33476501636 2.1537459832 2.16579599975 2.16738250818
768 1048576 337438.321 370611.737 371837.596 4.3314951294 4.34582225873 4.7730581732 2.1657475647 2.17291112936 2.3865290866
832 1048576 399410.624 405110.074 405783.067 4.2999094982 4.30705276413 4.36851290165 2.1499547491 2.15352638207 2.18425645082
896 1048576 428471.247 428927.296 436068.504 4.30906652226 4.38080814516 4.38547091586 2.15453326113 2.19040407258 2.19273545793
960 1048576 458009.096 459806.977 464431.472 4.33490415998 4.37850232969 4.39568981835 2.16745207999 2.18925116484 2.19784490918
1024 1048576 487366.689 490305.811 504605.207 4.25576989339 4.37988618495 4.40629960247 2.1278849467 2.18994309248 2.20314980124
1088 524288 262870.06 264469.485 265314.288 4.29999717166 4.31373278471 4.33997956253 2.14999858583 2.15686639236 2.16998978126
1152 524288 276190.225 280798.321 284428.536 4.24697032509 4.30187597881 4.37365063155 2.12348516254 2.1509379894 2.18682531578
1216 524288 298662.237 301097.922 303747.893 4.19778522052 4.23473004241 4.26926560521 2.09889261026 2.1173650212 2.13463280261
1280 524288 308708.557 317092.791 431194.934 3.11269259949 4.23275873213 4.34771647745 1.55634629975 2.11637936606 2.17385823873
1408 524288 334985.112 335995.426 513450.314 2.87543890371 4.39409257911 4.40734514792 1.43771945186 2.19704628955 2.20367257396
1536 524288 364229.581 366684.649 577386.009 2.78949041178 4.39236477554 4.42197125115 1.39474520589 2.19618238777 2.21098562557
1664 524288 393674.183 396639.827 591440.502 2.95013692518 4.39902991386 4.43216888317 1.47506846259 2.19951495693 2.21608444159
1792 524288 427898.362 436451.415 524415.919 3.58312576701 4.30528605801 4.3913423347 1.79156288351 2.15264302901 2.19567116735
1920 524288 439854.305 455685.403 458324.995 4.39266010356 4.41810491788 4.57711996248 2.19633005178 2.20905245894 2.28855998124
2112 262144 261087.379 262041.7 264893.786 4.18015187416 4.2256490322 4.2410945341 2.09007593708 2.1128245161 2.12054726705
2304 262144 272952.586 279708.458 281852.351 4.28578845525 4.31863791548 4.42552887922 2.14289422762 2.15931895774 2.21276443961
2496 262144 285978.516 286720.96 299078.28 4.37551950613 4.56409900413 4.57594810374 2.18775975307 2.28204950207 2.28797405187
2688 262144 323786.799 327144.524 328145.107 4.29470412308 4.30783962626 4.35251266683 2.14735206154 2.15391981313 2.17625633342
2944 262144 336862.889 353075.23 363646.843 4.24451332855 4.37160055663 4.58199440307 2.12225666428 2.18580027831 2.29099720154
3200 262144 358887.699 379329.077 386484.61 4.34097906253 4.42286579576 4.67478156726 2.17048953126 2.21143289788 2.33739078363
3520 262144 398069.011 412994.232 414697.881 4.45021265976 4.46857030197 4.63611511824 2.22510632988 2.23428515098 2.31805755912
3840 262144 430525.129 451145.257 460201.168 4.37475186938 4.46256696432 4.67630292493 2.18737593469 2.23128348216 2.33815146247
4224 131072 233937.596 247797.835 248651.453 4.45320645683 4.46854693464 4.73329757565 2.22660322842 2.23427346732 2.36664878782
4608 131072 272629.034 277355.857 278171.114 4.34250535446 4.35526967076 4.43078102973 2.17125267723 2.17763483538 2.21539051486
5056 131072 276792.488 301894.132 304525.583 4.35234390143 4.39028097439 4.78842498067 2.17617195072 2.1951404872 2.39421249033
5504 131072 328164.07 328493.122 329601.318 4.37753278644 4.39230071916 4.39670490435 2.18876639322 2.19615035958 2.19835245217
6016 131072 356052.747 357652.507 362981.036 4.34474021392 4.40947084987 4.42928278826 2.17237010696 2.20473542494 2.21464139413
6592 131072 391508.213 394601.228 397053.449 4.35219301671 4.37923940774 4.41383651893 2.17609650836 2.18961970387 2.20691825946
7232 131072 426179.391 427567.067 428580.254 4.42350152697 4.4339837053 4.44842112978 2.21175076349 2.21699185265 2.22421056489
7936 131072 467410.366 467758.447 476749.562 4.36366375519 4.44754081373 4.45085290214 2.18183187759 2.22377040687 2.22542645107
8704 65536 256830.599 262364.464 269364.169 4.23534686234 4.34834302865 4.44203569373 2.11767343117 2.17417151433 2.22101784686
9536 65536 282365.589 290180.21 291016.448 4.29495514975 4.30733230223 4.42654006257 2.14747757488 2.15366615111 2.21327003129
10432 65536 297116.899 307103.63 308699.51 4.42936596822 4.45238339905 4.60203747617 2.21468298411 2.22619169953 2.30101873808
11456 65536 326810.062 337039.272 343081.823 4.37668431067 4.45515094751 4.59459792275 2.18834215533 2.22757547376 2.29729896138
12544 65536 370485.219 373534.325 377473.934 4.35571047404 4.40164948161 4.43787520711 2.17785523702 2.20082474081 2.21893760355
13760 65536 401047.564 406405.671 410155.367 4.39723788864 4.43780893992 4.49709930167 2.19861894432 2.21890446996 2.24854965083
15104 65536 443500.438 450030.14 452973.387 4.37048079383 4.39906422268 4.46383209209 2.18524039692 2.19953211134 2.23191604604
16576 32768 219921.296 230047.649 250485.557 4.3368757425 4.72217273561 4.93960683098 2.16843787125 2.36108636781 2.46980341549
18176 32768 257671.575 269065.229 275680.432 4.32088098295 4.42711360523 4.6228705514 2.16044049147 2.21355680261 2.3114352757
19968 32768 294327.995 295519.275 304470.831 4.29802370132 4.42821487025 4.44613788097 2.14901185066 2.21410743512 2.22306894049
21952 32768 323419.664 326408.093 327247.897 4.39619714959 4.40750797193 4.44823377221 2.19809857479 2.20375398597 2.2241168861
24128 32768 354848.585 357837.711 358556.754 4.41004831274 4.41890991193 4.4561333336 2.20502415637 2.20945495596 2.2280666668
26496 32768 390115.168 391327.209 392063.394 4.42898235993 4.43731439078 4.45110059397 2.21449117996 2.21865719539 2.22555029698
29120 32768 429342.299 433850.394 437963.392 4.35746081718 4.39877051258 4.44495761178 2.17873040859 2.19938525629 2.22247880589
32000 32768 469571.377 478527.777 482014.972 4.35080261366 4.38250839512 4.46609845216 2.17540130683 2.19125419756 2.23304922608
35200 16384 257682.86 266020.67 266381.95 4.3299990859 4.33587961417 4.47617509368 2.16499954295 2.16793980708 2.23808754684
38720 16384 264256.247 287982.792 291050.354 4.35930395742 4.40573879845 4.80131302251 2.17965197871 2.20286939922 2.40065651125
42560 16384 308360.759 313325.906 313924.855 4.44248379122 4.45097597516 4.52264446528 2.22124189561 2.22548798758 2.26132223264
46784 16384 344727.285 344734.337 345878.688 4.43224218545 4.4469550824 4.44704605265 2.21612109272 2.2234775412 2.22352302632
51456 16384 375984.867 376901.006 390621.277 4.31648327236 4.4736155679 4.48451614942 2.15824163618 2.23680778395 2.24225807471
56576 16384 414717.454 416513.67 421432.628 4.39900056338 4.45095203718 4.47022991224 2.19950028169 2.22547601859 2.23511495612
62208 16384 454847.202 459318.76 459560.281 4.43561340759 4.43794576124 4.48157476849 2.2178067038 2.21897288062 2.24078738424
68416 8192 253381.013 254431.14 260054.739 4.31035307532 4.4056232425 4.42388216358 2.15517653766 2.20281162125 2.21194108179
75200 8192 268353.185 278615.194 282119.563 4.36721504492 4.4221450464 4.59125089199 2.18360752246 2.2110725232 2.295625446
82688 8192 303088.418 304831.13 307555.901 4.40492342236 4.44429737868 4.46985140818 2.20246171118 2.22214868934 2.23492570409
90944 8192 332754.93 337421.184 345066.672 4.3180829008 4.41592456744 4.47784949723 2.1590414504 2.20796228372 2.23892474861
100032 8192 365581.532 372195.589 378324.118 4.33206398964 4.40339524819 4.48306094412 2.16603199482 2.2016976241 2.24153047206
110016 8192 403670.197 403737.046 407162.357 4.42698622063 4.46454483644 4.46528417851 2.21349311032 2.23227241822 2.23264208925
120960 8192 436456.784 445446.967 445607.492 4.44743114867 4.44903386221 4.54067553227 2.22371557433 2.2245169311 2.27033776613
133056 4096 246013.112 246955.931 247488.046 4.40423191995 4.41372170163 4.43063681907 2.20211595998 2.20686085081 2.21531840953
146304 4096 267896.529 269984.254 281377.087 4.25948815086 4.43923062269 4.47382566872 2.12974407543 2.21961531134 2.23691283436
160896 4096 296216.442 298575.501 298815.687 4.41094657792 4.41449491866 4.44965182588 2.20547328896 2.20724745933 2.22482591294
176960 4096 325736.987 327800.516 333459.418 4.34732456709 4.42237351451 4.45038904962 2.17366228355 2.21118675725 2.22519452481
194624 4096 345069.813 357604.478 357812.807 4.45584891544 4.45844475135 4.62039780918 2.22792445772 2.22922237568 2.31019890459
214080 4096 385269.514 398779.267 402875.083 4.3530698075 4.39777968698 4.55199099922 2.17653490375 2.19888984349 2.27599549961
235456 4096 433236.874 439292.231 443375.153 4.35039162422 4.39082555048 4.45219617202 2.17519581211 2.19541277524 2.22609808601
258944 4096 471535.684 473616.687 476506.135 4.45171445274 4.47887354104 4.49863991205 2.22585722637 2.23943677052 2.24931995603
284800 2048 267140.541 267601.839 271386.782 4.29844368765 4.3592405955 4.36676812749 2.14922184383 2.17962029775 2.18338406375
313280 2048 284026.511 289711.497 290916.902 4.41086396555 4.4292162834 4.51787009418 2.20543198277 2.2146081417 2.25893504709
344576 2048 306752.472 316904.044 318673.115 4.42893745837 4.45366136129 4.60104946114 2.21446872919 2.22683068065 2.30052473057
379008 2048 349173.796 349636.436 351360.412 4.41830301588 4.4400886411 4.44597156426 2.20915150794 2.22004432055 2.22298578213
416896 2048 384959.094 389155.532 391494.111 4.36176680063 4.38797826469 4.4358116034 2.18088340031 2.19398913235 2.2179058017
458560 2048 419837.943 421279.051 424277.668 4.42696352333 4.4584741528 4.47377801677 2.21348176167 2.2292370764 2.23688900839
504384 2048 456219.226 468879.729 471882.32 4.37811881573 4.40615521683 4.52843007541 2.18905940786 2.20307760842 2.26421503771
554816 1024 254840.348 257988.292 259720.346 4.37494861492 4.40432067359 4.45872553902 2.18747430746 2.2021603368 2.22936276951
610240 1024 284164.534 285050.964 288221.868 4.33614398752 4.38437920876 4.39805595163 2.16807199376 2.19218960438 2.19902797581
671232 1024 299963.051 305815.632 308183.707 4.46059640655 4.49513691308 4.58284155804 2.23029820327 2.24756845654 2.29142077902
738304 1024 349337.578 350280.942 351512.068 4.30154959004 4.31666816746 4.3283250564 2.15077479502 2.15833408373 2.1641625282
812096 1024 341777.738 376393.748 383887.415 4.33244889781 4.41870412789 4.86624031668 2.16622444891 2.20935206395 2.43312015834
893248 1024 412570.064 414592.861 424535.979 4.30910922629 4.41245394238 4.43408784017 2.15455461314 2.20622697119 2.21704392008
982528 1024 445896.416 453646.178 453654.913 4.43556828404 4.43565369132 4.51274617107 2.21778414202 2.21782684566 2.25637308554
1080768 512 248604.078 250562.914 251180.721 4.40601662259 4.41688043267 4.45168253435 2.20300831129 2.20844021634 2.22584126717
1188800 512 265767.626 273391.02 276711.465 4.39927995033 4.45271099248 4.58043448828 2.19963997516 2.22635549624 2.29021724414
1307648 512 303577.119 304113.784 307579.45 4.3534493348 4.40306103323 4.41084478439 2.1767246674 2.20153051662 2.20542239219
1438400 512 332682.564 338444.079 341820.576 4.30904896726 4.35203831709 4.42740846497 2.15452448363 2.17601915854 2.21370423248
1582208 512 364391.291 367767.995 375815.374 4.31110886911 4.40544314358 4.44626705417 2.15555443456 2.20272157179 2.22313352709
1740416 512 401269.131 403789.674 407820.766 4.37002264863 4.41364923066 4.44137324882 2.18501132431 2.20682461533 2.22068662441
1914432 512 440603.729 441585.451 445580.345 4.39960691713 4.43940886993 4.44930044612 2.19980345857 2.21970443496 2.22465022306
2105856 256 243942.767 245077.306 245996.907 4.38297491277 4.39942110348 4.41988211112 2.19148745638 2.19971055174 2.20994105556
2316416 256 264983.315 267529.722 269496.53 4.4008173018 4.43317095063 4.47577234061 2.2004086509 2.21658547531 2.2378861703
2548032 256 293940.66 301873.391 310121.187 4.2067180144 4.32165412022 4.43828487015 2.1033590072 2.16082706011 2.21914243508
2802816 256 327802.294 328563.218 329733.721 4.35212324553 4.36762763871 4.37776616658 2.17606162277 2.18381381935 2.18888308329
3083072 256 357482.465 358970.699 364243.609 4.33372837573 4.3973863839 4.41569312777 2.16686418786 2.19869319195 2.20784656389
3391360 256 390513.093 393061.939 396807.676 4.37586373707 4.4175641234 4.4463971916 2.18793186854 2.2087820617 2.2231985958
3730496 256 413462.579 433862.162 440051.261 4.34043512944 4.40235198939 4.61955700228 2.17021756472 2.20117599469 2.30977850114
4103488 256 475039.902 477096.51 477126.186 4.40341762336 4.40369152145 4.42275658772 2.20170881168 2.20184576072 2.21137829386
4513792 128 263510.885 266597.959 269762.486 4.2835116518 4.33435708336 4.38513480003 2.1417558259 2.16717854168 2.19256740001
4965120 128 287795.105 289988.97 290347.831 4.37775173185 4.38316919433 4.41658213749 2.18887586593 2.19158459717 2.20829106874
5461632 128 315187.744 319870.696 323647.691 4.3200610753 4.37107184085 4.43601573543 2.16003053765 2.18553592043 2.21800786772
6007744 128 350090.478 350553.915 355598.415 4.32505432849 4.38729222009 4.39309995743 2.16252716425 2.19364611004 2.19654997872
6608512 128 381825.037 385555.269 385711.445 4.38612619338 4.38790287159 4.43077040021 2.19306309669 2.19395143579 2.21538520011
7269312 128 421629.097 421951.774 432498.662 4.30277370893 4.41032361201 4.41369887714 2.15138685446 2.205161806 2.20684943857
7996224 128 459657.158 463822.119 468634.95 4.36807656791 4.41340173343 4.45339163847 2.18403828396 2.20670086672 2.22669581923
8795840 64 248963.336 260526.548 261155.747 4.31109609087 4.32150784111 4.52222217973 2.15554804544 2.16075392056 2.26111108987
9675392 64 283801.891 284438.042 288979.423 4.28559986432 4.35402440297 4.36378408768 2.14279993216 2.17701220148 2.18189204384
10642880 64 309370.231 311717.054 314607.473 4.3301216815 4.37027304897 4.40342509878 2.16506084075 2.18513652448 2.20171254939
11707136 64 337998.744 339163.329 344659.363 4.34780995055 4.41826482957 4.43348809604 2.17390497527 2.20913241478 2.21674404802
12877824 64 373417.585 377015.572 378299.034 4.35729759754 4.37213100577 4.41425775918 2.17864879877 2.18606550289 2.20712887959
14165568 64 411221.338 412306.511 420346.268 4.31356917388 4.39768147149 4.40928652394 2.15678458694 2.19884073575 2.20464326197
15582080 64 449347.538 451295.851 456678.937 4.36741456285 4.41950936527 4.43867178816 2.18370728142 2.20975468263 2.21933589408
17140288 32 249833.361 253819.455 254157.541 4.31613568373 4.32188475072 4.39084046906 2.15806784187 2.16094237536 2.19542023453
18854272 32 271122.192 275605.421 289368.359 4.1700254035 4.37826441738 4.45066262964 2.08501270175 2.18913220869 2.22533131482
20739648 32 298558.189 301038.795 306610.188 4.32907164846 4.40919075563 4.44582503815 2.16453582423 2.20459537782 2.22291251907
22813568 32 328395.659 329878.479 332238.244 4.39464263482 4.42607943515 4.44606471488 2.19732131741 2.21303971757 2.22303235744
25094912 32 362149.448 370423.174 372749.173 4.30872684458 4.33578264194 4.43483864705 2.15436342229 2.16789132097 2.21741932353
27604352 32 399242.146 402659.203 416887.491 4.23778253399 4.38752800094 4.42508023189 2.118891267 2.19376400047 2.21254011594
30364736 32 443160.938 443164.741 447269.024 4.34490876793 4.38514828507 4.38518591636 2.17245438396 2.19257414254 2.19259295818
33401152 32 481319.863 482959.496 483597.784 4.42035468053 4.42619670118 4.44127469553 2.21017734027 2.21309835059 2.22063734777
36741248 16 265333.201 265394.664 265813.462 4.42310155082 4.43008129206 4.43110749642 2.21155077541 2.21504064603 2.21555374821
40415360 16 294690.132 297545.686 307541.366 4.20526037463 4.34653090551 4.38864888764 2.10263018732 2.17326545275 2.19432444382
44456896 16 306927.604 324512.898 325363.106 4.37240930445 4.38386480404 4.63503658016 2.18620465223 2.19193240202 2.31751829008
48902528 16 352143.568 353440.761 354653.37 4.41242358983 4.42756203776 4.4438718699 2.20621179491 2.21378101888 2.22193593495
53792768 16 390385.015 391388.632 393823.291 4.37091613254 4.39810570686 4.4094125283 2.18545806627 2.19905285343 2.20470626415
59172032 16 424359.559 425493.024 431127.327 4.39198562795 4.45014352104 4.46202986086 2.19599281397 2.22507176052 2.23101493043
65089216 16 472012.732 473047.17 484083.938 4.30267304593 4.40305966105 4.41270917243 2.15133652296 2.20152983052 2.20635458621
71598080 8 259104.13 259390.685 260290.064 4.4011256611 4.41638557684 4.4212698578 2.20056283055 2.20819278842 2.2106349289
78757888 8 286034.993 286200.01 295543.782 4.2637547624 4.40295654777 4.40549666593 2.1318773812 2.20147827388 2.20274833296
86633664 8 310924.97 313339.303 314609.797 4.40589783668 4.42376239025 4.45811291386 2.20294891834 2.21188119513 2.22905645693
95297024 8 330410.683 344857.89 352957.317 4.3199341976 4.42139335713 4.61471878014 2.1599670988 2.21069667857 2.30735939007
104826688 8 378174.451 380900.267 381797.949 4.39297018853 4.40332326677 4.43506165889 2.19648509427 2.20166163338 2.21753082944
115309312 8 418649.216 418724.982 425747.417 4.33343554965 4.40611157994 4.40690898607 2.16671777483 2.20305578997 2.20345449303
126840192 8 458193.813 462446.49 476932.509 4.25519970584 4.38849275729 4.4292240847 2.12759985292 2.19424637865 2.21461204235
139524160 4 251998.74 254911.329 266271.687 4.19193378228 4.37875116959 4.4293605595 2.09596689114 2.18937558479 2.21468027975
153476544 4 271041.191 275160.57 281230.584 4.36585642478 4.46216677048 4.5299843447 2.18292821239 2.23108338524 2.26499217235
168824192 4 304493.01 308221.69 309883.337 4.35839354602 4.38188998315 4.43554857302 2.17919677301 2.19094499157 2.21777428651
185706560 4 335286.861 338440.294 345929.254 4.29467141857 4.38970331352 4.43098925967 2.14733570928 2.19485165676 2.21549462984
204277184 4 368534.743 374688.951 375252.287 4.35498337682 4.36153099161 4.4343647459 2.17749168841 2.1807654958 2.21718237295
224704896 4 403096.607 405969.978 424620.349 4.2335210082 4.42801011261 4.45957404945 2.1167605041 2.2140050563 2.22978702473
247175360 4 442849.082 445815.034 451441.728 4.3801951777 4.43547823468 4.46518455242 2.19009758885 2.21773911734 2.23259227621
271892864 2 236778.382 244870.414 254275.464 4.27713881195 4.44141633215 4.59320418872 2.13856940597 2.22070816608 2.29660209436
299082112 2 263775.955 270734.776 277345.863 4.31348942818 4.41882075763 4.5353961395 2.15674471409 2.20941037881 2.26769806975
328990272 2 296281.356 297002.384 300297.521 4.38219098052 4.43080984831 4.44159263265 2.19109549026 2.21540492416 2.22079631632
361889280 2 326270.957 327912.206 328227.776 4.41022127268 4.41446549873 4.43667169554 2.20511063634 2.20723274937 2.21833584777
398078208 2 356734.944 361838.711 368214.877 4.32441199816 4.40061492481 4.46357403103 2.16220599908 2.2003074624 2.23178701552
437886016 2 395710.702 396511.697 397193.527 4.40980012245 4.41738308668 4.42632472447 2.20490006122 2.20869154334 2.21316236224
481674560 2 433657.542 442236.722 443106.059 4.34816496156 4.35671246677 4.44290264413 2.17408248078 2.17835623338 2.22145132207
529841984 2 471322.42 479060.577 480297.537 4.41261462475 4.42400823143 4.49664146255 2.20630731238 2.21200411571 2.24832073127
582826176 1 267565.947 268303.916 270977.642 4.30165508636 4.34452232147 4.35650487317 2.15082754318 2.17226116074 2.17825243659
641108736 1 287790.382 290479.285 297330.783 4.31242759012 4.41414427194 4.45538680997 2.15621379506 2.20707213597 2.22769340499
705219584 1 308942.31 321874.059 323705.223 4.35717148747 4.38195974035 4.56538040387 2.17858574373 2.19097987017 2.28269020193
775741504 1 351590.348 351708.065 354899.946 4.37160677393 4.41128072511 4.412757679 2.18580338696 2.20564036255 2.2063788395
853315648 1 383314.065 384182.448 390446.792 4.37097020892 4.44224171324 4.45230543784 2.18548510446 2.22112085662 2.22615271892
938647168 1 423600.285 423642.899 428467.411 4.38141685413 4.43131311874 4.43175890687 2.19070842706 2.21565655937 2.21587945343
1032511872 1 464061.519 467656.349 471463.65 4.3800274825 4.41568632269 4.44989222216 2.19001374125 2.20784316135 2.22494611108

META_DATA
ERT_VERSION  1.1.0
OPENMP_THREADS 8
FLOPS          8
UNAME  ('Linux', 'atajo-Inspiron-15-7568', '4.15.0-33-generic', '#36-Ubuntu SMP Wed Aug 15 16:00:05 UTC 2018', 'x86_64', 'x86_64')
HOSTNAME  ('atajo-Inspiron-15-7568', [], ['127.0.1.1'])
TIMESTAMP_DATA  1535272281.51
CONFIG  {'ERT_WORKING_SET_MIN': ['1'], 'ERT_CFLAGS': [], 'ERT_CC': ['gcc'], 'ERT_MPI_CFLAGS': ['-I/usr/include/mpi'], 'ERT_MPI_LDFLAGS': ['-mpicc'], 'ERT_MEMORY_MAX': ['1073741824'], 'ERT_PROCS_THREADS': ['1-4'], 'ERT_LDFLAGS': [], 'ERT_LDLIBS': [], 'ERT_RUN': ['export', 'OMP_NUM_THREADS=ERT_OPENMP_THREADS;', 'mpirun', '-np', 'ERT_MPI_PROCS', 'ERT_CODE'], 'ERT_FLOPS': ['1,2,4,8,16'], 'ERT_OPENMP_CFLAGS': ['-fopenmp'], 'ERT_MPI': ['False'], 'ERT_TRIALS_MIN': ['1'], 'ERT_DRIVER': ['driver1'], 'ERT_RESULTS': ['Results/myLaptop'], 'ERT_OPENMP': ['True'], 'ERT_MPI_PROCS': ['1,2,4,8'], 'ERT_KERNEL': ['kernel1'], 'ERT_GPU': [False], 'ERT_OPENMP_THREADS': ['1,2,4,8'], 'ERT_LD': ['gcc'], 'ERT_NUM_EXPERIMENTS': ['3'], 'ERT_OPENMP_LDFLAGS': ['-fopenmp'], 'ERT_ALIGN': ['64'], 'ERT_GNUPLOT': ['gnuplot']}
TIMESTAMP_DATA  1535272511.34
TIMESTAMP_DATA  1535272396.1
