8 134217728 610953.075 612197.298 614951.788 3.49211708935 3.50782934687 3.5149731393 0.218257318084 0.219239334179 0.219685821206
16 67108864 440212.828 441109.606 441639.104 4.86253057881 4.86836745061 4.87828502808 0.303908161176 0.304272965663 0.304892814255
24 33554432 300962.835 301158.26 301459.471 5.34271731672 5.34806096967 5.35153364036 0.333919832295 0.334253810604 0.334470852522
32 33554432 386455.997 387335.697 389130.725 5.51866894602 5.54424408758 5.55686459693 0.344916809126 0.346515255474 0.347304037308
40 16777216 238562.139 239087.29 240887.022 5.57181233284 5.61375420667 5.62611186178 0.348238270802 0.350859637917 0.351631991361
48 16777216 280845.673 280978.783 281098.35 5.72971252233 5.73215072969 5.7348675477 0.358107032645 0.358259420605 0.358429221731
56 16777216 330364.729 331683.268 332423.298 5.65257670959 5.6651883688 5.68779905073 0.353286044349 0.35407427305 0.35548744067
64 16777216 372526.804 373198.405 374169.969 5.73932657861 5.75426802266 5.76464196654 0.358707911163 0.359641751416 0.360290122909
72 8388608 209298.384 209506.406 209509.815 5.76564659751 5.76574041368 5.77147099234 0.360352912344 0.360358775855 0.360716937021
80 8388608 230240.727 230748.618 231199.024 5.80528955866 5.8166210989 5.82945205867 0.362830597416 0.363538818681 0.364340753667
88 8388608 253925.26 254460.605 255654.12 5.77497052658 5.80205728899 5.81428963782 0.360935657912 0.362628580562 0.363393102364
96 8388608 275785.995 275817.354 275857.172 5.83857481146 5.83941768943 5.84008167637 0.364910925716 0.36496360559 0.365005104773
104 8388608 298564.86 298810.977 298978.731 5.8359685258 5.83924486817 5.84405835302 0.364748032863 0.364952804261 0.365253647063
112 8388608 321254.858 322361.193 322711.714 5.82268356085 5.82901488393 5.84908880039 0.363917722553 0.364313430246 0.365568050025
120 8388608 343535.379 343871.834 344352.717 5.84652253521 5.85469852701 5.86043255824 0.36540765845 0.365918657938 0.36627703489
128 8388608 365949.58 365977.653 366953.02 5.85220322754 5.86779993368 5.86825006877 0.365762701721 0.366737495855 0.366765629298
136 4194304 194136.681 194372.373 194671.494 5.86038903056 5.8694076241 5.87653338938 0.36627431441 0.366837976506 0.367283336836
144 4194304 206250.775 206298.839 210960.901 5.72598783127 5.85538705819 5.85675157827 0.357874239454 0.365961691137 0.366046973642
152 4194304 253518.024 254132.612 254466.739 5.01074687014 5.01733487082 5.02949808413 0.313171679384 0.313583429426 0.314343630258
160 4194304 261118.72 262805.334 264221.176 5.07974909626 5.10711582437 5.14010362796 0.317484318517 0.319194739023 0.321256476747
176 4194304 250501.61 250745.542 251503.786 5.87026951555 5.8880209643 5.89375456709 0.366891844722 0.368001310269 0.368359660443
192 4194304 273238.22 274319.434 274326.29 5.87115706628 5.8713038027 5.89453677454 0.366947316643 0.366956487669 0.368408548409
208 4194304 295556.356 295998.36 300613.434 5.80423316677 5.89473017351 5.9035457319 0.362764572923 0.368420635844 0.368971608244
224 4194304 318010.265 319020.026 319264.967 5.88554456712 5.89006344072 5.9087658444 0.367846535445 0.368128965045 0.369297865275
240 4194304 340209.037 340764.789 341408.542 5.89694068053 5.90808083754 5.91773204425 0.368558792533 0.369255052346 0.369858252766
264 2097152 206749.229 206877.021 207594.233 5.33394516793 5.35243716604 5.35574551526 0.333371572995 0.334527322877 0.334734094704
288 2097152 205351.758 206600.068 206644.874 5.84558198139 5.84684973095 5.88239206601 0.365348873837 0.365428108184 0.367649504126
312 2097152 220752.808 221594.641 221697.712 5.90273501785 5.90548057523 5.92800091585 0.368920938616 0.369092535952 0.37050005724
336 2097152 259733.335 260123.443 262156.12 5.3757514568 5.41775907526 5.42589631015 0.33598446605 0.338609942203 0.339118519385
368 2097152 261060.685 261496.458 261957.065 5.89220173161 5.9025804166 5.91243324134 0.368262608226 0.368911276037 0.369527077584
400 2097152 284013.821 284202.692 285052.969 5.88564857221 5.9032572429 5.90718294657 0.367853035763 0.368953577681 0.36919893416
440 2097152 311452.18 311532.835 312007.403 5.91490375631 5.92391411968 5.92544820203 0.369681484769 0.37024463248 0.370340512627
480 2097152 342399.883 342596.107 346735.19 5.80635014289 5.87649969998 5.87986742974 0.36289688393 0.367281231249 0.367491714359
528 1048576 188104.81 188355.181 188497.837 5.87431810159 5.8787671787 5.88659192713 0.367144881349 0.367422948668 0.367911995446
576 1048576 204516.898 205173.986 211246.978 5.71823352664 5.88748883594 5.90640462384 0.357389595415 0.367968052246 0.36915028899
632 1048576 236457.181 236529.494 236647.237 5.60074176569 5.60352978221 5.60524344575 0.350046360355 0.350220611388 0.350327715359
688 1048576 255999.639 256125.087 256136.957 5.63308236695 5.63334342957 5.63610394779 0.352067647934 0.352083964348 0.352256496737
752 1048576 277470.855 277730.399 277818.232 5.67658318407 5.67837841907 5.68368992844 0.354786449005 0.354898651192 0.355230620528
824 1048576 304167.614 304831.703 304945.929 5.66675296721 5.66887640292 5.68125325795 0.354172060451 0.354304775183 0.355078328622
904 1048576 333106.17 333396.197 334762.756 5.6631909435 5.68640381942 5.6913548254 0.353949433969 0.355400238714 0.355709676587
992 1048576 364333.169 364485.643 365389.955 5.69357409949 5.70770021798 5.71008889943 0.355848381218 0.356731263623 0.356880556214
1088 524288 199626.542 200112.941 200369.056 5.69374688275 5.70103403757 5.71492486205 0.355859180172 0.356314627348 0.357182803878
1192 524288 217676.844 218142.514 218309.101 5.72538014345 5.7297523948 5.74200989426 0.357836258966 0.358109524675 0.358875618391
1304 524288 237176.48 238455.848 238462.728 5.73399086502 5.73415630385 5.76508726329 0.358374429064 0.358384768991 0.360317953956
1432 524288 260113.076 260864.342 260920.51 5.75485933245 5.75609843985 5.77272336743 0.359678708278 0.359756152491 0.360795210465
1568 524288 284514.396 284785.968 285150.465 5.76596348177 5.77334332708 5.77885404435 0.360372717611 0.360833957943 0.361178377772
1720 524288 310635.93 310804.033 311403.837 5.79167789766 5.80285494558 5.80599520474 0.361979868604 0.362678434099 0.362874700296
1888 524288 341309.118 341942.513 343586.686 5.76189814293 5.78960326001 5.80034749614 0.360118633933 0.36185020375 0.362521718509
2072 262144 187490.356 187571.197 187586.088 5.79107303522 5.79153277995 5.79402993933 0.361942064702 0.361970798747 0.362126871208
2272 262144 205365.466 205385.538 206031.578 5.78155226283 5.79973812957 5.80030498409 0.361347016427 0.362483633098 0.362519061506
2496 262144 224873.225 225128.039 225995.499 5.7904819069 5.81279370536 5.81938044425 0.361905119181 0.363299606585 0.363711277766
2744 262144 246717.982 246956.267 247379.023 5.8155548298 5.82551027952 5.83113667005 0.363472176863 0.36409439247 0.364446041878
3016 262144 270248.31 270812.121 272803.042 5.79631589299 5.83892848725 5.85111006985 0.362269743312 0.364933030453 0.365694379365
3312 262144 297295.731 297851.386 298827.484 5.81085057089 5.82989348923 5.84078974212 0.363178160681 0.364368343077 0.365049358882
3640 262144 326839.321 327177.416 327376.402 5.82940098413 5.83294636693 5.83898018807 0.364337561508 0.364559147933 0.364936261754
4000 262144 358855.714 358862.103 358987.608 5.84185067469 5.84389374768 5.84399779127 0.365115667168 0.36524335923 0.365249861954
4400 131072 197425.152 197600.882 197787.886 5.83166958971 5.83718852024 5.8423842571 0.364479349357 0.364824282515 0.365149016069
4840 131072 216791.293 217408.813 217949.333 5.82143080016 5.83590399346 5.85252729684 0.36383942501 0.364743999591 0.365782956053
5320 131072 238139.686 238904.579 239555.846 5.8216324222 5.83750251183 5.8562522838 0.363852026387 0.364843906989 0.366015767737
5848 131072 261180.48 261450.233 261492.917 5.8625607515 5.86351786499 5.86957383645 0.366410046969 0.366469866562 0.366848364778
6432 131072 287566.045 287844.895 289137.826 5.83151029157 5.85770405273 5.86338421144 0.364469393223 0.366106503296 0.366461513215
7072 131072 315589.627 315634.107 316843.025 5.85110676809 5.87351723684 5.87434506521 0.365694173006 0.367094827303 0.367146566576
7776 131072 346250.296 348041.979 349195.614 5.83750672195 5.85685597426 5.88716245892 0.364844170122 0.366053498391 0.367947653682
8552 65536 190459.007 190761.385 190950.213 5.87026181531 5.87607258146 5.88540159721 0.366891363457 0.367254536341 0.367837599825
9400 65536 209106.951 209489.427 210003.585 5.86693222404 5.88133166262 5.8920891635 0.366683264002 0.367583228914 0.368255572719
10336 65536 229115.501 229639.378 230600.182 5.87493114815 5.89951167696 5.91300102388 0.367183196759 0.36871947981 0.369562563993
11368 65536 252115.88 253120.907 262818.433 5.66941397143 5.88661961455 5.91008585417 0.354338373214 0.36791372591 0.369380365886
12504 65536 276759.379 278327.702 278740.916 5.87974062624 5.88846987283 5.92183829116 0.36748378914 0.368029367052 0.370114893198
13752 65536 303942.809 306142.876 306585.254 5.87928519224 5.88778078899 5.93039904425 0.367455324515 0.367986299312 0.370649940266
15120 65536 333664.552 336441.569 337130.134 5.87846780852 5.89049874512 5.93952407626 0.367404238032 0.36815617157 0.371220254767
16632 32768 183578.832 186732.384 187590.473 5.81050164525 5.83720257114 5.93747514419 0.363156352828 0.364825160696 0.371092196512
18288 32768 201908.287 203999.202 206501.967 5.80392712676 5.8751326292 5.93597412869 0.362745445422 0.367195789325 0.370998383043
20112 32768 223852.367 224227.861 226285.376 5.82476895016 5.87821703388 5.88807726121 0.364048059385 0.367388564617 0.368004828825
22120 32768 246293.547 246640.607 248648.42 5.83014490902 5.87760603427 5.88588835419 0.364384056814 0.367350377142 0.367868022137
24328 32768 271154.066 271449.875 275414.978 5.78893646082 5.8734961952 5.87990374446 0.361808528801 0.3670935122 0.367493984029
26760 32768 298217.92 298972.483 302639.701 5.79482253718 5.8659022476 5.88074438987 0.362176408574 0.366618890475 0.367546524367
29432 32768 326849.87 331534.54 341909.584 5.6414199609 5.81796259298 5.90135021929 0.352588747556 0.363622662061 0.368834388706
32368 32768 359097.577 363466.248 376920.034 5.62790262297 5.83622072111 5.90722239265 0.351743913936 0.364763795069 0.36920139954
35600 16384 197639.534 199417.106 199762.331 5.83964351117 5.84975292942 5.90236566739 0.364977719448 0.365609558089 0.368897854212
39160 16384 216702.904 219022.749 221056.659 5.80482345931 5.85872876612 5.92144755014 0.362801466207 0.366170547882 0.370090471884
43072 16384 238419.257 240371.268 240995.684 5.85646710586 5.87168053713 5.91975377224 0.366029194116 0.36698003357 0.369984610765
47376 16384 263647.33 264265.963 264707.535 5.86464895304 5.87444841695 5.8882324657 0.366540559565 0.36715302606 0.368014529106
52112 16384 289318.996 290378.199 291765.31 5.85266979135 5.88062747782 5.90215658014 0.365791861959 0.367539217364 0.368884786259
57320 16384 318231.655 318872.38 320660.769 5.85747288593 5.89032439875 5.9021839295 0.366092055371 0.368145274922 0.368886495594
63048 16384 349544.162 350332.873 352180.698 5.86618425068 5.89712534342 5.9104316095 0.366636515667 0.368570333963 0.369401975594
69352 8192 193359.505 194861.369 197442.739 5.75489974336 5.83113612427 5.87642778668 0.35968123396 0.364446007767 0.367276736667
76280 8192 211372.998 212401.106 212610.649 5.8782169467 5.88401606534 5.91263563381 0.367388559169 0.367751004084 0.369539727113
83904 8192 232003.592 233290.719 233980.265 5.87520975754 5.89257533215 5.92526660535 0.367200609846 0.36828595826 0.370329162835
92288 8192 255054.979 256031.474 257929.832 5.86224005295 5.90570592114 5.92831631019 0.366390003309 0.369106620071 0.370519769387
101512 8192 281347.824 281556.877 283188.756 5.87301781148 5.90705730835 5.91144649478 0.367063613218 0.369191081772 0.369465405924
111656 8192 309660.442 310626.762 311226.477 5.87794432413 5.88929264247 5.90767064784 0.367371520258 0.368080790154 0.36922941549
122816 8192 340186.44 340362.155 341469.958 5.89280929949 5.91198908116 5.91504277478 0.368300581218 0.369499317572 0.369690173424
135096 4096 187206.506 187453.763 187949.587 5.88831531723 5.90389018758 5.91168787692 0.368019707327 0.368993136724 0.369480492307
148600 4096 206070.828 206196.601 207830.933 5.85731480116 5.90374038222 5.90734366341 0.366082175073 0.368983773889 0.369208978963
163456 4096 226009.07 226883.225 227021.564 5.89825710125 5.90185348432 5.924680598 0.368641068828 0.36886584277 0.370292537375
179800 4096 248387.647 249365.581 249491.827 5.90368677688 5.90667562898 5.92993096794 0.368980423555 0.369167226811 0.370620685496
197776 4096 273419.307 274498.17 275718.817 5.87620754227 5.90233804473 5.92562760025 0.367262971392 0.368896127796 0.370351725016
217552 4096 301630.005 301765.052 303692.18 5.8683960318 5.90587270523 5.90851690633 0.366774751987 0.369117044077 0.369282306646
239304 4096 331513.812 331752.386 332067.242 5.90355843652 5.90916132251 5.91341385197 0.368972402282 0.369322582657 0.369588365748
263232 2048 181745.957 182629.98 182691.398 5.90174624423 5.90373098656 5.93244708051 0.368859140265 0.36898318666 0.370777942532
289552 2048 200160.842 200764.702 200980.374 5.90109854209 5.90743781245 5.92525980681 0.368818658881 0.369214863278 0.370328737926
318504 2048 220395.795 220448.867 222602.56 5.86063513376 5.91789108174 5.91931612851 0.36628969586 0.369868192609 0.369957258032
350352 2048 242401.346 242797.179 243068.103 5.90386716434 5.91045496455 5.92010653274 0.368991697771 0.369403435285 0.370006658296
385384 2048 266818.748 266987.763 267786.379 5.89474666297 5.91237907784 5.91612424476 0.368421666436 0.369523692365 0.369757765298
423920 2048 293588.729 293966.427 295209.272 5.88184886009 5.90671641561 5.91431532782 0.367615553755 0.369169775976 0.369644707989
466312 2048 323503.378 323568.084 323918.789 5.89658277588 5.90297389158 5.90415458351 0.368536423492 0.368935868224 0.369009661469
512936 2048 354557.722 355119.942 355432.293 5.91107194641 5.91627111721 5.92565251195 0.369441996651 0.369766944826 0.370353281997
564224 1024 195085.743 195317.43 195341.703 5.91543297849 5.91616811669 5.92319425413 0.369714561155 0.369760507293 0.370199640883
620640 1024 214758.279 214780.847 215217.104 5.90599304784 5.91798913988 5.91861103525 0.36912456549 0.369874321242 0.369913189703
682704 1024 236041.091 236607.874 236699.338 5.90697804148 5.90926146439 5.92345081137 0.369186127593 0.369328841525 0.37021567571
750968 1024 259670.239 259823.951 260025.367 5.91474009534 5.91932521263 5.9228291618 0.369671255959 0.36995782579 0.370176822612
826064 1024 285538.257 286159.621 286284.498 5.90943304237 5.91201185579 5.92487707173 0.369339565148 0.369500740987 0.370304816983
908664 1024 314607.616 314782.512 315039.523 5.9070171713 5.91184008342 5.91512658104 0.369188573206 0.369490005214 0.369695411315
999528 1024 345766.563 346672.01 347248.11 5.89501651715 5.90481286332 5.92027559357 0.368438532322 0.369050803957 0.370017224598
1099480 512 190335.422 190394.638 190526.884 5.90923179114 5.91333627788 5.91517599914 0.369326986946 0.369583517368 0.369698499946
1209424 512 209458.129 209827.031 210161.606 5.89284693609 5.90224324339 5.91263839657 0.368302933505 0.368890202712 0.369539899786
1330360 512 229984.136 230491.323 232013.574 5.87159025446 5.910368435 5.92340264722 0.366974390904 0.369398027187 0.370212665451
1463392 512 253313.886 253525.64 254378.61 5.89087819923 5.91069766356 5.91563862393 0.368179887452 0.369418603972 0.369727413996
1609728 512 278491.221 278754.39 278820.338 5.91191260947 5.91331125583 5.91889922448 0.369494538092 0.36958195349 0.36993120153
1770696 512 306566.925 306759.469 307919.873 5.88852121279 5.91079620105 5.91450856611 0.368032575799 0.369424762565 0.369656785382
1947760 512 337078.215 337637.469 337887.386 5.90287273997 5.90724200696 5.9170428442 0.368929546248 0.369202625435 0.369815177762
2142536 256 185483.496 185497.557 186544.086 5.88053181166 5.91370824361 5.91415654577 0.367533238229 0.369606765225 0.36963478411
2356784 256 204273.254 204477.796 204489.763 5.90089885331 5.9012442016 5.90715320959 0.368806178332 0.3688277626 0.3691970756
2592456 256 224813.069 224828.934 225253.176 5.89264708969 5.90376624745 5.90418287471 0.368290443106 0.368985390466 0.369011429669
2851696 256 247445.478 247786.922 248935.534 5.86524683133 5.89243508178 5.90056590972 0.366577926958 0.368277192611 0.368785369357
3136864 256 272169.811 272382.535 272563.953 5.89246798897 5.89639261563 5.90100115108 0.368279249311 0.368524538477 0.368812571942
3450544 256 299343.942 299672.372 299914.568 5.89060591415 5.89536671736 5.90183491337 0.368162869634 0.368460419835 0.368864682085
3795592 256 329860.283 330312.59 332712.973 5.84089969945 5.88334554248 5.8914128319 0.365056231216 0.367709096405 0.368213301994
4175144 256 363718.646 364025.287 364499.653 5.864679734 5.87232207305 5.87727286327 0.366542483375 0.367020129566 0.367329553954
4592656 128 200161.917 200596.517 201189.392 5.84384655827 5.86111839619 5.87384430376 0.365240409892 0.366319899762 0.367115268985
5051920 128 220561.357 220603.404 221394.647 5.84156635007 5.86251842243 5.86363603122 0.365097896879 0.366407401402 0.366477251951
5557112 128 243352.978 243370.715 244673.993 5.81435180158 5.84548832015 5.84591437381 0.363396987599 0.36534302001 0.365369648363
6112816 128 267456.056 267619.56 268035.45 5.83833554853 5.84740852276 5.85098322096 0.364895971783 0.365463032672 0.36568645131
6724096 128 293192.202 293270.005 293473.352 5.86550214617 5.86956915693 5.87112673617 0.366593884136 0.366848072308 0.366945421011
7396504 128 322147.797 322677.895 324018.524 5.84381720102 5.86809649294 5.87775251494 0.365238575064 0.366756030809 0.367359532184
8136152 128 353682.543 353774.439 354377.942 5.8774959306 5.88752233736 5.88905207006 0.367343495663 0.367970146085 0.368065754379
8949760 64 194375.643 194483.915 194504.104 5.8896920756 5.89030347317 5.89358451666 0.368105754725 0.368143967073 0.368349032291
9844736 64 214206.096 214211.667 214334.865 5.87924044928 5.88262173414 5.88277472738 0.36745252808 0.367663858384 0.367673420461
10829208 64 235498.005 235763.102 235765.727 5.87930502723 5.87937048775 5.88598881761 0.367456564202 0.367460655485 0.367874301101
11912128 64 258860.391 259122.371 259136.278 5.88397886922 5.88429466015 5.89024986832 0.367748679326 0.367768416259 0.36814061677
13103336 64 284826.887 284893.463 285341.692 5.87795984612 5.8872077665 5.88858385409 0.367372490383 0.367950485407 0.368036490881
14413664 64 313373.616 313558.388 313845.401 5.87852804636 5.88390890694 5.88737818949 0.367408002898 0.367744306684 0.367961136843
15855024 64 344706.528 345032.352 361763.385 5.60986312089 5.88189211892 5.88745180944 0.350616445056 0.367618257432 0.36796573809
17440520 32 189523.982 189788.212 189979.704 5.87532908252 5.88125715627 5.88945667045 0.367208067658 0.367578572267 0.368091041903
19184568 32 208397.748 208544.731 208792.652 5.88053430156 5.887525166 5.89167763943 0.367533393848 0.367970322875 0.368229852465
21103024 32 229246.956 229486.699 229638.16 5.88139852714 5.8852802445 5.89143498158 0.367587407946 0.367830015281 0.368214686349
23213320 32 252147.462 252571.981 252750.094 5.87795025706 5.88209536987 5.89199854806 0.367371891066 0.367630960617 0.368249909253
25534648 32 277735.434 277762.247 277891.528 5.88077471725 5.88351185105 5.88407985421 0.367548419828 0.367719490691 0.367754990888
28088112 32 305352.213 305494.579 316240.501 5.68440526218 5.88435701178 5.88710050711 0.355275328886 0.367772313236 0.367943781694
30896920 32 335819.885 336256.826 337247.81 5.86335276721 5.88063268045 5.88828407228 0.366459547951 0.367539542528 0.368017754517
33986608 16 185025.067 185173.1 185287.583 5.86964025539 5.87326915194 5.87796817823 0.366852515962 0.367079321997 0.367373011139
37385264 16 203040.068 203154.987 204234.236 5.85762931539 5.88874762892 5.8920806114 0.366101832212 0.368046726808 0.368255038212
41123784 16 223358.208 223486.48 223784.871 5.88047387707 5.8883252714 5.89170686756 0.367529617317 0.368020329462 0.368231679223
45236160 16 245597.072 245653.133 245964.662 5.8852239514 5.89268739349 5.8940324826 0.367826496962 0.368292962093 0.368377030163
49759776 16 270358.984 270394.0 270619.41 5.88395648339 5.88886155758 5.88962426342 0.367747280212 0.368053847349 0.368101516464
54735752 16 297270.779 297441.632 297897.535 5.87968632906 5.88869840521 5.89208286765 0.367480395566 0.368043650325 0.368255179228
60209320 16 326774.303 327581.656 334349.273 5.7625315668 5.8815815987 5.89611307349 0.360158222925 0.367598849919 0.368507067093
66230248 16 360327.819 361869.787 370367.591 5.72233636933 5.85671424401 5.88177716026 0.357646023083 0.366044640251 0.367611072516
72853272 8 198063.05 198189.345 198268.845 5.87915036273 5.88150867545 5.88525902232 0.367446897671 0.367594292216 0.367828688895
80138592 8 217908.78 218694.245 222666.087 5.7584766916 5.86305996301 5.88419370711 0.359904793225 0.366441247688 0.367762106694
88152448 8 239583.683 240021.554 240252.534 5.87065261921 5.87630212577 5.88704184834 0.366915788701 0.36726888286 0.367940115521
96967688 8 263434.949 263644.717 263651.628 5.8845948336 5.8847490883 5.88943499672 0.3677871771 0.367796818019 0.368089687295
106664456 8 289835.028 289908.98 291346.866 5.85773006393 5.88678314138 5.88828516614 0.366108128996 0.367923946337 0.368017822884
117330896 8 319194.133 319232.253 319259.531 5.8801512679 5.88065371954 5.88135602104 0.367509454244 0.367540857471 0.367584751315
129063984 8 350501.006 350626.894 351540.306 5.87421615318 5.88951897113 5.89163428535 0.367138509574 0.368094935695 0.368227142835
141970376 4 192951.299 193149.094 194591.615 5.83664927186 5.88023989385 5.88626774676 0.364790579491 0.367514993366 0.367891734173
156167408 4 212204.503 212301.882 212471.997 5.88001845721 5.88473004681 5.88743050377 0.367501153576 0.367795627926 0.367964406486
171784144 4 233350.836 233626.188 233797.962 5.87803734577 5.88235918141 5.88930031517 0.36737733411 0.367647448838 0.368081269698
188962552 4 256663.351 256725.853 256955.705 5.8831167652 5.8883840421 5.88981796626 0.367694797825 0.368024002631 0.368113622891
207858800 4 282286.381 282472.626 282695.479 5.88219665161 5.88683733198 5.89072130972 0.367637290726 0.367927333249 0.368170081857
228644680 4 310438.806 310992.498 311700.56 5.8683161814 5.88167705576 5.89216748888 0.366769761338 0.367604815985 0.368260468055
251509144 4 341191.768 341507.733 341834.247 5.88610757892 5.89173525977 5.89719137655 0.367881723682 0.368233453736 0.368574461034
276660056 2 188028.086 188120.461 188480.321 5.87138337906 5.88261488473 5.88550491335 0.366961461191 0.367663430295 0.367844057084
304326056 2 207053.521 207468.079 208261.287 5.84508163536 5.86742900338 5.87917664052 0.36531760221 0.366714312711 0.367448540032
334758656 2 227818.043 227994.598 250972.572 5.33538232218 5.8730980284 5.87764957668 0.333461395136 0.367068626775 0.367353098543
368234520 2 250166.224 250240.823 250740.063 5.87436272599 5.88608230401 5.88783752038 0.367147670374 0.367880144 0.367989845024
405057968 2 274975.439 275033.17 275395.88 5.88328290169 5.89104169508 5.89227851728 0.367705181356 0.368190105942 0.36826740733
445563760 2 302757.877 303130.186 304458.691 5.85384846183 5.87950366645 5.88673384045 0.365865528864 0.367468979153 0.367920865028
490120136 2 332623.412 333354.977 333480.108 5.87885303192 5.88105976891 5.89399444919 0.367428314495 0.367566235557 0.368374653075
539132144 1 183186.699 183224.106 183311.557 5.88214025153 5.88494773717 5.88614945237 0.367633765721 0.367809233573 0.367884340773
593045352 1 201411.307 201705.479 201726.297 5.87970295216 5.88030979565 5.88889830301 0.36748143451 0.367519362228 0.368056143938
652349880 1 221508.958 221514.674 221783.141 5.8827724872 5.88990217416 5.89005416205 0.36767328045 0.368118885885 0.368128385128
717584864 1 243662.331 245230.165 252161.001 5.69148172124 5.85233765185 5.88999424782 0.355717607577 0.365771103241 0.368124640489
789343344 1 267762.931 267941.864 268090.606 5.88863112943 5.89190007277 5.89583734427 0.36803944559 0.368243754548 0.368489834017
868277672 1 294345.785 294692.229 295291.66 5.88081405347 5.89277616818 5.89971194593 0.367550878342 0.368298510511 0.368731996621
955105432 1 324207.98 324818.342 325094.212 5.87586857437 5.88085898179 5.89193043305 0.367241785898 0.367553686362 0.368245652066
1050615968 1 356516.047 356553.408 357150.624 5.88332147503 5.89317585768 5.89379343141 0.367707592189 0.368323491105 0.368362089463

META_DATA
ERT_VERSION  1.1.0
TIMESTAMP_DATA  1535276618.94
HOSTNAME  ('atajo-Inspiron-15-7568', [], ['127.0.1.1'])
MPI_PROCS      1
UNAME  ('Linux', 'atajo-Inspiron-15-7568', '4.15.0-33-generic', '#36-Ubuntu SMP Wed Aug 15 16:00:05 UTC 2018', 'x86_64', 'x86_64')
FLOPS          1
TIMESTAMP_DATA  1535276716.7
TIMESTAMP_DATA  1535276814.44
CONFIG  {'ERT_WORKING_SET_MIN': ['1'], 'ERT_CFLAGS': [], 'ERT_CC': ['mpicc'], 'ERT_MPI_CFLAGS': ['-I/usr/include/mpi'], 'ERT_MPI_LDFLAGS': ['-lmpi'], 'ERT_MEMORY_MAX': ['1073741824'], 'ERT_PROCS_THREADS': ['1-4'], 'ERT_LDFLAGS': [], 'ERT_LDLIBS': [], 'ERT_RUN': ['export', 'OMP_NUM_THREADS=ERT_OPENMP_THREADS;', 'mpirun', '-np', 'ERT_MPI_PROCS', 'ERT_CODE'], 'ERT_FLOPS': ['1,2,4,8,16'], 'ERT_OPENMP_CFLAGS': ['-fopenmp'], 'ERT_MPI': ['True'], 'ERT_TRIALS_MIN': ['1'], 'ERT_DRIVER': ['driver1'], 'ERT_RESULTS': ['Results/myLaptop'], 'ERT_OPENMP': ['False'], 'ERT_MPI_PROCS': ['1,2,4,8'], 'ERT_KERNEL': ['kernel1'], 'ERT_GPU': [False], 'ERT_OPENMP_THREADS': ['1,2,4,8'], 'ERT_LD': ['mpicc'], 'ERT_NUM_EXPERIMENTS': ['3'], 'ERT_OPENMP_LDFLAGS': ['-fopenmp'], 'ERT_ALIGN': ['64'], 'ERT_GNUPLOT': ['gnuplot']}
