16 67108864 702584.285 704251.522 713253.111 3.01082969689 3.04931346389 3.05654950423 0.752707424223 0.762328365973 0.764137376059
32 33554432 357049.143 357108.845 357743.064 6.00286592279 6.01352690662 6.0145324253 1.5007164807 1.50338172666 1.50363310633
48 16777216 244111.978 244235.333 246064.33 6.54549457046 6.59451159755 6.59784394521 1.63637364262 1.64862789939 1.6494609863
64 16777216 312848.302 324658.144 342181.684 6.2758579679 6.61459965717 6.86429695885 1.56896449197 1.65364991429 1.71607423971
80 8388608 192817.835 193698.99 206780.94 6.4908171904 6.92919090595 6.96085649961 1.6227042976 1.73229772649 1.7402141249
96 8388608 232712.908 232976.999 233142.829 6.90826624567 6.9131834598 6.92102878969 1.72706656142 1.72829586495 1.73025719742
112 8388608 268429.251 269368.503 295505.512 6.35875851954 6.97575318225 7.00016181172 1.58968962988 1.74393829556 1.75004045293
128 8388608 301433.627 304989.072 334311.785 6.42359541109 7.04118227554 7.12423384668 1.60589885277 1.76029556889 1.78105846167
144 4194304 168249.354 171258.441 173914.699 6.94570130613 7.05343073863 7.17957913824 1.73642532653 1.76335768466 1.79489478456
160 4194304 188373.012 192854.903 217167.662 6.18037357698 6.95951857651 7.12510388696 1.54509339425 1.73987964413 1.78127597174
176 4194304 206588.196 208215.868 212052.928 6.96238916352 7.09069400993 7.14656033881 1.74059729088 1.77267350248 1.7866400847
192 4194304 225331.931 226455.81 227086.241 7.09251572842 7.11226060396 7.14773413982 1.7731289321 1.77806515099 1.78693353495
208 4194304 240480.829 288570.973 315296.749 5.53393103333 6.04645174759 7.25559068993 1.38348275833 1.5116129369 1.81389767248
224 4194304 261086.185 262169.923 277832.051 6.76325206266 7.16729123806 7.19704181973 1.69081301567 1.79182280951 1.79926045493
240 4194304 279950.008 283032.09 289238.131 6.9605826626 7.11320726918 7.191519423 1.74014566565 1.7783018173 1.79787985575
256 4194304 295120.218 300505.719 334610.615 6.41785870421 7.14623220865 7.27664021988 1.60446467605 1.78655805216 1.81916005497
272 2097152 160645.205 173358.653 227068.621 5.02425514796 6.58086959178 7.10167905727 1.25606378699 1.64521739795 1.77541976432
288 2097152 165245.588 166773.543 181623.921 6.65088356946 7.2431126081 7.31008656037 1.66272089237 1.81077815202 1.82752164009
304 2097152 192911.258 212071.011 220207.913 5.7902933579 6.01245974161 6.60961122342 1.44757333947 1.5031149354 1.65240280585
320 2097152 201938.289 203909.312 280801.817 4.7798026891 6.5822265145 6.64647247754 1.19495067227 1.64555662863 1.66161811938
352 2097152 202738.977 204005.244 219344.661 6.73093660575 7.23704439676 7.28224552499 1.68273415144 1.80926109919 1.82056138125
384 2097152 221013.896 222358.491 245482.688 6.56100334049 7.24331564204 7.28738221962 1.64025083512 1.81082891051 1.82184555491
416 2097152 238785.088 243475.952 259581.341 6.72170987822 7.16633593448 7.3071165315 1.68042746955 1.79158398362 1.82677913287
448 2097152 256577.262 261095.041 284730.084 6.59940167053 7.19679770555 7.32351798189 1.64985041763 1.79919942639 1.83087949547
480 2097152 273500.161 275291.667 278683.182 7.2242103221 7.31321053754 7.36111420424 1.80605258052 1.82830263438 1.84027855106
528 1048576 159897.821 162316.025 164851.074 6.71694899604 6.82185419462 6.9250240502 1.67923724901 1.70546354865 1.73125601255
576 1048576 167536.061 167792.976 188579.677 6.40556591896 7.19910678502 7.21014654869 1.60139147974 1.79977669625 1.80253663717
624 1048576 176651.476 180513.488 181664.108 7.20352997852 7.24944635716 7.40793611031 1.80088249463 1.81236158929 1.85198402758
672 1048576 201598.385 202314.441 202396.73 6.96298870046 6.96582081355 6.99056266745 1.74074717511 1.74145520339 1.74764066686
736 1048576 209209.226 211370.608 215737.611 7.15454233893 7.30235810269 7.37780021231 1.78863558473 1.82558952567 1.84445005308
800 1048576 226536.72 229494.878 237986.368 7.0496542054 7.31049692534 7.40595873375 1.76241355135 1.82762423133 1.85148968344
880 1048576 251352.076 252553.938 257887.548 7.15619569193 7.30732521779 7.34226583432 1.78904892298 1.82683130445 1.83556645858
960 1048576 274259.209 274980.883 283299.369 7.1064963085 7.3214759442 7.34074136413 1.77662407713 1.83036898605 1.83518534103
1056 524288 150262.014 150401.97 154137.332 7.18382913232 7.36224569399 7.36910298567 1.79595728308 1.8405614235 1.84227574642
1152 524288 164710.982 165288.308 167816.985 7.19807683352 7.3081972138 7.33381306658 1.79951920838 1.82704930345 1.83345326664
1264 524288 186837.842 187212.238 188409.566 7.03467500159 7.07966572143 7.09385234711 1.7586687504 1.76991643036 1.77346308678
1376 524288 199922.673 202281.203 208377.423 6.92416940006 7.13284553681 7.21699322217 1.73104235002 1.7832113842 1.80424830554
1504 524288 217613.816 220085.628 223951.559 7.0419617128 7.16565783205 7.24705045382 1.7604904282 1.79141445801 1.81176261345
1648 524288 238977.656 239569.799 243408.404 7.09939845791 7.21315147073 7.23102434313 1.77484961448 1.80328786768 1.80775608578
1808 524288 262871.279 264765.396 292329.833 6.48522728093 7.16039722955 7.21199141729 1.62130682023 1.79009930739 1.80299785432
1984 524288 286430.662 289041.964 290233.036 7.1679461879 7.19748355986 7.26310084777 1.79198654698 1.79937088997 1.81577521194
2176 262144 156088.712 158858.915 159049.07 7.17294787074 7.18153392902 7.30898905745 1.79323696769 1.79538348226 1.82724726436
2384 262144 173090.383 177455.836 178004.027 7.02176581657 7.04345723518 7.2210978469 1.75544145414 1.7608643088 1.80527446172
2608 262144 188660.141 190634.825 194260.884 7.03869495415 7.17257774911 7.24765229556 1.75967373854 1.79314443728 1.81191307389
2864 262144 206335.861 206680.834 208878.379 7.18868481836 7.26511889341 7.2772654483 1.79717120459 1.81627972335 1.81931636207
3136 262144 225215.674 233954.116 234933.373 6.99844022586 7.02773345522 7.3004118177 1.74961005646 1.75693336381 1.82510295442
3440 262144 248892.481 253016.046 288552.098 6.25034693042 7.1282068806 7.24630455992 1.5625867326 1.78205172015 1.81157613998
3776 262144 270227.185 273715.914 314843.67 6.28791897897 7.23272337026 7.32610039956 1.57197974474 1.80818084257 1.83152509989
4144 131072 146997.378 148990.526 179189.08 6.06244943051 7.29123364529 7.39009600566 1.51561235763 1.82280841132 1.84752400141
4544 131072 163045.545 190368.636 195982.315 6.07800931426 6.25724048367 7.30582571882 1.51950232856 1.56431012092 1.8264564297
4992 131072 179129.834 179224.257 180608.263 7.24564217751 7.30159449343 7.30544331326 1.81141054438 1.82539862336 1.82636082831
5488 131072 196684.952 198731.422 212208.922 6.77938636341 7.23914848252 7.3144704634 1.69484659085 1.80978712063 1.82861761585
6032 131072 215521.746 215829.094 218585.328 7.2340290287 7.32641081281 7.33685875021 1.80850725718 1.8316027032 1.83421468755
6624 131072 234682.198 236104.557 238608.564 7.27736602111 7.35454613017 7.39912047355 1.81934150528 1.83863653254 1.84978011839
7280 131072 257323.508 261726.701 263744.017 7.23583549575 7.29160728618 7.41637767506 1.80895887394 1.82290182155 1.85409441877
8000 131072 284338.062 287684.151 287728.95 7.28863744854 7.28977245604 7.37555846463 1.82215936214 1.82244311401 1.84388961616
8800 65536 155466.133 155721.886 159917.203 7.2126924331 7.40701021307 7.41919527901 1.80317310827 1.85175255327 1.85479881975
9680 65536 173902.956 174838.912 217277.517 5.83943050122 7.25683399357 7.29589070355 1.45985762531 1.81420849839 1.82397267589
10640 65536 190077.956 190415.15 194399.011 7.17393608551 7.32402899664 7.33702165863 1.79348402138 1.83100724916 1.83425541466
11696 65536 208687.647 208688.912 209378.48 7.32175585571 7.34594903633 7.34599356521 1.83043896393 1.83648725908 1.8364983913
12864 65536 230286.619 230933.109 238575.39 7.06741046509 7.30129263535 7.32178975627 1.76685261627 1.82532315884 1.83044743907
14144 65536 251504.551 252778.729 261455.007 7.0906363174 7.33401253869 7.37116827759 1.77265907935 1.83350313467 1.8427920694
15552 65536 278801.996 279714.164 307854.153 6.62142031912 7.28755281767 7.31139580507 1.65535507978 1.82188820442 1.82784895127
17104 32768 151819.699 155970.337 244332.052 4.58772287477 7.18680080816 7.38328261341 1.14693071869 1.79670020204 1.84582065335
18800 32768 169260.725 172751.087 219133.755 5.62248750769 7.13209289386 7.2791653232 1.40562187692 1.78302322347 1.8197913308
20672 32768 187132.582 196116.732 219964.681 6.15898964252 6.90792763159 7.23957408978 1.53974741063 1.7269819079 1.80989352244
22736 32768 201791.037 204798.85 397287.75 3.7504969534 7.27556085398 7.38400732833 0.937624238351 1.81889021349 1.84600183208
25008 32768 223280.108 231168.779 281685.133 5.81828465899 7.08973026154 7.34021629907 1.45457116475 1.77243256539 1.83505407477
27504 32768 244277.693 248248.534 356682.268 5.05352327747 7.26087729485 7.37890603871 1.26338081937 1.81521932371 1.84472650968
30240 32768 273180.069 274895.255 323971.795 6.11722585295 7.20932283826 7.25458722979 1.52930646324 1.80233070956 1.81364680745
33264 16384 149648.359 151923.034 191034.899 5.70573626969 7.17465102757 7.28370667934 1.42643406742 1.79366275689 1.82092666983
36576 16384 166529.362 169206.825 185559.204 6.45897558388 7.08317981854 7.19706335031 1.61474389597 1.77079495464 1.79926583758
40224 16384 178455.755 180373.74 180915.597 7.28549696022 7.30738317008 7.38592057174 1.82137424006 1.82684579252 1.84648014294
44240 16384 201531.763 229357.93 407927.124 3.55371397171 6.32049792218 7.19319028634 0.888428492929 1.58012448054 1.79829757158
48656 16384 217686.223 220654.744 222142.536 7.17719279121 7.22558590447 7.32411902796 1.7942981978 1.80639647612 1.83102975699
53520 16384 244191.875 248156.826 319727.221 5.485123708 7.06707684922 7.18182519382 1.371280927 1.7667692123 1.79545629845
58864 16384 265358.894 268966.825 326161.165 5.91381120435 7.17135115827 7.2688558613 1.47845280109 1.79283778957 1.81721396533
64736 16384 290794.14 292681.315 302373.576 7.01539227092 7.24770984441 7.2947455131 1.75384806773 1.8119274611 1.82368637827
71200 8192 162860.059 163488.121 166007.608 7.02703215867 7.13532452917 7.16284156572 1.75675803967 1.78383113229 1.79071039143
78320 8192 177871.035 181197.712 279362.981 4.59328890108 7.08173886876 7.21418684048 1.14832222527 1.77043471719 1.80354671012
86144 8192 196202.358 197731.987 200554.661 7.03739962443 7.13786027953 7.19350832674 1.75934990611 1.78446506988 1.79837708169
94752 8192 213861.327 241923.001 352898.271 4.39904894858 6.41698706441 7.25898782065 1.09976223715 1.6042467661 1.81474695516
104224 8192 238168.383 240258.13 272959.217 6.25590164995 7.10738078249 7.16974266059 1.56397541249 1.77684519562 1.79243566515
114640 8192 263783.887 272504.539 313131.215 5.99832169399 6.89258889739 7.12045675481 1.4995804235 1.72314722435 1.7801141887
126096 8192 286550.257 290675.062 300434.317 6.87656751276 7.10744447695 7.20975400835 1.71914187819 1.77686111924 1.80243850209
138704 4096 159188.488 164140.34 251381.907 4.52006742076 6.9225101398 7.13784760617 1.13001685519 1.73062753495 1.78446190154
152560 4096 173983.681 181767.714 214581.08 5.82423911745 6.87565185531 7.1832686423 1.45605977936 1.71891296383 1.79581716058
167808 4096 190383.613 208451.551 250605.624 5.48544407766 6.59473690364 7.22059590286 1.37136101942 1.64868422591 1.80514897572
184576 4096 208775.001 242265.817 280500.281 5.39053503479 6.24127089295 7.24246957134 1.3476337587 1.56031772324 1.81061739284
203024 4096 231524.32 307887.644 366100.654 4.54293809593 5.40188162926 7.1835762567 1.13573452398 1.35047040732 1.79589406417
223312 4096 254605.522 283731.42 342385.531 5.34301755876 6.44754783943 7.18512265417 1.33575438969 1.61188695986 1.79628066354
245632 4096 276151.857 280721.494 389289.918 5.16894286484 7.16802021579 7.28663339751 1.29223571621 1.79200505395 1.82165834938
270192 2048 151415.65 213213.913 218454.487 5.06607324573 5.19059200419 7.30906238556 1.26651831143 1.29764800105 1.82726559639
297200 2048 167386.073 169378.408 248378.514 4.9011131454 7.18705066587 7.27259549246 1.22527828635 1.79676266647 1.81814887311
326912 2048 184127.918 202189.052 266402.147 5.02635420577 6.62267090505 7.27228964811 1.25658855144 1.65566772626 1.81807241203
359600 2048 204260.615 205402.978 280339.822 5.25405769859 7.17088726922 7.21099170293 1.31351442465 1.7927218173 1.80274792573
395552 2048 223116.966 223770.671 337814.824 4.7960624487 7.24036347015 7.26157683589 1.19901561217 1.81009086754 1.81539420897
435104 2048 272960.348 310081.749 397555.516 4.48286066291 5.74747139987 6.52910210973 1.12071516573 1.43686784997 1.63227552743
478608 2048 271310.121 345462.52 379584.334 5.16453971464 5.67464849154 7.2255998441 1.29113492866 1.41866212288 1.80639996102
526464 1024 148644.97 162087.257 226255.2 4.76540769892 6.65196198613 7.25351333449 1.19135192473 1.66299049653 1.81337833362
579104 1024 164079.337 173035.973 245423.964 4.83247427297 6.85409496903 7.22824100636 1.20811856824 1.71352374226 1.80706025159
637008 1024 176809.356 196089.136 251990.911 5.17714063108 6.65305794402 7.3785257382 1.29428515777 1.663264486 1.84463143455
700704 1024 196025.499 216569.843 258795.514 5.54507985791 6.62623092911 7.32068939664 1.38626996448 1.65655773228 1.83017234916
770768 1024 217067.593 224404.095 329920.394 4.78458710861 7.0343318111 7.27207982631 1.19614677715 1.75858295278 1.81801995658
847840 1024 236417.381 328925.655 345480.914 5.02596887306 5.2789324688 7.34453749828 1.25649221826 1.3197331172 1.83613437457
932624 1024 258900.629 261097.615 432293.243 4.41832941627 7.31532515914 7.37740174436 1.10458235407 1.82883128978 1.84435043609
1025872 1024 280667.599 294605.205 304447.031 6.90098980141 7.13152999452 7.48567295792 1.72524745035 1.78288249863 1.87141823948
1128448 512 157434.624 158448.148 161141.9 7.1708894583 7.29280062018 7.3397498126 1.79272236457 1.82320015504 1.83493745315
1241280 512 168940.61 174965.851 177885.513 7.14544258587 7.26467886582 7.52377252574 1.78636064647 1.81616971646 1.88094313144
1365408 512 191338.021 197902.814 206183.917 6.78121655822 7.06497175932 7.30737040497 1.69530413956 1.76624293983 1.82684260124
1501936 512 204611.448 211917.003 214233.538 7.17899950847 7.25747553159 7.51660026373 1.79474987712 1.8143688829 1.87915006593
1652128 512 230592.927 230693.035 291513.956 5.80342394311 7.33346402071 7.33664771947 1.45085598578 1.83336600518 1.83416192987
1817328 512 252468.589 256297.074 260477.74 7.14434896433 7.26088613872 7.37099169196 1.78608724108 1.81522153468 1.84274792299
1999056 512 276792.002 277878.779 339257.379 6.03386535035 7.36664149514 7.39556536753 1.50846633759 1.84166037378 1.84889134188
2198960 256 154055.694 156184.807 185223.944 6.07841241087 7.20855979289 7.30818505157 1.51960310272 1.80213994822 1.82704626289
2418848 256 165077.394 169955.472 175678.155 7.04953997268 7.28690969126 7.5022396828 1.76238499317 1.82172742282 1.8755599207
2660720 256 181891.77 186843.946 422114.751 3.22729456095 7.29105046839 7.48955623446 0.806823640238 1.8227626171 1.87238905861
2926784 256 199962.592 208444.814 429354.786 3.49015186709 7.18901746339 7.49396871191 0.872537966771 1.79725436585 1.87349217798
3219456 256 225344.737 226923.692 251475.812 6.55475156394 7.26394611983 7.31484344363 1.63868789098 1.81598652996 1.82871086091
3541392 256 248680.94 251776.186 254821.199 7.1155489069 7.20160525428 7.29124115423 1.77888722673 1.80040131357 1.82281028856
3895520 256 271998.432 275717.501 281376.812 7.08838168228 7.23387609697 7.33278580077 1.77209542057 1.80846902424 1.83319645019
4285072 128 147604.588 158162.763 158371.417 6.926618785 6.93575662939 7.43187218544 1.73165469625 1.73393915735 1.85796804636
4713568 128 161963.671 165632.649 166119.18 7.26390178425 7.28523884201 7.45027203045 1.81597544606 1.8213097105 1.86256800761
5184912 128 181175.776 187072.048 187328.529 7.08561306217 7.09532763548 7.32624140658 1.77140326554 1.77383190887 1.83156035164
5703392 128 200588.171 207085.404 207757.745 7.0277445108 7.05056138095 7.27893546624 1.7569361277 1.76264034524 1.81973386656
6273728 128 219499.98 225715.078 233728.457 6.8715396859 7.11549437561 7.31696817467 1.71788492148 1.7788735939 1.82924204367
6901088 128 239098.072 254674.058 268875.179 6.57062706409 6.93701801383 7.38892837245 1.64265676602 1.73425450346 1.84723209311
7591184 128 266301.426 273007.981 285145.801 6.81526116529 7.11826480999 7.29753172257 1.70381529132 1.7795662025 1.82438293064
8350288 128 290526.132 300279.346 469915.591 4.54905895642 7.11895025907 7.35793958803 1.13726473911 1.77973756477 1.83948489701
9185312 64 157128.35 180769.263 203932.582 5.76523831783 6.50398146503 7.48254491312 1.44130957946 1.62599536626 1.87063622828
10103840 64 172835.015 181377.214 243968.739 5.30105424695 7.13039687554 7.48280966099 1.32526356174 1.78259921889 1.87070241525
11114224 64 195176.874 210622.26 242531.785 5.86570816687 6.75436998919 7.28887927573 1.46642704172 1.6885924973 1.82221981893
12225632 64 214019.36 229428.252 254578.598 6.14694600526 6.8207855064 7.3118660667 1.53673650131 1.7051963766 1.82796651667
13448192 64 236732.491 251804.541 258294.005 6.6643768058 6.83612999656 7.27136595711 1.66609420145 1.70903249914 1.81784148928
14793008 64 259043.403 267653.129 270784.481 6.9926644873 7.0744737081 7.30960527105 1.74816612182 1.76861842702 1.82740131776
16272304 64 284943.249 294921.437 461803.097 4.51026622717 7.06240595186 7.30971840642 1.12756655679 1.76560148797 1.8274296016
17899520 32 153048.046 171385.717 229564.405 4.99018687152 6.68415840043 7.48503041979 1.24754671788 1.67103960011 1.87125760495
19689472 32 168669.273 175018.182 205553.323 6.13041029748 7.19997313193 7.47098855403 1.53260257437 1.79999328298 1.86774713851
21658416 32 190258.045 200135.441 201452.597 6.88071856428 6.92600279628 7.28557167714 1.72017964107 1.73150069907 1.82139291928
23824256 32 208712.021 234921.114 265844.165 5.7355119455 6.49048677677 7.30553217153 1.43387798638 1.62262169419 1.82638304288
26206672 32 224981.907 239725.967 323442.818 5.18554413535 6.99643442464 7.45494173449 1.29638603384 1.74910860616 1.86373543362
28827328 32 272593.152 274518.529 368173.233 5.01108941833 6.72067200244 6.76814138016 1.25277235458 1.68016800061 1.69203534504
31710048 32 296743.226 310498.346 385605.537 5.26300293245 6.53608335807 6.83905442209 1.31575073311 1.63402083952 1.70976360552
34881040 16 158532.098 207744.599 324999.995 3.43444091438 5.37291118697 7.04080305554 0.858610228594 1.34322779674 1.76020076389
38369136 16 186997.242 188100.797 195386.313 6.28402436766 6.52741706352 6.56593829336 1.57100609192 1.63185426588 1.64148457334
42206048 16 190044.569 190905.957 223201.569 6.05100377229 7.07465370502 7.10671998209 1.51275094307 1.76866342625 1.77667999552
46426640 16 208896.408 217417.273 532703.75 2.7888905982 6.8331851444 7.11191012916 0.69722264955 1.7082962861 1.77797753229
51069296 16 241224.654 243677.328 261768.056 6.24299808377 6.7064814171 6.77467018773 1.56074952094 1.67662035427 1.69366754693
56176224 16 258775.652 264253.877 280424.739 6.41041576578 6.80269742268 6.94670906674 1.60260394144 1.70067435567 1.73667726669
61793840 16 282515.528 289721.535 308549.959 6.40869597393 6.82518432743 6.99927148783 1.60217399348 1.70629608186 1.74981787196
67973216 8 151509.523 156539.91 183163.026 5.93772378493 6.94756663652 7.17823826823 1.48443094623 1.73689165913 1.79455956706
74770528 8 171337.115 175783.856 191041.608 6.26213556578 6.80567871944 6.98230764537 1.56553389144 1.70141967986 1.74557691134
82247568 8 185260.276 187520.363 188287.645 6.98909951314 7.01769699539 7.10330955137 1.74727487829 1.75442424885 1.77582738784
90472320 8 205975.664 212442.134 234354.271 6.17679001037 6.813889 7.02780654709 1.54419750259 1.70347225 1.75695163677
99519552 8 227163.716 229804.552 232321.503 6.85391929476 6.92898734225 7.00953858318 1.71347982369 1.73224683556 1.75238464579
109471504 8 246222.44 248446.819 261072.423 6.70903515535 7.04997580991 7.1136654482 1.67725878884 1.76249395248 1.77841636205
120418640 8 274058.174 290087.096 597215.794 3.22613410321 6.64179229813 7.03025278129 0.806533525803 1.66044807453 1.75756319532
132460496 8 299524.149 315909.099 316166.489 6.70332881484 6.70879041695 7.07578318168 1.67583220371 1.67719760424 1.76894579542
145706544 4 170053.136 174313.58 175701.106 6.63429148818 6.68710006415 6.85463602388 1.65857287205 1.67177501604 1.71365900597
160277184 4 181248.981 183756.496 194306.59 6.59893970657 6.97780758728 7.07434306624 1.64973492664 1.74445189682 1.76858576656
176304896 4 206556.405 217455.187 388361.277 3.63177085753 6.486114162 6.82834874087 0.907942714381 1.6215285405 1.70708718522
193935376 4 218673.909 244455.34 482893.171 3.21289076171 6.3466930524 7.09496169477 0.803222690428 1.5866732631 1.77374042369
213328912 4 239910.788 264206.719 512709.943 3.32864872098 6.45945456065 7.11360797998 0.832162180245 1.61486364016 1.77840199499
234661792 4 274004.142 287145.797 456170.865 4.1153315129 6.5377740354 6.85133561229 1.02883287822 1.63444350885 1.71283390307
258127968 4 300338.936 324862.835 462052.56 4.46923991504 6.35660199173 6.87564446855 1.11730997876 1.58915049793 1.71891111714
283940752 2 161514.825 161980.168 210832.11 5.38704947743 7.01174114105 7.03194278296 1.34676236936 1.75293528526 1.75798569574
312334816 2 181457.329 186644.766 355435.908 3.51494949126 6.69367424962 6.88503060684 0.878737372815 1.6734185624 1.72125765171
343568288 2 195355.929 206744.044 352889.272 3.89434664367 6.64722003793 7.03471432393 0.973586660917 1.66180500948 1.75867858098
377925104 2 222877.631 225808.59 260142.985 5.81103663433 6.6946098729 6.78264754169 1.45275915858 1.67365246823 1.69566188542
415717600 2 234032.564 243399.164 273163.379 6.08745727955 6.83186570025 7.10529497083 1.52186431989 1.70796642506 1.77632374271
457289360 2 268873.421 269663.282 338236.821 5.40791932289 6.78311643481 6.80304298282 1.35197983072 1.6957791087 1.7007607457
503018288 2 282762.045 288779.659 322546.787 6.23808152211 6.96750304009 7.11578228966 1.55952038053 1.74187576002 1.77894557242
553320112 1 157457.343 175043.65 200414.641 5.52175339326 6.3220815151 7.02819063827 1.38043834831 1.58052037877 1.75704765957
608652112 1 172884.724 172888.642 233824.883 5.20605082052 7.04097278987 7.04113235592 1.30151270513 1.76024319747 1.76028308898
669517312 1 186783.829 189887.559 332695.268 4.02480814365 7.05172382568 7.16890017283 1.00620203591 1.76293095642 1.79222504321
736469040 1 210815.002 224809.172 284012.805 5.18616785606 6.55194833421 6.9868750612 1.29654196401 1.63798708355 1.7467187653
810115936 1 227451.229 229851.756 277298.971 5.8429061823 7.04902977552 7.12342544432 1.46072654557 1.76225744388 1.78085636108
891127520 1 250599.46 270094.718 287704.835 6.19473440549 6.5986297444 7.11196680152 1.54868360137 1.6496574361 1.77799170038
980240272 1 278287.18 317691.354 354132.987 5.53600092612 6.17102265868 7.04481084612 1.38400023153 1.54275566467 1.76120271153

META_DATA
ERT_VERSION  1.1.0
TIMESTAMP_DATA  1535257136.33
UNAME  ('Linux', 'atajo-Inspiron-15-7568', '4.15.0-33-generic', '#36-Ubuntu SMP Wed Aug 15 16:00:05 UTC 2018', 'x86_64', 'x86_64')
HOSTNAME  ('atajo-Inspiron-15-7568', [], ['127.0.1.1'])
FLOPS          4
MPI_PROCS      2
TIMESTAMP_DATA  1535257221.8
TIMESTAMP_DATA  1535257303.81
CONFIG  {'ERT_WORKING_SET_MIN': ['1'], 'ERT_CFLAGS': [], 'ERT_CC': ['mpicc'], 'ERT_MPI_CFLAGS': ['-I/usr/include/mpi'], 'ERT_MPI_LDFLAGS': ['-lmpi'], 'ERT_MEMORY_MAX': ['1073741824'], 'ERT_PROCS_THREADS': ['1-4'], 'ERT_LDFLAGS': [], 'ERT_LDLIBS': [], 'ERT_RUN': ['export', 'OMP_NUM_THREADS=ERT_OPENMP_THREADS;', 'mpirun', '-np', 'ERT_MPI_PROCS', 'ERT_CODE'], 'ERT_FLOPS': ['1,2,4,8,16,32'], 'ERT_OPENMP_CFLAGS': ['-fopenmp'], 'ERT_MPI': ['True'], 'ERT_TRIALS_MIN': ['1'], 'ERT_DRIVER': ['driver1'], 'ERT_RESULTS': ['Results/myLaptop'], 'ERT_OPENMP': ['False'], 'ERT_MPI_PROCS': ['1,2,4,8'], 'ERT_KERNEL': ['kernel1'], 'ERT_GPU': [False], 'ERT_OPENMP_THREADS': ['1,2,4,8'], 'ERT_LD': ['mpicc'], 'ERT_NUM_EXPERIMENTS': ['3'], 'ERT_OPENMP_LDFLAGS': ['-fopenmp'], 'ERT_ALIGN': ['64'], 'ERT_GNUPLOT': ['gnuplot']}
