8 134217728 1357129.76 1357606.527 1358306.022 1.58100134522 1.58181594246 1.58237164293 0.395250336305 0.395453985616 0.395592910732
16 67108864 676972.74 677984.522 733038.533 2.92956447898 3.16745232128 3.17218629512 0.732391119745 0.79186308032 0.793046573781
24 33554432 457647.681 459024.737 497448.912 3.23774501692 3.50877111009 3.51932895733 0.80943625423 0.877192777521 0.879832239333
32 33554432 594722.096 594763.926 647555.853 3.31629100108 3.61064878706 3.61090274339 0.82907275027 0.902662196765 0.902725685847
40 16777216 366415.769 366821.081 388393.92 3.45571135614 3.65894260041 3.66298995172 0.863927839035 0.914735650103 0.915747487931
48 16777216 439756.139 446806.096 495282.355 3.25190816862 3.60472417547 3.66251336403 0.812977042156 0.901181043868 0.915628341007
56 16777216 506821.584 507271.056 583882.308 3.2181968288 3.70422906999 3.70751414565 0.804549207201 0.926057267498 0.926878536412
64 16777216 571937.468 572345.587 714007.247 3.00764965205 3.75207513918 3.7547525178 0.751912413012 0.938018784794 0.938688129451
72 8388608 319945.688 320252.211 396860.132 3.04379163992 3.77190074107 3.77551439918 0.760947909981 0.942975185267 0.943878599795
80 8388608 353909.647 354194.067 432860.731 3.10071388758 3.78938385775 3.79242920157 0.775178471895 0.947345964437 0.948107300392
88 8388608 388451.778 389291.293 475051.558 3.10786267961 3.79251998323 3.80071630925 0.776965669903 0.948129995808 0.950179077311
96 8388608 423608.195 485054.4 519883.971 3.09802345493 3.32047856076 3.80212837006 0.774505863732 0.830119640189 0.950532092515
104 8388608 458628.927 458728.127 535706.973 3.25706132632 3.80362650839 3.80444922088 0.814265331581 0.950906627097 0.951112305221
112 8388608 492071.199 492871.094 573579.884 3.2760008578 3.81245363113 3.81865103225 0.81900021445 0.953113407783 0.954662758062
120 8388608 525364.673 525817.472 605612.203 3.32434833715 3.82883039687 3.83213037242 0.831087084287 0.957207599218 0.958032593105
128 8388608 560906.121 561583.588 641640.125 3.34686620167 3.82397864519 3.82859727787 0.836716550418 0.955994661297 0.957149319467
136 4194304 296729.15 297059.012 339466.198 3.36071954946 3.84048502794 3.84475434247 0.840179887365 0.960121256984 0.961188585618
144 4194304 313908.259 313991.763 356552.706 3.38788496532 3.84710586182 3.84812924594 0.846971241329 0.961776465455 0.962032311485
152 4194304 361344.634 363641.196 402210.769 3.17014986737 3.50639154756 3.52867677011 0.792537466842 0.876597886891 0.882169192528
160 4194304 348498.394 379537.702 420556.151 3.1914341921 3.53634770124 3.85131553863 0.797858548025 0.884086925309 0.962828884658
176 4194304 382767.069 383491.199 428537.043 3.44519810391 3.84987976738 3.85716308317 0.861299525978 0.962469941846 0.964290770793
192 4194304 417239.141 428138.588 458248.989 3.51471094244 3.76189575325 3.86016693482 0.87867773561 0.940473938313 0.965041733704
208 4194304 451081.478 451636.976 490938.134 3.55407401292 3.86334723842 3.86810487484 0.88851850323 0.965836809606 0.967026218709
224 4194304 485391.821 487807.447 526606.771 3.56821882186 3.85202850747 3.87119871144 0.892054705464 0.963007126867 0.967799677861
240 4194304 519921.381 522163.388 560519.132 3.5917880498 3.85562443915 3.87225067784 0.897947012449 0.963906109786 0.96806266946
264 2097152 302641.545 302888.604 322539.658 3.4330545982 3.65578711571 3.65877148823 0.858263649551 0.913946778929 0.914692872058
288 2097152 311593.19 311773.171 333217.591 3.62513740158 3.8744820413 3.87672000149 0.906284350396 0.968620510326 0.969180000372
312 2097152 336774.272 339071.162 357035.711 3.66524358119 3.85943422697 3.88575659366 0.916310895299 0.964858556742 0.971439148416
336 2097152 362917.819 380333.41 401014.723 3.51430025675 3.70539665185 3.88321011044 0.878575064188 0.926349162962 0.97080252761
368 2097152 397892.983 398683.175 418836.025 3.68522233015 3.87150491615 3.87919349661 0.921305582537 0.967876229038 0.969798374152
400 2097152 431656.723 433048.328 452910.596 3.70431077307 3.87421331875 3.88670327741 0.926077693267 0.968553329687 0.971675819352
440 2097152 474308.655 474424.996 496610.773 3.71617745795 3.88995895149 3.89091310172 0.929044364489 0.972489737872 0.972728275431
480 2097152 517251.223 517607.519 537933.023 3.74259588819 3.88956080833 3.89224003826 0.935648972047 0.972390202083 0.973060009565
528 1048576 284971.056 285950.261 294405.871 3.76112151649 3.87233867921 3.88564463894 0.940280379123 0.968084669802 0.971411159735
576 1048576 309753.99 312655.173 320461.265 3.76944012875 3.86355210569 3.8997384731 0.942360032187 0.965888026423 0.974934618276
632 1048576 348915.286 349411.478 359437.242 3.68743109819 3.79323561889 3.79862997461 0.921857774549 0.948308904724 0.949657493653
688 1048576 375675.183 379524.395 390107.455 3.69857216905 3.80170707077 3.84065980744 0.924643042261 0.950426767692 0.960164951859
752 1048576 412657.868 413070.27 422517.584 3.73252703253 3.8178935124 3.82170903864 0.933131758133 0.954473378101 0.955427259659
824 1048576 451338.632 451363.562 461159.207 3.74719450847 3.8285173937 3.82872886449 0.936798627117 0.957129348425 0.957182216124
904 1048576 493857.362 494519.139 503822.218 3.76288567726 3.83367449 3.83881167696 0.940721419316 0.958418622499 0.959702919241
992 1048576 541235.596 542481.812 553324.508 3.75977343118 3.83492079915 3.84375085337 0.939943357795 0.958730199788 0.960937713343
1088 524288 296022.418 296476.429 301431.315 3.78477826035 3.84803166932 3.85393341392 0.946194565087 0.962007917331 0.96348335348
1192 524288 324083.294 324386.872 328908.984 3.8001473137 3.85312322997 3.85673255962 0.950036828425 0.963280807492 0.964183139906
1304 524288 353635.156 354164.375 358569.967 3.81332300482 3.8607584515 3.86653612007 0.953330751206 0.965189612874 0.966634030017
1432 524288 388256.868 388278.609 392863.475 3.8220932399 3.86722522744 3.86744177826 0.955523309974 0.96680630686 0.966860444565
1568 524288 424215.832 425752.841 429684.248 3.82645436888 3.86178789586 3.87577983652 0.956613592221 0.965446973964 0.968944959131
1720 524288 465080.01 466254.007 470216.542 3.83557480205 3.86817205412 3.87793644367 0.958893700511 0.967043013531 0.969484110917
1888 524288 510490.951 511277.193 515425.016 3.84093015772 3.8720903555 3.87805402647 0.960232539431 0.968022588874 0.969513506616
2072 262144 282263.388 282702.716 282866.728 3.84041185643 3.8426398988 3.84862076409 0.960102964107 0.960659974699 0.962155191023
2272 262144 306618.198 308556.949 309141.189 3.85319840379 3.86049427783 3.8849042352 0.963299600947 0.965123569458 0.9712260588
2496 262144 336172.334 338536.026 339055.573 3.85961167493 3.86553497264 3.89271428862 0.964902918732 0.966383743159 0.973178572155
2744 262144 372151.806 373123.544 374160.409 3.84499866206 3.85568344623 3.86575114995 0.961249665514 0.963920861558 0.966437787487
3016 262144 405769.499 408481.56 408545.765 3.87044180473 3.87105015952 3.89692328255 0.967610451182 0.967762539881 0.974230820636
3312 262144 444915.302 447721.012 448069.912 3.87538151859 3.87840152564 3.90285937165 0.968845379647 0.969600381409 0.975714842912
3640 262144 489044.555 491789.399 491982.829 3.87901407836 3.88053976739 3.90231994302 0.969753519589 0.970134941847 0.975579985754
4000 262144 540399.493 540631.906 540763.761 3.8781296959 3.87907553499 3.88074383334 0.969532423975 0.969768883748 0.970185958335
4400 131072 296583.665 296706.729 300131.839 3.84308976963 3.88745345914 3.88906651349 0.960772442407 0.971863364784 0.972266628373
4840 131072 326457.8 327092.729 327182.39 3.87788890472 3.87895189196 3.88649608004 0.969472226179 0.969737972989 0.971624020011
5320 131072 358165.862 358278.57 359212.928 3.8823938987 3.89251882969 3.8937437315 0.970598474674 0.973129707423 0.973435932875
5848 131072 393681.131 393945.934 394607.473 3.88491910796 3.89144291054 3.89406042425 0.971229776989 0.972860727635 0.973515106062
6432 131072 433078.965 433585.905 434247.713 3.88283036968 3.88875696501 3.89330894425 0.97070759242 0.972189241253 0.973327236062
7072 131072 475344.046 476373.615 477102.671 3.88570947237 3.89165627488 3.90008538784 0.971427368094 0.972914068719 0.975021346959
7776 131072 522032.39 523550.112 523675.675 3.89254617183 3.893479721 3.90479936312 0.973136542957 0.97336993025 0.97619984078
8552 65536 288009.861 288394.668 292849.035 3.82766412053 3.88678387078 3.89197696255 0.956916030131 0.971695967694 0.972994240638
9400 65536 316083.489 316526.04 320972.546 3.83857378257 3.89249743876 3.8979473553 0.959643445642 0.973124359689 0.974486838824
10336 65536 347293.369 348145.128 352909.858 3.83882785162 3.89136622357 3.90091004588 0.959706962904 0.972841555893 0.97522751147
11368 65536 383597.087 386794.0 388804.697 3.83232637748 3.85224821481 3.88435300083 0.958081594369 0.963062053703 0.971088250209
12504 65536 420760.15 420876.226 425508.471 3.85168427822 3.89407665901 3.89515092625 0.962921069555 0.973519164753 0.973787731562
13752 65536 462281.84 462694.718 467140.285 3.85858852657 3.89566181302 3.89914114731 0.964647131643 0.973915453256 0.974785286828
15120 65536 508153.862 509624.88 512305.193 3.86841411541 3.88875959117 3.90001688111 0.967103528853 0.972189897793 0.975004220277
16632 32768 279551.934 280693.934 282162.778 3.86299978943 3.88321449084 3.89907784362 0.965749947358 0.97080362271 0.974769460905
18288 32768 307623.522 307723.799 310040.833 3.86569200064 3.89479907597 3.89606867579 0.96642300016 0.973699768993 0.974017168947
20112 32768 337973.779 339550.043 340709.395 3.86857554075 3.88178431772 3.89988843484 0.967143885187 0.970446079431 0.974972108709
22120 32768 371870.8 371879.585 374973.966 3.86601858114 3.89818742 3.89827950998 0.966504645285 0.974546854999 0.974569877495
24328 32768 410548.513 412337.385 419591.589 3.79978972362 3.86663898545 3.88348698757 0.949947430905 0.966659746363 0.970871746891
26760 32768 450597.543 451694.26 453527.448 3.8668957474 3.88258943118 3.89203933143 0.96672393685 0.970647357795 0.973009832857
29432 32768 495869.19 496789.942 497935.552 3.87370523003 3.88263809093 3.88984754629 0.968426307507 0.970659522732 0.972461886571
32368 32768 544654.482 545209.558 547285.175 3.8759852174 3.89074112307 3.89470631034 0.968996304349 0.972685280767 0.973676577585
35600 16384 301540.215 302284.105 308454.883 3.78188469138 3.85908746343 3.86860770793 0.945471172846 0.964771865858 0.967151926983
39160 16384 330782.646 331001.237 339832.27 3.77596536079 3.87670720397 3.87926904726 0.943991340199 0.969176800992 0.969817261816
43072 16384 364078.956 364301.457 364653.519 3.87047765197 3.87421809296 3.87658575905 0.967619412991 0.968554523239 0.969146439763
47376 16384 400605.672 400803.171 402278.776 3.85905710323 3.87326468532 3.87517420872 0.964764275807 0.968316171331 0.968793552179
52112 16384 439381.854 440100.978 440761.051 3.8742216721 3.88003231386 3.8863826543 0.968555418024 0.970008078464 0.971595663575
57320 16384 483132.801 483312.688 483998.711 3.88071645092 3.88622481188 3.88767178737 0.970179112729 0.971556202969 0.971917946842
63048 16384 531368.631 533734.745 533864.267 3.86981671504 3.87075580774 3.88799176969 0.96745417876 0.967688951934 0.971997942423
69352 8192 292754.677 293933.163 294204.887 3.86214919673 3.86571952754 3.88128100854 0.965537299182 0.966429881884 0.970320252134
76280 8192 322458.211 322590.225 323414.302 3.86430504858 3.87417665864 3.87576274186 0.966076262144 0.96854416466 0.968940685465
83904 8192 354466.347 354509.048 356356.62 3.85760515969 3.87770959234 3.87817672294 0.964401289921 0.969427398084 0.969544180734
92288 8192 389505.036 390119.156 390243.795 3.87462045873 3.87585835954 3.88196930014 0.968655114683 0.968964589885 0.970492325034
101512 8192 428180.556 428649.184 428909.515 3.87767710866 3.88003213369 3.88427868733 0.969419277164 0.970008033423 0.971069671833
111656 8192 471522.847 471867.428 471953.443 3.87617026877 3.87687684177 3.87970999844 0.969042567192 0.969219210443 0.969927499611
122816 8192 518532.756 518721.484 520223.721 3.86798460503 3.87918643447 3.88059832425 0.966996151258 0.969796608617 0.970149581061
135096 4096 285230.539 285317.461 285631.25 3.87459856721 3.87885980802 3.88004186326 0.968649641802 0.969714952006 0.970010465815
148600 4096 313874.222 314370.243 314922.194 3.86549828241 3.87228507502 3.87840451581 0.966374570603 0.968071268756 0.969601128952
163456 4096 344808.751 344964.049 345239.438 3.87855906543 3.88165536635 3.88340362046 0.969639766358 0.970413841588 0.970850905115
179800 4096 379813.165 379847.924 380397.36 3.87206052114 3.87766131374 3.87801618198 0.968015130284 0.969415328435 0.969504045496
197776 4096 418410.193 419078.407 420001.992 3.85755549464 3.8660569596 3.87223117196 0.96438887366 0.9665142399 0.96805779299
217552 4096 458967.374 459193.434 460682.286 3.86857936187 3.88112253365 3.88303414351 0.967144840468 0.970280633412 0.970758535878
239304 4096 504623.718 505160.725 506764.622 3.86841993875 3.88070226164 3.8848320007 0.967104984689 0.97017556541 0.971208000176
263232 2048 277502.318 278242.199 279483.903 3.85781885979 3.87503504456 3.88536672332 0.964454714946 0.96875876114 0.971341680829
289552 2048 306302.565 306326.946 307269.183 3.85982408135 3.87169658917 3.87200476757 0.964956020337 0.967924147293 0.968001191893
318504 2048 336707.889 337711.964 337737.037 3.86274598601 3.86303277073 3.87455247299 0.965686496503 0.965758192683 0.968638118247
350352 2048 369679.461 370126.792 373814.147 3.83891782458 3.87716269942 3.88185426401 0.959729456146 0.969290674856 0.970463566003
385384 2048 406827.585 407216.109 408053.598 3.86844490953 3.87640083266 3.88010283029 0.967111227383 0.969100208165 0.970025707573
423920 2048 447650.4 448522.236 448795.147 3.86897303058 3.87132717317 3.87886690149 0.967243257646 0.967831793294 0.969716725373
466312 2048 492509.469 492604.922 493652.861 3.86914389219 3.8773748834 3.87812635537 0.967285973047 0.969343720849 0.969531588843
512936 2048 541680.35 542567.002 542580.384 3.87221122981 3.87230673494 3.87864513823 0.968052807453 0.968076683735 0.969661284556
564224 1024 298133.118 298151.135 298456.302 3.87169158184 3.87565437911 3.87588859551 0.96792289546 0.968913594778 0.968972148877
620640 1024 327652.575 327725.225 328495.0 3.86937615489 3.8784647108 3.87932467798 0.967344038722 0.969616177699 0.969831169494
682704 1024 360276.79 360721.491 361363.414 3.86917362918 3.8760590286 3.88084337045 0.967293407296 0.96901475715 0.970210842614
750968 1024 396891.401 397325.616 398100.292 3.86330403395 3.87083641745 3.87507126666 0.965826008487 0.967709104363 0.968767816665
826064 1024 437139.184 437405.947 437785.188 3.86440454902 3.8677550765 3.87011536353 0.966101137255 0.966938769125 0.967528840883
908664 1024 479239.649 480627.043 480844.5 3.87015734193 3.87190837283 3.88311750892 0.967539335482 0.967977093207 0.97077937723
999528 1024 527982.761 529226.88 529229.565 3.8679497129 3.8679693367 3.87708367622 0.966987428225 0.966992334176 0.969270919056
1099480 512 290342.107 290673.958 291310.695 3.86483414212 3.87330026999 3.87772731841 0.966208535529 0.968325067497 0.969431829604
1209424 512 319363.675 320053.112 320243.822 3.86721020336 3.86951455732 3.87786800111 0.966802550839 0.96737863933 0.969467000278
1330360 512 351854.965 352446.516 352900.55 3.86026216168 3.86523508719 3.87173345699 0.965065540419 0.966308771797 0.967933364249
1463392 512 386091.184 387583.983 390493.96 3.83748165529 3.86629343246 3.88124223007 0.959370413822 0.966573358115 0.970310557518
1609728 512 424721.568 425934.413 439306.065 3.7521937513 3.86998895062 3.88104018301 0.938048437824 0.967497237656 0.970260045753
1770696 512 467232.973 468336.894 468630.766 3.86912860945 3.87155640999 3.8807036506 0.967282152363 0.967889102497 0.970175912649
1947760 512 513799.362 514994.464 516114.767 3.86446264964 3.87286928195 3.88187761121 0.96611566241 0.968217320488 0.970469402802
2142536 256 282831.162 283543.293 284028.914 3.86220690194 3.86882165469 3.87856282965 0.965551725484 0.967205413672 0.969640707413
2356784 256 311329.357 311605.527 312038.416 3.86706682936 3.87243904053 3.87587415343 0.96676670734 0.968109760133 0.968968538357
2592456 256 342411.801 342770.304 344808.881 3.84948748463 3.87238175685 3.87643611617 0.962371871158 0.968095439213 0.969109029043
2851696 256 377001.931 377729.483 435400.538 3.35339124455 3.86538096101 3.87284051338 0.838347811137 0.966345240252 0.968210128345
3136864 256 414328.926 415160.953 416329.724 3.85769805857 3.868558342 3.87632691617 0.964424514643 0.9671395855 0.969081729042
3450544 256 456843.861 457336.634 457672.752 3.86013482402 3.86297181695 3.86713859771 0.965033706005 0.965742954237 0.966784649428
3795592 256 502274.83 502811.454 503143.113 3.86240624941 3.86495392764 3.86908319495 0.965601562353 0.96623848191 0.967270798738
4175144 256 553460.253 553793.072 553964.55 3.85886376303 3.86005863215 3.86237984826 0.964715940758 0.965014658038 0.965594962065
4592656 128 304235.244 304913.851 306859.575 3.83145918129 3.8559085858 3.86450932029 0.957864795322 0.96397714645 0.966127330074
5051920 128 335012.091 335425.019 335698.665 3.85253697687 3.85567994855 3.86043236869 0.963134244219 0.963919987137 0.965108092173
5557112 128 368348.244 369623.784 376819.331 3.77533888249 3.84883422978 3.8621622206 0.943834720624 0.962208557445 0.965540555149
6112816 128 405231.692 405272.167 405784.094 3.85643725109 3.86130858081 3.86169425268 0.964109312772 0.965327145202 0.96542356317
6724096 128 445568.059 447028.885 453534.033 3.79545624088 3.85068758141 3.86331232958 0.948864060219 0.962671895352 0.965828082394
7396504 128 490354.109 490827.583 491389.886 3.85336588714 3.85778038884 3.86150536775 0.963341471786 0.96444509721 0.965376341937
8136152 128 541304.462 542575.014 544755.662 3.82346629377 3.83883307977 3.84784360414 0.955866573444 0.959708269943 0.961960901035
8949760 64 296693.385 297338.766 297354.909 3.85253192507 3.85274108523 3.86112174358 0.963132981269 0.963185271308 0.965280435895
9844736 64 326220.075 327819.771 327971.701 3.84217968855 3.84396036931 3.86281012289 0.960544922136 0.960990092327 0.965702530723
10829208 64 358806.542 359126.398 359226.156 3.85867955562 3.85975141822 3.86319217112 0.964669888904 0.964937854554 0.965798042779
11912128 64 394680.903 395060.285 405830.598 3.75711538636 3.8595435732 3.86325351039 0.939278846589 0.964885893301 0.965813377598
13103336 64 434558.089 434772.222 435119.42 3.8546360629 3.85771427688 3.85961520555 0.963659015725 0.96442856922 0.964903801388
14413664 64 478551.981 478651.681 484719.513 3.80621976735 3.85447093416 3.85527396239 0.951554941837 0.963617733539 0.963818490598
15855024 64 525694.138 526669.79 526774.431 3.85258462175 3.85335006969 3.86050162119 0.963146155437 0.963337517422 0.965125405298
17440520 32 289468.358 289569.132 290042.001 3.84838497925 3.85466942657 3.85601137103 0.962096244812 0.963667356644 0.964002842756
19184568 32 318112.467 318213.252 318605.933 3.85370209663 3.85845763582 3.85968007975 0.963425524157 0.964614408956 0.964920019937
21103024 32 350162.121 350665.889 350938.365 3.84852062555 3.85151102051 3.85705207674 0.962130156388 0.962877755127 0.964263019186
23213320 32 384986.79 385149.309 386497.433 3.8438870563 3.85734167317 3.85897001817 0.960971764074 0.964335418294 0.964742504542
25534648 32 422877.926 423274.953 423304.055 3.86062323925 3.86088867394 3.86451354285 0.965155809811 0.965222168485 0.966128385713
28088112 32 464924.81 465128.839 465157.468 3.86458197851 3.86481984618 3.86651589533 0.966145494626 0.966204961546 0.966628973833
30896920 32 510945.54 511324.819 511701.656 3.8643667786 3.86721474594 3.87008541067 0.96609169465 0.966803686484 0.967521352667
33986608 16 281509.356 281769.505 281784.629 3.85958403714 3.85979120061 3.86335811873 0.964896009285 0.964947800153 0.965839529682
37385264 16 309508.154 309877.481 311063.715 3.84592734643 3.8606498418 3.86525664199 0.961481836607 0.96516246045 0.966314160499
41123784 16 340219.243 340268.756 340459.047 3.86525515946 3.86741675454 3.86797958986 0.966313789864 0.966854188634 0.966994897464
45236160 16 374222.536 374843.312 385843.209 3.75167188701 3.86176589967 3.86817195852 0.937917971753 0.965441474917 0.967042989629
49759776 16 411854.625 411928.26 428281.766 3.71790946617 3.8655100575 3.86620116746 0.929477366543 0.966377514376 0.966550291866
54735752 16 452903.323 453745.415 453965.969 3.8583157849 3.86019121317 3.86736854214 0.964578946225 0.965047803293 0.966842135535
60209320 16 498198.317 498905.582 499751.003 3.85531640444 3.86184943507 3.86733189225 0.963829101109 0.965462358768 0.966832973063
66230248 16 547713.755 548226.15 548466.193 3.86417241947 3.86586436273 3.86948094082 0.966043104866 0.966466090682 0.967370235206
72853272 8 301133.537 301203.581 301664.342 3.86407072268 3.86998171844 3.87088188055 0.966017680671 0.967495429611 0.967720470138
80138592 8 331534.411 331627.739 332072.019 3.86126321592 3.86643613066 3.86752454484 0.965315803979 0.966609032666 0.966881136209
88152448 8 364863.179 365472.706 365642.617 3.85742553637 3.85921888241 3.86566595146 0.964356384092 0.964804720602 0.966416487864
96967688 8 401868.473 401921.479 404996.7 3.83085345634 3.86016445765 3.860673609 0.957713364084 0.965041114411 0.96516840225
106664456 8 441312.178 441909.203 444052.3 3.84331146579 3.86195011196 3.86717471458 0.960827866447 0.965487527989 0.966793678646
117330896 8 485704.863 485826.967 486698.678 3.85720040111 3.86412130968 3.86509273225 0.964300100277 0.966030327419 0.966273183063
129063984 8 534326.028 534376.712 536842.353 3.84661108137 3.86435953818 3.86472609566 0.961652770343 0.966089884546 0.966181523914
141970376 4 294064.041 294104.848 294184.055 3.86072252624 3.86176227874 3.86229817198 0.965180631561 0.965440569684 0.965574542996
156167408 4 322991.663 324603.362 327403.902 3.81589607322 3.84881800454 3.86802325607 0.953974018306 0.962204501135 0.967005814017
171784144 4 355402.305 355704.227 357483.623 3.84429681133 3.86352775054 3.86680990153 0.961074202831 0.965881937636 0.966702475382
188962552 4 390995.303 391284.489 397702.915 3.80107954703 3.86343046683 3.86628791804 0.950269886757 0.965857616707 0.96657197951
207858800 4 429973.633 430424.169 430983.951 3.85831165207 3.86332952414 3.86737760731 0.964577913018 0.965832381034 0.966844401829
228644680 4 472746.851 473115.266 482750.56 3.78903224887 3.8661983061 3.86921126208 0.947258062217 0.966549576525 0.967302815519
251509144 4 520350.488 520593.024 520924.875 3.86250157856 3.8649637226 3.86676518693 0.965625394641 0.966240930651 0.966691296732
276660056 2 286364.868 286921.533 287131.348 3.85412540884 3.85694378679 3.8644413043 0.963531352209 0.964235946697 0.966110326075
304326056 2 314554.038 315011.11 315223.251 3.86172092363 3.86432155996 3.8699367261 0.965430230906 0.96608038999 0.967484181526
334758656 2 346112.55 346780.192 346860.265 3.860443986 3.86133537869 3.86878379302 0.965110996499 0.965333844674 0.967195948254
368234520 2 380497.815 381227.12 383119.88 3.84458796552 3.86367601549 3.87108157244 0.96114699138 0.965919003874 0.96777039311
405057968 2 419075.494 419311.143 419551.917 3.8618149658 3.86403247099 3.86620524272 0.96545374145 0.966008117748 0.966551310681
445563760 2 461411.855 461427.852 461735.43 3.85990531418 3.86247824503 3.8626121559 0.964976328544 0.965619561257 0.965653038975
490120136 2 507248.956 507351.427 507902.451 3.85995487941 3.86414709739 3.86492770623 0.964988719852 0.966036774348 0.966231926557
539132144 1 279442.464 279861.268 279885.734 3.85251607 3.85285286423 3.85862718416 0.963129017501 0.963213216057 0.964656796041
593045352 1 306789.54 306821.747 311103.772 3.81252434316 3.8657321901 3.86613801761 0.953131085791 0.966433047524 0.966534504403
652349880 1 337455.721 337543.837 337560.084 3.86508897776 3.86527501612 3.86628431171 0.96627224444 0.966318754029 0.966571077928
717584864 1 370679.43 371051.162 371125.036 3.86707871683 3.86784862838 3.87172746003 0.966769679209 0.966962157095 0.967931865008
789343344 1 408275.737 408477.863 408716.263 3.8625492326 3.86480353282 3.86671688991 0.965637308149 0.966200883204 0.966679222479
868277672 1 448496.726 449213.188 449661.86 3.86191380341 3.86577106458 3.87194653457 0.965478450852 0.966442766146 0.967986633642
955105432 1 494931.358 495316.39 503883.044 3.79098063875 3.85654685079 3.85954705258 0.947745159688 0.964136712698 0.964886763146
1050615968 1 542824.685 543504.317 544051.731 3.86219143562 3.86608140962 3.87092185389 0.965547858904 0.966520352404 0.967730463474

META_DATA
ERT_VERSION  1.1.0
TIMESTAMP_DATA  1535269761.02
TIMESTAMP_DATA  1535269612.26
OPENMP_THREADS 1
HOSTNAME  ('atajo-Inspiron-15-7568', [], ['127.0.1.1'])
FLOPS          4
UNAME  ('Linux', 'atajo-Inspiron-15-7568', '4.15.0-33-generic', '#36-Ubuntu SMP Wed Aug 15 16:00:05 UTC 2018', 'x86_64', 'x86_64')
CONFIG  {'ERT_WORKING_SET_MIN': ['1'], 'ERT_CFLAGS': [], 'ERT_CC': ['gcc'], 'ERT_MPI_CFLAGS': ['-I/usr/include/mpi'], 'ERT_MPI_LDFLAGS': ['-mpicc'], 'ERT_MEMORY_MAX': ['1073741824'], 'ERT_PROCS_THREADS': ['1-4'], 'ERT_LDFLAGS': [], 'ERT_LDLIBS': [], 'ERT_RUN': ['export', 'OMP_NUM_THREADS=ERT_OPENMP_THREADS;', 'mpirun', '-np', 'ERT_MPI_PROCS', 'ERT_CODE'], 'ERT_FLOPS': ['1,2,4,8,16'], 'ERT_OPENMP_CFLAGS': ['-fopenmp'], 'ERT_MPI': ['False'], 'ERT_TRIALS_MIN': ['1'], 'ERT_DRIVER': ['driver1'], 'ERT_RESULTS': ['Results/myLaptop'], 'ERT_OPENMP': ['True'], 'ERT_MPI_PROCS': ['1,2,4,8'], 'ERT_KERNEL': ['kernel1'], 'ERT_GPU': [False], 'ERT_OPENMP_THREADS': ['1,2,4,8'], 'ERT_LD': ['gcc'], 'ERT_NUM_EXPERIMENTS': ['3'], 'ERT_OPENMP_LDFLAGS': ['-fopenmp'], 'ERT_ALIGN': ['64'], 'ERT_GNUPLOT': ['gnuplot']}
TIMESTAMP_DATA  1535269909.34
