16 67108864 1284968.106 1322218.67 1388737.707 1.54635654895 1.62415166018 1.67123498083 0.773178274477 0.812075830089 0.835617490416
32 33554432 677891.406 680048.653 869429.371 2.46999206563 3.15783824955 3.16788740644 1.23499603282 1.57891912478 1.58394370322
48 16777216 415788.003 440062.445 562619.145 2.86270517154 3.65996406715 3.873639269 1.43135258577 1.82998203357 1.9368196345
64 16777216 602692.105 607576.14 770736.697 2.78627403672 3.53450951514 3.56315211396 1.39313701836 1.76725475757 1.78157605698
80 8388608 380403.648 393430.539 471472.055 2.84678013419 3.41147203115 3.52829760455 1.4233900671 1.70573601558 1.76414880227
96 8388608 421702.986 451245.104 555811.207 2.8977694507 3.56926362574 3.81930597949 1.44888472535 1.78463181287 1.90965298975
112 8388608 479418.337 606712.813 621866.134 3.02162811136 3.09709660277 3.91943329443 1.51081405568 1.54854830139 1.95971664722
128 8388608 633651.651 704804.358 765659.893 2.80474877636 3.04692163666 3.38906028985 1.40237438818 1.52346081833 1.69453014492
144 4194304 311317.619 386477.781 462815.616 2.61002332298 3.12556015219 3.88015158243 1.30501166149 1.56278007609 1.94007579121
160 4194304 340339.704 369380.315 689450.975 1.94673345701 3.63359179008 3.94364002855 0.973366728505 1.81679589504 1.97182001428
176 4194304 370865.595 469525.758 747052.665 1.97629307433 3.14443879349 3.98094357607 0.988146537165 1.57221939675 1.99047178803
192 4194304 426574.124 484872.043 874550.12 1.84164714997 3.32172736963 3.77569253591 0.920823574983 1.66086368481 1.88784626796
208 4194304 436111.27 443468.591 629426.151 2.77209718921 3.9345074249 4.00088368274 1.3860485946 1.96725371245 2.00044184137
224 4194304 467016.332 472352.373 632504.486 2.97080611061 3.97806446926 4.02351708762 1.48540305531 1.98903223463 2.01175854381
240 4194304 498751.972 505754.929 596814.442 3.37335322056 3.98071438272 4.03660743822 1.68667661028 1.99035719136 2.01830371911
256 4194304 528762.36 542866.973 700993.767 3.06348465435 3.95581929793 4.06133985785 1.53174232718 1.97790964896 2.03066992893
272 2097152 284249.947 286032.333 359497.94 3.17345542509 3.98853750565 4.01354758388 1.58672771254 1.99426875283 2.00677379194
288 2097152 304128.737 325810.69 399812.768 3.02131309623 3.70755039376 3.97186916276 1.51065654812 1.85377519688 1.98593458138
304 2097152 322529.43 359556.429 404330.847 3.153527428 3.54622616413 3.95333974949 1.576763714 1.77311308206 1.97666987475
320 2097152 345352.613 382532.462 675433.1 1.98713577999 3.50866243608 3.88639677094 0.993567889995 1.75433121804 1.94319838547
352 2097152 371847.159 402266.149 758008.36 1.94772918863 3.670194501 3.97043508943 0.973864594317 1.8350972505 1.98521754472
384 2097152 406784.853 454417.573 577911.359 2.78695462707 3.54434518315 3.95937244005 1.39347731353 1.77217259157 1.97968622003
416 2097152 440058.672 480023.412 592981.555 2.94247004698 3.63488617509 3.96499506775 1.47123502349 1.81744308755 1.98249753387
448 2097152 473103.25 506710.971 539812.403 3.48092815496 3.70832348132 3.97175075842 1.74046407748 1.85416174066 1.98587537921
480 2097152 497041.482 552446.651 576561.477 3.4918495257 3.64427210547 4.05049878714 1.74592476285 1.82213605274 2.02524939357
528 1048576 278666.556 308227.295 379379.749 2.91870153565 3.59246657893 3.97355273591 1.45935076782 1.79623328946 1.98677636795
576 1048576 336681.971 395829.198 557652.265 2.16615196927 3.05171917106 3.58783557199 1.08307598464 1.52585958553 1.79391778599
624 1048576 333548.021 367603.925 552849.695 2.36704995921 3.55987180496 3.9233416648 1.18352497961 1.77993590248 1.9616708324
672 1048576 359401.028 390209.439 590090.011 2.38825622825 3.61161469495 3.92120788258 1.19412811413 1.80580734747 1.96060394129
736 1048576 384945.784 418735.341 775112.59 1.99132860427 3.68610843382 4.00966561047 0.995664302137 1.84305421691 2.00483280523
800 1048576 418733.695 461762.861 884289.876 1.89725297726 3.63329696192 4.00665535168 0.948626488629 1.81664848096 2.00332767584
880 1048576 458537.036 507235.939 950621.065 1.94135584403 3.63833399431 4.02474307441 0.970677922017 1.81916699716 2.0123715372
960 1048576 526458.811 553279.65 931909.409 2.16036655554 3.63878541349 3.82416606567 1.08018327777 1.81939270674 1.91208303284
1056 524288 306336.424 312235.81 453741.852 2.44036614899 3.54634612859 3.61464118939 1.22018307449 1.77317306429 1.80732059469
1152 524288 305362.359 329469.096 465740.95 2.59362968191 3.66638196622 3.95582335674 1.29681484095 1.83319098311 1.97791167837
1264 524288 360741.865 370825.038 588853.507 2.25081458842 3.57419248481 3.67409550317 1.12540729421 1.78709624241 1.83704775158
1376 524288 379768.117 399739.297 462724.951 3.11813869747 3.60945392867 3.79926726708 1.55906934874 1.80472696433 1.89963363354
1504 524288 435515.732 445477.664 516341.891 3.05429083227 3.54015123865 3.6211282122 1.52714541614 1.77007561932 1.8105641061
1648 524288 472735.709 473732.774 699564.492 2.47018433291 3.64773843576 3.65543202069 1.23509216646 1.82386921788 1.82771601034
1808 524288 494439.285 525931.464 667990.213 2.83810356964 3.60470049383 3.83429364437 1.41905178482 1.80235024691 1.91714682218
1984 524288 532609.491 557206.803 1103534.133 1.88519296485 3.73357750264 3.90600396567 0.942596482423 1.86678875132 1.95300198284
2176 262144 297173.936 307599.969 404269.372 2.822006234 3.708877773 3.838999824 1.411003117 1.8544388865 1.919499912
2384 262144 312199.923 345133.123 450925.784 2.77185877665 3.62150865479 4.00353267224 1.38592938833 1.8107543274 2.00176633612
2608 262144 335544.295 382712.833 531602.495 2.57211566323 3.57276523309 4.07500030361 1.28605783161 1.78638261655 2.03750015181
2864 262144 370678.401 400930.237 714096.375 2.10274254928 3.7451922889 4.0508452285 1.05137127464 1.87259614445 2.02542261425
3136 262144 440275.189 451272.514 782734.737 2.10054197199 3.64340197329 3.73440795457 1.05027098599 1.82170098665 1.86720397728
3440 262144 460824.323 482079.929 619236.531 2.91253927976 3.74118608037 3.9137489711 1.45626963988 1.87059304018 1.95687448555
3776 262144 508771.757 552121.617 682053.052 2.90257698018 3.58564386368 3.89115838441 1.45128849009 1.79282193184 1.9455791922
4144 131072 282188.454 299200.231 342427.293 3.17242450648 3.63076168882 3.84964274973 1.58621225324 1.81538084441 1.92482137487
4544 131072 306204.358 353171.874 355866.811 3.34727009988 3.37281200371 3.8901547443 1.67363504994 1.68640600186 1.94507737215
4992 131072 329619.042 360462.216 437431.376 2.9916071864 3.63040227218 3.97010694546 1.4958035932 1.81520113609 1.98505347273
5488 131072 363326.988 368121.376 427362.887 3.36633412906 3.90807588419 3.95964604754 1.68316706453 1.95403794209 1.97982302377
6032 131072 389452.73 396422.342 510641.113 3.09660261923 3.9888079971 4.06019135621 1.54830130961 1.99440399855 2.03009567811
6624 131072 433930.896 438182.107 988936.071 1.75586866221 3.96283149919 4.00165526817 0.877934331106 1.98141574959 2.00082763408
7280 131072 474445.436 484927.473 1009910.803 1.88968007306 3.93545102362 4.02239788855 0.944840036531 1.96772551181 2.01119894428
8000 131072 524452.324 528962.606 1048275.507 2.00057330921 3.96465076399 3.99874670019 1.0002866546 1.98232538199 1.99937335009
8800 65536 289069.054 289436.489 620350.378 1.85932602108 3.98510085575 3.99016630815 0.929663010538 1.99255042788 1.99508315408
9680 65536 317463.807 337963.738 435944.636 2.91040846756 3.75418075178 3.99660349313 1.45520423378 1.87709037589 1.99830174657
10640 65536 347652.512 354343.594 493050.518 2.8285257374 3.93574514571 4.01149432799 1.4142628687 1.96787257286 2.005747164
11696 65536 383726.274 385972.903 508684.138 3.01369356243 3.97182833324 3.99508247382 1.50684678121 1.98591416662 1.99754123691
12864 65536 421249.463 425189.144 700480.219 2.40707754804 3.96555328797 4.00264061108 1.20353877402 1.98277664399 2.00132030554
14144 65536 464679.477 535524.552 629249.304 2.9461810386 3.46180648689 3.9895938163 1.4730905193 1.73090324344 1.99479690815
15552 65536 510346.881 512649.426 800470.515 2.54654194727 3.9762684607 3.99420829222 1.27327097363 1.98813423035 1.99710414611
17104 32768 280410.471 281084.359 478174.59 2.34418090681 3.98786950646 3.99745323348 1.17209045341 1.99393475323 1.99872661674
18800 32768 311775.298 314294.04 660433.251 1.86555840145 3.92014051555 3.9518101912 0.932779200725 1.96007025778 1.9759050956
20672 32768 340569.479 341000.283 665494.125 2.03572073908 3.9729004917 3.97792601961 1.01786036954 1.98645024585 1.98896300981
22736 32768 370017.362 376481.396 792162.492 1.88096067543 3.95776925987 4.02690967782 0.940480337713 1.97888462993 2.01345483891
25008 32768 411231.858 413873.743 787814.723 2.08034229388 3.9599619829 3.98540204538 1.04017114694 1.97998099145 1.99270102269
27504 32768 450367.662 474622.67 872595.946 2.06567788019 3.79775821496 4.00229034206 1.0328389401 1.89887910748 2.00114517103
30240 32768 490028.687 511309.892 759823.012 2.60825035397 3.87594425809 4.04427065716 1.30412517698 1.93797212904 2.02213532858
33264 16384 270288.93 296211.555 434862.328 2.5065283466 3.67978471333 4.03270216061 1.2532641733 1.83989235666 2.01635108031
36576 16384 300115.717 492592.485 565171.668 2.12063419994 2.43309105294 3.99353416069 1.06031709997 1.21654552647 1.99676708035
40224 16384 328477.363 540075.013 628051.426 2.09864985164 2.44051289223 4.01263581746 1.04932492582 1.22025644612 2.00631790873
44240 16384 361796.665 364108.319 537863.758 2.69521100546 3.9813875277 4.00682609941 1.34760550273 1.99069376385 2.0034130497
48656 16384 401354.312 402855.866 631919.732 2.52304165745 3.95764327284 3.97244967932 1.26152082872 1.97882163642 1.98622483966
53520 16384 452007.025 645587.186 874578.01 2.00524520391 2.71650893641 3.87990288425 1.00262260196 1.3582544682 1.93995144213
58864 16384 484282.193 635219.354 1020297.13 1.89048414946 3.03651886526 3.98291653065 0.945242074728 1.51825943263 1.99145826533
64736 16384 528920.367 716377.247 1137953.087 1.8641095773 2.96110639594 4.01056450148 0.932054788652 1.48055319797 2.00528225074
71200 8192 296787.362 376883.019 590068.529 1.97695817124 3.09523311264 3.93056089767 0.988479085622 1.54761655632 1.96528044884
78320 8192 322285.377 399194.989 686377.534 1.86951759992 3.21445638187 3.98154856402 0.934758799958 1.60722819093 1.99077428201
86144 8192 354962.46 494435.473 598865.508 2.3567617055 2.85453486465 3.97614805802 1.17838085275 1.42726743233 1.98807402901
94752 8192 390313.457 481890.558 650193.576 2.38762243323 3.22151314697 3.97735906912 1.19381121662 1.61075657349 1.98867953456
104224 8192 427373.285 542812.645 680967.448 2.50761768571 3.1458478938 3.99558436602 1.25380884286 1.5729239469 1.99779218301
114640 8192 497678.996 583070.191 695882.035 2.69910942592 3.2213304487 3.7740426562 1.34955471296 1.61066522435 1.8870213281
126096 8192 518449.219 643600.678 810340.944 2.5494909017 3.20999796088 3.98487795581 1.27474545085 1.60499898044 1.9924389779
138704 4096 354760.981 393518.859 516844.037 2.19846430772 2.88744272863 3.20289780685 1.09923215386 1.44372136432 1.60144890342
152560 4096 313596.524 422935.538 569898.883 2.19297064318 2.95499291904 3.98528498996 1.09648532159 1.47749645952 1.99264249498
167808 4096 348470.437 484825.929 598894.994 2.29536588179 2.83541587562 3.94490605239 1.14768294089 1.41770793781 1.97245302619
184576 4096 379476.383 526049.025 767980.301 1.96886116744 2.87434539395 3.98456046209 0.984430583721 1.43717269697 1.99228023105
203024 4096 511000.563 572300.336 918988.339 1.80978641123 2.90611852445 3.25473732991 0.904893205614 1.45305926223 1.62736866495
223312 4096 587586.16 706919.49 955287.284 1.91499660326 2.58780798928 3.11336792548 0.957498301631 1.29390399464 1.55668396274
245632 4096 608059.013 732530.436 1102788.554 1.82466288456 2.74694025683 3.30924680168 0.912331442279 1.37347012841 1.65462340084
270192 2048 344021.872 482018.665 585374.387 1.89059592729 2.2959825259 3.21696532132 0.945297963643 1.14799126295 1.60848266066
297200 2048 393995.805 464714.924 527859.664 2.30616446571 2.61952250107 3.08970599319 1.15308223286 1.30976125053 1.54485299659
326912 2048 423909.454 505519.341 593242.103 2.2571418064 2.6488235828 3.15876784385 1.1285709032 1.3244117914 1.57938392193
359600 2048 454537.574 612644.98 782890.908 1.88138805158 2.40420087993 3.24048370091 0.940694025789 1.20210043996 1.62024185046
395552 2048 534212.047 668740.989 922713.997 1.75588643639 2.42273319364 3.03284248474 0.877943218195 1.21136659682 1.51642124237
435104 2048 557863.493 783495.956 1019022.629 1.74891698504 2.27465881649 3.19466322203 0.874458492521 1.13732940825 1.59733161101
478608 2048 642386.732 733096.323 1108442.24 1.76858865285 2.67410748969 3.05171055121 0.884294326423 1.33705374485 1.5258552756
526464 1024 351174.374 538532.123 609865.523 1.76792789777 2.00210577225 3.07026466572 0.883963948885 1.00105288612 1.53513233286
579104 1024 369396.644 461789.698 563553.724 2.10451096584 2.56827945088 3.21065448553 1.05225548292 1.28413972544 1.60532724277
637008 1024 441392.516 512398.564 718219.29 1.81642626725 2.54605003928 2.95562869036 0.908213133624 1.27302501964 1.47781434518
700704 1024 495164.756 594159.83 720903.428 1.99061585264 2.41524539281 2.89810971926 0.99530792632 1.2076226964 1.44905485963
770768 1024 541482.721 745059.952 927552.233 1.70182638545 2.11866556478 2.91520449828 0.850913192724 1.05933278239 1.45760224914
847840 1024 636712.263 657623.599 1018989.386 1.70401806325 2.64038018502 2.72709734193 0.852009031623 1.32019009251 1.36354867096
932624 1024 694563.082 770539.853 1135747.485 1.68172413078 2.47879969422 2.74995029465 0.840862065391 1.23939984711 1.37497514733
1025872 1024 793229.147 845980.457 1267608.453 1.65744071131 2.48349218781 2.64864933915 0.828720355654 1.24174609391 1.32432466958
1128448 512 405766.348 475865.367 627123.693 1.84258825635 2.42827243194 2.84777374392 0.921294128174 1.21413621597 1.42388687196
1241280 512 439798.819 535748.066 579468.7 2.1935105727 2.37251574138 2.89011853849 1.09675528635 1.18625787069 1.44505926925
1365408 512 349230.751 566528.509 640701.322 2.18226144381 2.46797428512 4.00359300547 1.09113072191 1.23398714256 2.00179650274
1501936 512 380635.187 630224.658 768293.768 2.00181561801 2.44037176978 4.04056828304 1.000907809 1.22018588489 2.02028414152
1652128 512 417582.856 693758.326 974645.411 1.7357892962 2.43857119777 4.05136141892 0.867894648098 1.21928559889 2.02568070946
1817328 512 457960.749 770857.323 1064699.904 1.74785764985 2.41412232391 4.06354447638 0.873928824925 1.20706116195 2.03177223819
1999056 512 506924.313 813290.625 1205668.673 1.69784070022 2.51697644246 4.0381439428 0.84892035011 1.25848822123 2.0190719714
2198960 256 280514.459 465587.285 654200.933 1.72098122031 2.41816638098 4.01358106107 0.860490610153 1.20908319049 2.00679053054
2418848 256 306462.33 513072.615 745610.063 1.66098908459 2.41379122524 4.04111714481 0.830494542293 1.20689561262 2.0205585724
2660720 256 339200.56 592867.661 768836.373 1.77188370353 2.29779549403 4.0161745016 0.885941851765 1.14889774701 2.0080872508
2926784 256 374079.689 703515.184 801631.234 1.86933011645 2.1300370512 4.00586680342 0.934665058223 1.0650185256 2.00293340171
3219456 256 408718.178 782028.169 974188.382 1.69203564984 2.10780319347 4.03300259378 0.846017824918 1.05390159673 2.01650129689
3541392 256 449878.933 798760.025 1023184.329 1.77210757887 2.27000932351 4.03040145025 0.886053789434 1.13500466176 2.01520072512
3895520 256 498626.042 1111832.118 1117643.946 1.78456318503 1.79389154865 4.00000415542 0.892281592514 0.896945774326 2.00000207771
4285072 128 293667.27 521321.135 589438.77 1.86105578362 2.10422781344 3.73544669108 0.930527891811 1.05211390672 1.86772334554
4713568 128 299768.402 591205.274 672596.655 1.79405205041 2.04103965419 4.02535223843 0.897026025204 1.02051982709 2.01267611921
5184912 128 329182.058 601126.739 745359.392 1.78080196781 2.20808256543 4.03222909555 0.890400983905 1.10404128272 2.01611454777
5703392 128 360724.051 688337.688 874924.203 1.66879410467 2.12115125679 4.04760466609 0.834397052335 1.0605756284 2.02380233305
6273728 128 399550.177 725656.765 943565.414 1.70213357142 2.21327002719 4.01970631088 0.85106678571 1.10663501359 2.00985315544
6901088 128 454582.699 1008000.708 1029623.471 1.71584912131 1.75265603881 3.88637432064 0.857924560657 0.876328019405 1.94318716032
7591184 128 705026.247 992961.034 1101268.98 1.7646398285 1.9571191995 2.75641242049 0.88231991425 0.978559599752 1.37820621024
8350288 128 872246.517 1057380.732 1181538.863 1.80922845193 2.02166888738 2.45076785787 0.904614225965 1.01083444369 1.22538392893
9185312 64 341484.677 558294.429 679418.182 1.73048053047 2.10591378837 3.44296542477 0.865240265236 1.05295689418 1.72148271239
10103840 64 435237.098 602415.935 724585.787 1.78487011918 2.1468414842 2.97146434884 0.892435059591 1.0734207421 1.48573217442
11114224 64 707732.283 721419.787 818605.604 1.73785845717 1.97197345794 2.01011131776 0.868929228586 0.985986728972 1.00505565888
12225632 64 712703.154 876028.965 924829.871 1.69207434261 1.78633465162 2.19569800866 0.846037171306 0.893167325809 1.09784900433
13448192 64 611942.428 956553.4 1035075.67 1.663036458 1.79955303698 2.81295837196 0.831518229001 0.899776518488 1.40647918598
14793008 64 480263.005 1015581.342 1102130.567 1.71804056679 1.86445432354 3.94264185308 0.859020283393 0.932227161771 1.97132092654
16272304 64 526995.806 1002234.886 1183647.094 1.75969249835 2.07821034879 3.95231781408 0.879846249173 1.03910517439 1.97615890704
17899520 32 294571.659 556359.834 628698.643 1.82212780758 2.05904382379 3.888932438 0.911063903792 1.02952191189 1.944466219
19689472 32 341270.195 637110.573 658662.619 1.91315883375 1.97787677901 3.69245901477 0.956579416874 0.988938389506 1.84622950738
21658416 32 427686.281 832774.723 1053725.958 1.31546405731 1.66448210508 3.24101727266 0.657732028653 0.832241052542 1.62050863633
23824256 32 391882.108 704636.342 860337.622 1.77227212319 2.16388552948 3.89084460064 0.886136061594 1.08194276474 1.94542230032
26206672 32 439569.595 782639.545 948707.026 1.76790828152 2.14303892349 3.81561196925 0.883954140759 1.07151946175 1.90780598462
28827328 32 510557.243 838829.364 1033002.787 1.78600582227 2.19943300888 3.61359870474 0.893002911133 1.09971650444 1.80679935237
31710048 32 529407.728 963134.508 1154641.793 1.75763867574 2.10712320568 3.83342169875 0.878819337869 1.05356160284 1.91671084937
34881040 16 280127.794 526296.235 530566.629 2.10377588599 2.12084602885 3.98458597793 1.05188794299 1.06042301443 1.99229298896
38369136 16 323973.213 569122.65 726193.532 1.69075087824 2.15737741592 3.78985762628 0.845375439119 1.07868870796 1.89492881314
42206048 16 337352.67 620612.418 788118.24 1.71369404672 2.17622705706 4.00350628913 0.85684702336 1.08811352853 2.00175314457
46426640 16 409849.414 687857.868 834237.841 1.780850025 2.15982479683 3.62487398847 0.8904250125 1.07991239841 1.81243699424
51069296 16 499151.602 746418.79 969227.262 1.68610349303 2.18941094985 3.27399023754 0.843051746516 1.09470547493 1.63699511877
56176224 16 467730.508 823695.026 1058554.13 1.69820240369 2.18240867221 3.84332246294 0.849101201844 1.09120433611 1.92166123147
61793840 16 523860.373 1001585.944 1119243.254 1.76673200659 1.97427179549 3.77467543246 0.883366003294 0.987135897746 1.88733771623
67973216 8 288311.141 533563.81 612414.491 1.77587479066 2.03831563464 3.77221446326 0.887937395329 1.01915781732 1.88610723163
74770528 8 321645.253 684807.97 709726.831 1.68561817836 1.74695462145 3.71940340124 0.842809089178 0.873477310727 1.85970170062
82247568 8 348949.62 738433.165 772278.312 1.70399850359 1.78209911252 3.77120653692 0.851999251793 0.891049556259 1.88560326846
90472320 8 390306.372 815199.229 826577.032 1.75126704948 1.7757096284 3.70877142636 0.875633524741 0.8878548142 1.85438571318
99519552 8 421170.15 894004.98 940660.538 1.6927603186 1.78110062877 3.78068776242 0.8463801593 0.890550314384 1.89034388121
109471504 8 466648.365 797803.422 802462.231 2.18271215309 2.19545819897 3.75345591107 1.09135607655 1.09772909949 1.87672795553
120418640 8 492232.688 899657.187 975365.126 1.97536100958 2.14159156159 3.91420213848 0.987680504788 1.07079578079 1.95710106924
132460496 8 553518.731 995043.953 1041826.243 2.03428158029 2.12992393915 3.82890012082 1.01714079015 1.06496196957 1.91445006041
145706544 4 311153.753 549434.02 590869.397 1.97277496164 2.12155110453 3.74622623305 0.986387480819 1.06077555227 1.87311311652
160277184 4 320425.869 568807.315 586960.084 2.18450539816 2.25422113638 4.00160410269 1.09225269908 1.12711056819 2.00080205135
176304896 4 377439.413 717595.431 839879.273 1.67933560613 1.96550745318 3.73686244579 0.839667803065 0.982753726591 1.86843122289
193935376 4 419055.955 734275.139 893563.236 1.73628787029 2.11294503326 3.70232898373 0.868143935143 1.05647251663 1.85116449186
213328912 4 561032.351 879516.658 970234.092 1.75898920691 1.94041952529 3.04194810327 0.879494603453 0.970209762644 1.52097405164
234661792 4 500330.246 889625.985 1036824.474 1.81061923505 2.11020627506 3.75211043308 0.905309617527 1.05510313753 1.87605521654
258127968 4 540730.186 991819.869 1194126.632 1.729317217 2.08205522852 3.8189540689 0.864658608502 1.04102761426 1.90947703445
283940752 2 287040.144 555345.295 642412.259 1.7679659628 2.04514743931 3.95680894029 0.883982981402 1.02257371965 1.97840447014
312334816 2 345103.187 643075.305 741093.52 1.68580513833 1.94275733228 3.62019045625 0.842902569166 0.971378666142 1.81009522813
343568288 2 472448.716 612142.694 804066.621 1.70915334141 2.24502091664 2.90883032477 0.854576670706 1.12251045832 1.45441516239
377925104 2 389660.559 696855.088 920369.925 1.64249219247 2.16931818685 3.87953150783 0.821246096237 1.08465909343 1.93976575392
415717600 2 422700.136 758359.762 967969.626 1.7178952266 2.19271971342 3.93392444993 0.8589476133 1.09635985671 1.96696222497
457289360 2 500436.336 851366.763 1033777.095 1.76939250139 2.14849524258 3.65512515462 0.884696250694 1.07424762129 1.82756257731
503018288 2 522970.689 922856.34 943279.675 2.13306106908 2.18026692215 3.84739182199 1.06653053454 1.09013346108 1.923695911
553320112 1 297446.98 506765.764 510648.96 2.16712518909 2.18373122775 3.7204621274 1.08356259455 1.09186561387 1.8602310637
608652112 1 327430.345 552027.672 562898.312 2.16256506379 2.2051507302 3.71775017981 1.0812825319 1.1025753651 1.85887508991
669517312 1 472463.528 606779.272 635722.144 2.10632056259 2.20679032029 2.8341544789 1.05316028129 1.10339516014 1.41707723945
736469040 1 439845.256 662265.149 699132.559 2.10680801665 2.22409118496 3.34876427541 1.05340400832 1.11204559248 1.6743821377
810115936 1 410877.255 744100.356 754369.084 2.14779728698 2.17743730256 3.94334768421 1.07389864349 1.08871865128 1.97167384211
891127520 1 483109.182 830214.028 850801.317 2.09479581706 2.14674165925 3.68913509907 1.04739790853 1.07337082962 1.84456754954
980240272 1 528792.941 882785.492 914194.428 2.14448971023 2.22078926508 3.70746353061 1.07224485512 1.11039463254 1.8537317653

META_DATA
ERT_VERSION  1.1.0
FLOPS          8
TIMESTAMP_DATA  1535259171.17
UNAME  ('Linux', 'atajo-Inspiron-15-7568', '4.15.0-33-generic', '#36-Ubuntu SMP Wed Aug 15 16:00:05 UTC 2018', 'x86_64', 'x86_64')
HOSTNAME  ('atajo-Inspiron-15-7568', [], ['127.0.1.1'])
TIMESTAMP_DATA  1535258965.86
TIMESTAMP_DATA  1535258813.15
MPI_PROCS      2
CONFIG  {'ERT_WORKING_SET_MIN': ['1'], 'ERT_CFLAGS': [], 'ERT_CC': ['mpicc'], 'ERT_MPI_CFLAGS': ['-I/usr/include/mpi'], 'ERT_MPI_LDFLAGS': ['-lmpi'], 'ERT_MEMORY_MAX': ['1073741824'], 'ERT_PROCS_THREADS': ['1-4'], 'ERT_LDFLAGS': [], 'ERT_LDLIBS': [], 'ERT_RUN': ['export', 'OMP_NUM_THREADS=ERT_OPENMP_THREADS;', 'mpirun', '-np', 'ERT_MPI_PROCS', 'ERT_CODE'], 'ERT_FLOPS': ['1,2,4,8,16,32'], 'ERT_OPENMP_CFLAGS': ['-fopenmp'], 'ERT_MPI': ['True'], 'ERT_TRIALS_MIN': ['1'], 'ERT_DRIVER': ['driver1'], 'ERT_RESULTS': ['Results/myLaptop'], 'ERT_OPENMP': ['False'], 'ERT_MPI_PROCS': ['1,2,4,8'], 'ERT_KERNEL': ['kernel1'], 'ERT_GPU': [False], 'ERT_OPENMP_THREADS': ['1,2,4,8'], 'ERT_LD': ['mpicc'], 'ERT_NUM_EXPERIMENTS': ['3'], 'ERT_OPENMP_LDFLAGS': ['-fopenmp'], 'ERT_ALIGN': ['64'], 'ERT_GNUPLOT': ['gnuplot']}
