32 33554432 672065.773 672291.223 672296.452 3.19425105043 3.19427589493 3.19534744109 1.59712552521 1.59713794746 1.59767372055
64 16777216 483677.999 484106.481 484883.337 4.42886666572 4.43597376256 4.43990351523 2.21443333286 2.21798688128 2.21995175762
96 8388608 346373.414 347733.986 348394.26 4.62296002236 4.63173805508 4.64993175256 2.31148001118 2.31586902754 2.32496587628
128 8388608 452074.493 452924.942 454214.749 4.72790382243 4.74136760611 4.75028713465 2.36395191121 2.37068380306 2.37514356732
160 4194304 278701.401 278998.618 285563.431 4.70010209395 4.8106950838 4.81582537865 2.35005104698 2.4053475419 2.40791268932
192 4194304 331197.704 331644.562 334995.952 4.80785730808 4.85644247048 4.86299487149 2.40392865404 2.42822123524 2.43149743574
224 4194304 382224.912 382502.021 382587.159 4.91142514273 4.91251833673 4.91607986033 2.45571257137 2.45625916837 2.45803993017
256 4194304 434036.469 434140.947 437101.862 4.91300503314 4.94651256197 4.94770324933 2.45650251657 2.47325628098 2.47385162467
288 2097152 243445.698 243520.748 251223.732 4.80830191632 4.96039685292 4.96192605548 2.40415095816 2.48019842646 2.48096302774
320 2097152 269360.872 269584.776 272124.106 4.93222485773 4.97868351438 4.98282200393 2.46611242886 2.48934175719 2.49141100197
352 2097152 294894.167 295948.062 296744.621 4.97530503847 4.98869632064 5.00652496121 2.48765251923 2.49434816032 2.5032624806
384 2097152 321384.108 321772.495 323109.234 4.98473137416 5.00543943633 5.0114884212 2.49236568708 2.50271971817 2.5057442106
416 2097152 350990.904 361916.707 363617.556 4.79853196087 4.82108294603 4.97115578813 2.39926598044 2.41054147301 2.48557789406
448 2097152 386877.73 388124.914 391803.209 4.79589791211 4.84134907145 4.85695620681 2.39794895605 2.42067453572 2.4284781034
480 2097152 399495.702 410497.451 416243.889 4.83674589154 4.90445413265 5.03951834756 2.41837294577 2.45222706633 2.51975917378
512 2097152 425311.719 439737.863 477867.295 4.49389123397 4.8835541096 5.04919933325 2.24694561698 2.4417770548 2.52459966663
544 1048576 225357.837 228114.925 260525.357 4.37903895858 5.00121019263 5.06239633459 2.18951947929 2.50060509631 2.5311981673
576 1048576 238601.593 239265.176 239481.664 5.04405862154 5.0486225041 5.06266339974 2.52202931077 2.52431125205 2.53133169987
608 1048576 264658.915 264691.218 265404.535 4.80424502166 4.81719199312 4.81777995651 2.40212251083 2.40859599656 2.40888997826
640 1048576 263953.512 264625.996 274928.398 4.88191576339 5.07197818917 5.08490025319 2.4409578817 2.53598909459 2.5424501266
704 1048576 290255.035 292828.988 299256.083 4.93355053371 5.0418335223 5.08654400431 2.46677526685 2.52091676115 2.54327200215
768 1048576 319097.793 324955.007 328628.608 4.90101195329 4.95641766185 5.04739541085 2.45050597664 2.47820883092 2.52369770542
832 1048576 341421.971 342458.034 345082.076 5.05627671024 5.09501980029 5.11048090692 2.52813835512 2.54750990015 2.55524045346
896 1048576 367817.221 368023.668 376334.049 4.99303264478 5.10578083799 5.10864659053 2.49651632239 2.55289041899 2.55432329527
960 1048576 394778.704 401313.929 405641.158 4.96316973831 5.01668587735 5.09973283665 2.48158486916 2.50834293868 2.54986641833
1056 524288 224877.806 225180.715 225440.392 4.91170302791 4.91736717329 4.92399083616 2.45585151396 2.45868358665 2.46199541808
1152 524288 235435.109 241304.39 243853.299 4.95363219179 5.00595762887 5.13075368041 2.47681609589 2.50297881443 2.56537684021
1248 524288 255155.634 261958.219 263266.582 4.97071385992 4.9955403308 5.12872409472 2.48535692996 2.4977701654 2.56436204736
1344 524288 284110.515 284233.608 287044.668 4.9096405581 4.95819672387 4.96034489959 2.45482027905 2.47909836194 2.48017244979
1472 524288 299784.424 300176.085 307078.017 5.02642255893 5.14199481281 5.14871270297 2.51321127946 2.57099740641 2.57435635148
1600 524288 327625.436 332263.545 332480.568 5.04607415132 5.04937007158 5.12085270449 2.52303707566 2.52468503579 2.56042635224
1760 524288 365558.431 367405.665 368808.023 5.00394146794 5.02304111179 5.04842346257 2.50197073397 2.5115205559 2.52421173128
1920 524288 389487.061 401807.696 402318.272 5.00416227678 5.01052105284 5.16901874694 2.50208113839 2.50526052642 2.58450937347
2112 262144 218475.126 220853.029 221283.291 5.00397590345 5.0137245616 5.06829439247 2.50198795172 2.5068622808 2.53414719624
2304 262144 237105.636 240480.648 241326.068 5.00550795035 5.02310502756 5.09460497177 2.50275397517 2.51155251378 2.54730248588
2528 262144 264090.363 264126.802 266950.637 4.96496310664 5.01804456785 5.01873695406 2.48248155332 2.50902228393 2.50936847703
2752 262144 286465.451 289282.156 289684.022 4.98073924146 4.98765840227 5.03670013596 2.49036962073 2.49382920113 2.51835006798
3008 262144 314009.239 314307.005 315224.961 5.00296137399 5.0175728791 5.02233090027 2.50148068699 2.50878643955 2.51116545014
3296 262144 340784.707 341203.908 345529.528 5.00117387363 5.0645763647 5.07080632582 2.50058693681 2.53228818235 2.53540316291
3616 262144 372828.631 373321.898 376360.909 5.03725377069 5.07825932033 5.08497805792 2.51862688534 2.53912966016 2.54248902896
3968 262144 408109.551 409782.451 411864.911 5.05110954694 5.0767786149 5.09758906378 2.52555477347 2.53838930745 2.54879453189
4352 131072 223523.28 223989.521 225267.901 5.06441744667 5.09332170053 5.10394571876 2.53220872334 2.54666085026 2.55197285938
4768 131072 244515.215 245290.998 246295.819 5.07480231323 5.09559096009 5.11175794112 2.53740115661 2.54779548004 2.55587897056
5216 131072 266974.587 269500.895 296890.925 4.60554024681 5.0736124791 5.12162269587 2.3027701234 2.53680623955 2.56081134794
5728 131072 293236.188 293356.554 295274.157 5.08531070669 5.11855219025 5.12065322579 2.54265535334 2.55927609512 2.56032661289
6272 131072 322020.528 322236.954 322566.536 5.0971411616 5.10235448663 5.10578371575 2.5485705808 2.55117724332 2.55289185788
6880 131072 353861.241 357808.912 379282.913 4.75515942897 5.04054163972 5.09677385097 2.37757971449 2.52027081986 2.54838692548
7552 131072 386859.764 386965.615 389965.393 5.07663378222 5.11598811693 5.11738793285 2.53831689111 2.55799405846 2.55869396643
8288 65536 211892.356 211966.242 212059.887 5.12272618536 5.12498936505 5.12677642793 2.56136309268 2.56249468253 2.56338821397
9088 65536 231565.046 232306.747 234976.854 5.06936030389 5.12762694749 5.1440506958 2.53468015194 2.56381347374 2.5720253479
9984 65536 254655.757 254887.047 256641.181 5.0990368845 5.13412848319 5.13879153339 2.54951844225 2.5670642416 2.56939576669
10976 65536 279972.685 280311.295 280676.278 5.1256425454 5.13231645553 5.13852368134 2.5628212727 2.56615822777 2.56926184067
12064 65536 306864.918 306966.41 309289.4 5.11253411206 5.15122357524 5.15292728249 2.55626705603 2.57561178762 2.57646364124
13248 65536 336474.716 337129.886 339852.689 5.10939566525 5.15066129735 5.16069045735 2.55469783262 2.57533064867 2.58034522867
14560 65536 371194.544 371471.904 371566.878 5.13610989836 5.13742304452 5.14126177458 2.56805494918 2.56871152226 2.57063088729
16000 65536 406653.177 406876.518 407419.047 5.14740784812 5.15427139986 5.15710221538 2.57370392406 2.57713569993 2.57855110769
17600 32768 223364.101 223479.98 223928.068 5.15091122923 5.16123905148 5.16391664926 2.57545561461 2.58061952574 2.58195832463
19360 32768 245408.525 246833.109 248128.853 5.11337937793 5.14022193028 5.17006065702 2.55668968897 2.57011096514 2.58503032851
21280 32768 269217.032 269821.849 272428.31 5.11916724073 5.16861805361 5.18022975604 2.55958362037 2.58430902681 2.59011487802
23392 32768 295187.129 295881.748 299348.056 5.12118946916 5.1811851267 5.19337722208 2.56059473458 2.59059256335 2.59668861104
25728 32768 324805.794 324840.097 329113.995 5.12317991218 5.19058522507 5.19113340694 2.56158995609 2.59529261254 2.59556670347
28288 32768 357783.143 359323.181 361815.81 5.12382907756 5.15937313824 5.18158108975 2.56191453878 2.57968656912 2.59079054487
31104 32768 392499.842 395474.764 398441.988 5.11600635825 5.15439145442 5.19345876323 2.55800317912 2.57719572721 2.59672938161
34208 16384 215724.999 216251.992 219370.992 5.1097354932 5.1834331496 5.19609572 2.5548677466 2.5917165748 2.59804786
37600 16384 236860.75 240485.836 282809.219 4.35656519387 5.12328218781 5.20169255565 2.17828259693 2.56164109391 2.60084627782
41344 16384 260879.125 264250.721 284261.395 4.7658958122 5.12679846955 5.19305709876 2.3829479061 2.56339923477 2.59652854938
45472 16384 286745.539 287655.63 309824.308 4.80926272576 5.17989686487 5.19633714685 2.40463136288 2.58994843244 2.59816857343
50016 16384 315677.501 316483.087 320083.686 5.12029934572 5.17855252088 5.1917678099 2.56014967286 2.58927626044 2.59588390495
55008 16384 348178.441 348826.088 351803.133 5.12361026643 5.16733755303 5.1769493218 2.56180513321 2.58366877652 2.5884746609
60480 16384 383414.15 385536.638 385969.856 5.13462025387 5.14038989986 5.16884585506 2.56731012693 2.57019494993 2.58442292753
66528 8192 211198.98 211531.034 212558.529 5.12797466716 5.15288339204 5.16098492521 2.56398733358 2.57644169602 2.58049246261
73152 8192 233969.414 235650.89 236250.746 5.07309453321 5.08600823871 5.12256002829 2.53654726661 2.54300411936 2.56128001415
80448 8192 256956.136 257581.223 259714.133 5.07504161123 5.11706566437 5.12951374705 2.53752080562 2.55853283219 2.56475687352
88480 8192 283525.805 284712.558 285678.936 5.07442494815 5.09164867958 5.11296077618 2.53721247408 2.54582433979 2.55648038809
97312 8192 310880.059 314642.502 315014.149 5.06123237023 5.06721055759 5.12853675185 2.53061618512 2.53360527879 2.56426837593
107040 8192 341474.527 344497.961 370867.103 4.728764956 5.09072203188 5.13579556111 2.364382478 2.54536101594 2.56789778056
117728 8192 377958.526 378098.134 378382.379 5.09763577548 5.10146805432 5.10335240327 2.54881788774 2.55073402716 2.55167620164
129472 8192 412743.353 414873.177 415699.768 5.10288773604 5.11305470105 5.13943890939 2.55144386802 2.55652735053 2.56971945469
142400 4096 226953.166 228267.688 229027.11 5.09346164303 5.11040704105 5.1400067272 2.54673082152 2.55520352053 2.5700033636
156640 4096 249927.848 250835.985 253591.014 5.06009601744 5.11567301637 5.13426130889 2.53004800872 2.55783650819 2.56713065444
172288 4096 275065.587 275991.988 292337.652 4.82792170746 5.11385604426 5.1310791415 2.41396085373 2.55692802213 2.56553957075
189504 4096 302303.289 303695.072 306325.307 5.06786978589 5.11176147106 5.13529565998 2.53393489295 2.55588073553 2.56764782999
208448 4096 332305.012 333719.699 334988.473 5.09750679093 5.11688707954 5.138670662 2.54875339546 2.55844353977 2.569335331
229280 4096 366311.952 367309.975 367398.898 5.112322792 5.11356044714 5.12749242755 2.556161396 2.55678022357 2.56374621377
252192 4096 404597.671 405385.187 434429.547 4.75556250321 5.09628109327 5.10620058414 2.37778125161 2.54814054664 2.55310029207
277408 2048 221694.618 221881.457 222613.425 5.1041987607 5.12103707702 5.12535296639 2.55209938035 2.56051853851 2.5626764832
305120 2048 244075.44 244865.622 245379.907 5.0932105048 5.1039076445 5.1204312896 2.5466052524 2.55195382225 2.5602156448
335616 2048 267955.004 269116.642 269165.891 5.10719664699 5.1081312764 5.13027603694 2.5535983235 2.5540656382 2.56513801847
369152 2048 294896.104 296331.514 296700.138 5.09621128656 5.10255076009 5.12738748152 2.54810564328 2.55127538005 2.56369374076
406048 2048 324630.736 326872.422 327977.764 5.07099197127 5.08813988596 5.12327522801 2.53549598564 2.54406994298 2.56163761401
446624 2048 356501.878 357647.512 358259.111 5.10628159293 5.11501364506 5.13145095971 2.55314079647 2.55750682253 2.56572547985
491264 2048 392229.847 394416.937 435356.751 4.62199641875 5.10175186518 5.13019944655 2.31099820937 2.55087593259 2.56509972328
540384 1024 215716.928 216934.81 218097.009 5.07437693472 5.10156222508 5.13036432635 2.53718846736 2.55078111254 2.56518216317
594400 1024 237968.173 238436.354 246750.377 4.93345223947 5.10547649122 5.11552105752 2.46672611973 2.55273824561 2.55776052876
653824 1024 261511.752 262906.589 264114.714 5.06988623133 5.09318369347 5.12034943653 2.53494311566 2.54659184673 2.56017471827
719200 1024 287047.113 287679.957 288173.586 5.11123042346 5.12000076529 5.13128867455 2.55561521173 2.56000038265 2.56564433728
791104 1024 316133.471 317342.54 317604.194 5.10125817797 5.10546424693 5.12499036206 2.55062908898 2.55273212347 2.56249518103
870208 1024 348032.365 348234.697 348996.011 5.10660846493 5.11777258083 5.12074784769 2.55330423247 2.55888629041 2.56037392384
957216 1024 382208.777 383175.883 383667.183 5.10958052933 5.11613192524 5.12907731577 2.55479026467 2.55806596262 2.56453865789
1052928 512 210249.935 210681.76 211499.614 5.09787347413 5.11766311426 5.12817410384 2.54893673707 2.55883155713 2.56408705192
1158208 512 231299.561 231799.802 232152.385 5.10873490272 5.11650563015 5.12757130568 2.55436745136 2.55825281507 2.56378565284
1274016 512 254683.659 255407.002 257211.866 5.0720536509 5.10789592213 5.12240317703 2.53602682545 2.55394796107 2.56120158852
1401408 512 279782.376 280044.331 280806.188 5.11043507346 5.12433794634 5.12913576801 2.55521753673 2.56216897317 2.564567884
1541536 512 308431.891 308652.532 309385.437 5.10215632418 5.11427155245 5.11793011703 2.55107816209 2.55713577623 2.55896505851
1695680 512 338747.982 339097.03 340125.696 5.10510185035 5.12058840504 5.12586469076 2.55255092517 2.56029420252 2.56293234538
1865248 512 372517.532 372571.025 374480.48 5.10043661555 5.12657674332 5.12731291262 2.55021830777 2.56328837166 2.56365645631
2051744 512 410952.444 411021.151 411582.733 5.1046501409 5.1116246716 5.1124792824 2.55232507045 2.5558123358 2.5562396412
2256896 256 225642.7 226330.865 228511.206 5.05677936862 5.10549346418 5.12106419574 2.52838968431 2.55274673209 2.56053209787
2482560 256 248097.249 248375.796 249076.276 5.10313844583 5.11753053426 5.12327615531 2.55156922292 2.55876526713 2.56163807766
2730816 256 273207.64 273495.57 277308.809 5.04195231678 5.11225023499 5.11763796942 2.52097615839 2.55612511749 2.55881898471
3003872 256 300651.393 300944.297 302224.079 5.08888129989 5.11052204455 5.11550087513 2.54444064995 2.55526102227 2.55775043756
3304256 256 331510.272 331828.08 334050.913 5.06443480967 5.098360187 5.10324781731 2.53221740484 2.5491800935 2.55162390866
3634656 256 365068.343 367387.149 367591.51 5.06253224401 5.06534830373 5.09752189606 2.53126612201 2.53267415187 2.54876094803
3998112 256 401691.458 401986.248 404356.909 5.06244186371 5.09229694843 5.09603404113 2.53122093185 2.54614847421 2.54801702057
4397920 128 221962.849 222741.081 270219.49 4.16649265381 5.05460202916 5.07232415277 2.0832463269 2.52730101458 2.53616207638
4837696 128 243675.024 245135.199 251469.789 4.92484676161 5.05211075787 5.08238454508 2.46242338081 2.52605537893 2.54119227254
5321440 128 268866.88 269256.067 270667.945 5.03306233769 5.0594538321 5.06677743276 2.51653116885 2.52972691605 2.53338871638
5853568 128 295456.608 296055.748 296926.459 5.04674932994 5.061592008 5.07185612853 2.52337466497 2.530796004 2.53592806427
6438912 128 324882.682 325666.478 326890.957 5.04254228116 5.06150182273 5.0737129534 2.52127114058 2.53075091137 2.5368564767
7082784 128 357664.184 358077.054 359576.325 5.04258088738 5.063694207 5.06953948735 2.52129044369 2.5318471035 2.53476974368
7791040 128 393017.653 395179.544 395871.826 5.03826266232 5.0470887734 5.07485153599 2.51913133116 2.5235443867 2.537425768
8570144 64 215799.161 216775.355 216937.233 5.05666278135 5.06043886769 5.08333038422 2.52833139067 2.53021943385 2.54166519211
9427136 64 237464.583 238021.342 241298.901 5.00074141656 5.06960173344 5.08148791182 2.50037070828 2.53480086672 2.54074395591
10369824 64 260187.923 261282.439 261685.105 5.07226986419 5.08008680981 5.10145688814 2.5361349321 2.54004340491 2.55072844407
11406784 64 286153.939 286746.536 288451.002 5.06175517463 5.0918430345 5.10238774662 2.53087758731 2.54592151725 2.55119387331
12547456 64 314965.845 316422.062 319644.894 5.02455818362 5.07573447265 5.09920168646 2.51227909181 2.53786723632 2.54960084323
13802176 64 346486.252 347654.429 347886.471 5.07831915085 5.08170867571 5.098841636 2.53915957542 2.54085433786 2.549420818
15182368 64 381290.219 382966.534 383643.146 5.06549673639 5.07444628047 5.09675571825 2.53274836819 2.53722314023 2.54837785912
16700576 64 418487.791 418877.655 424189.713 5.03942849741 5.103336744 5.10809102194 2.5197142487 2.551668372 2.55404551097
18370624 32 230114.487 230843.267 232201.624 5.06335793758 5.09315238551 5.10928256334 2.53167896879 2.54657619276 2.55464128167
20207680 32 253006.123 254198.975 254473.609 5.08222257342 5.08771335526 5.11170047849 2.54111128671 2.54385667763 2.55585023925
22228448 32 278146.133 279635.623 279701.464 5.08621103249 5.08740859529 5.11465198763 2.54310551624 2.54370429765 2.55732599381
24451264 32 306409.558 308424.999 337252.784 4.64008295926 5.07378098751 5.10715431403 2.32004147963 2.53689049376 2.55357715702
26896384 32 336212.428 336632.242 338235.121 5.08926622082 5.11349883117 5.11988383725 2.54463311041 2.55674941558 2.55994191863
29586016 32 370660.464 370897.419 371994.102 5.09014797229 5.10519870725 5.10846234736 2.54507398615 2.55259935362 2.55423117368
32544608 32 407419.59 407717.579 409546.229 5.08576264293 5.10857274565 5.11230918474 2.54288132146 2.55428637282 2.55615459237
35799040 16 223796.781 223849.075 225008.803 5.09121983107 5.11759666641 5.11879248165 2.54560991554 2.55879833321 2.55939624082
39378944 16 246162.741 247280.281 437881.882 2.87777654157 5.0959429636 5.11907774053 1.43888827079 2.5479714818 2.55953887026
43316832 16 270559.981 270782.668 435606.346 3.18209006074 5.11900792705 5.12322117586 1.59104503037 2.55950396353 2.56161058793
47648512 16 298295.627 298346.859 507386.502 3.00511026208 5.11067014116 5.11154789406 1.50255513104 2.55533507058 2.55577394703
52413344 16 327441.178 327581.515 585027.52 2.86691984678 5.12002946198 5.12222383954 1.43345992339 2.56001473099 2.56111191977
57654656 16 360161.232 361834.441 531835.438 3.46902229558 5.09887612385 5.12256408541 1.73451114779 2.54943806192 2.5612820427
63420096 16 396216.679 396425.64 397232.885 5.10895031261 5.11935371284 5.12205361249 2.55447515631 2.55967685642 2.56102680624
69762080 8 217920.299 218086.134 218350.039 5.11194449569 5.11813043556 5.12202527769 2.55597224785 2.55906521778 2.56101263885
76738272 8 239627.308 240178.726 240245.721 5.1106523225 5.1120778782 5.12384152811 2.55532616125 2.5560389391 2.56192076406
84412096 8 263735.683 263750.61 264029.828 5.11530665391 5.1207219426 5.12101176692 2.55765332696 2.5603609713 2.56050588346
92853280 8 290343.077 290496.538 291114.758 5.1033224499 5.11418308193 5.11688618634 2.55166122495 2.55709154097 2.55844309317
102138592 8 319502.225 319576.103 320041.376 5.10626935937 5.11370361131 5.114886045 2.55313467969 2.55685180566 2.5574430225
112352448 8 351584.379 351771.975 352411.328 5.10096874071 5.11023985922 5.11296654622 2.55048437035 2.55511992961 2.55648327311
123587680 8 385626.804 386361.518 386629.226 5.11446819595 5.11801198586 5.12776305871 2.55723409797 2.55900599293 2.56388152936
135946432 4 212319.946 212345.074 214769.404 5.06390312467 5.1217173797 5.12232353337 2.53195156234 2.56085868985 2.56116176669
149541056 4 233327.451 233409.188 233462.152 5.12429290038 5.12545567829 5.127251178 2.56214645019 2.56272783915 2.563625589
164495136 4 256756.589 260119.91 262436.207 5.01440370231 5.05905560247 5.12532548094 2.50720185115 2.52952780124 2.56266274047
180944640 4 282486.012 282927.395 285123.185 5.07695338771 5.11635545225 5.1243497324 2.53847669385 2.55817772613 2.5621748662
199039104 4 310478.899 312091.166 312145.611 5.1011860359 5.10207594918 5.12857020921 2.55059301795 2.55103797459 2.56428510461
218943008 4 341911.786 344799.277 356793.518 4.90912523809 5.0798948282 5.12279522298 2.45456261904 2.5399474141 2.56139761149
240837280 4 375987.51 407146.73 435621.238 4.42287490125 4.73219627725 5.12436766849 2.21143745062 2.36609813862 2.56218383424
264920992 4 414137.007 415097.991 483020.109 4.38774265607 5.1057051153 5.11755264605 2.19387132804 2.55285255765 2.55877632302
291413088 2 227407.264 227445.355 290435.22 4.01346762283 5.12497761056 5.12583605069 2.00673381142 2.56248880528 2.56291802535
320554368 2 250722.74 250761.878 282709.449 4.5354602633 5.11328708425 5.11408527204 2.26773013165 2.55664354213 2.55704263602
352609792 2 275172.039 275185.17 277332.092 5.08574091743 5.12541852455 5.12566310562 2.54287045871 2.56270926228 2.56283155281
387870752 2 302709.057 302853.453 304419.291 5.09653314973 5.12288366744 5.12532734691 2.54826657487 2.56144183372 2.56266367346
426657824 2 333093.36 333119.335 335353.866 5.08904613612 5.12318294584 5.12358245748 2.54452306806 2.56159147292 2.56179122874
469323584 2 366226.275 368414.211 369440.827 5.08144795811 5.09560782388 5.12605037965 2.54072397905 2.54780391194 2.56302518982
516255936 2 402831.69 402930.05 405749.284 5.08940822678 5.1250179628 5.12626934589 2.54470411339 2.5625089814 2.56313467294
567881504 1 221713.217 221748.118 222854.186 5.0964400911 5.12186086738 5.12266712543 2.54822004555 2.56093043369 2.56133356272
624669632 1 243808.558 244293.877 245205.874 5.09506254324 5.11408341192 5.12426337389 2.54753127162 2.55704170596 2.56213168694
687136576 1 268260.596 269786.153 270312.329 5.08401950101 5.09393509162 5.12290352177 2.54200975051 2.54696754581 2.56145176088
755850208 1 295433.208 296548.139 324330.733 4.66098418123 5.09765605374 5.11689402229 2.33049209062 2.54882802687 2.55844701114
831435200 1 324325.672 324506.395 328166.491 5.06715476931 5.12430702637 5.12716242826 2.53357738466 2.56215351318 2.56358121413
914578720 1 358219.902 359442.62 364340.444 5.02046223559 5.08887187613 5.10624180786 2.51023111779 2.54443593806 2.55312090393
1006036576 1 392660.3 394653.763 395267.302 5.09041132879 5.09832501458 5.12420825839 2.54520566439 2.54916250729 2.56210412919

META_DATA
ERT_VERSION  1.1.0
FLOPS          8
HOSTNAME  ('atajo-Inspiron-15-7568', [], ['127.0.1.1'])
TIMESTAMP_DATA  1535290547.42
UNAME  ('Linux', 'atajo-Inspiron-15-7568', '4.15.0-33-generic', '#36-Ubuntu SMP Wed Aug 15 16:00:05 UTC 2018', 'x86_64', 'x86_64')
OPENMP_THREADS 2
TIMESTAMP_DATA  1535290441.3
MPI_PROCS      2
TIMESTAMP_DATA  1535290337.82
CONFIG  {'ERT_WORKING_SET_MIN': ['1'], 'ERT_CFLAGS': [], 'ERT_CC': ['mpicc'], 'ERT_MPI_CFLAGS': ['-I/usr/include/mpi'], 'ERT_MPI_LDFLAGS': ['-lmpi'], 'ERT_MEMORY_MAX': ['1073741824'], 'ERT_PROCS_THREADS': ['1-4'], 'ERT_LDFLAGS': [], 'ERT_LDLIBS': [], 'ERT_RUN': ['export', 'OMP_NUM_THREADS=ERT_OPENMP_THREADS;', 'mpirun', '-np', 'ERT_MPI_PROCS', 'ERT_CODE'], 'ERT_FLOPS': ['1,2,4,8,16'], 'ERT_OPENMP_CFLAGS': ['-fopenmp'], 'ERT_MPI': ['True'], 'ERT_TRIALS_MIN': ['1'], 'ERT_DRIVER': ['driver1'], 'ERT_RESULTS': ['Results/myLaptop'], 'ERT_OPENMP': ['True'], 'ERT_MPI_PROCS': ['1,2,4'], 'ERT_KERNEL': ['kernel1'], 'ERT_GPU': [False], 'ERT_OPENMP_THREADS': ['1,2,4'], 'ERT_LD': ['mpicc'], 'ERT_NUM_EXPERIMENTS': ['3'], 'ERT_OPENMP_LDFLAGS': ['-fopenmp'], 'ERT_ALIGN': ['64'], 'ERT_GNUPLOT': ['gnuplot']}
