16 67108864 697312.632 697407.595 700180.711 3.06704199968 3.07923754114 3.0796568848 0.766760499919 0.769809385285 0.769914221201
32 33554432 348873.267 349283.106 349598.658 6.14271136018 6.14826085519 6.15548352692 1.53567784004 1.5370652138 1.53887088173
48 16777216 236858.31 236941.729 244422.209 6.58946968277 6.79750562637 6.7998996362 1.64736742069 1.69937640659 1.69997490905
64 16777216 306477.644 307269.021 317733.058 6.75876681362 6.98893640827 7.00698302157 1.6896917034 1.74723410207 1.75174575539
80 8388608 189315.521 189331.09 189386.714 7.08696640674 7.08904850228 7.08963149408 1.77174160168 1.77226212557 1.77240787352
96 8388608 227127.063 227129.172 227476.808 7.08033821188 7.09117513095 7.09124097642 1.77008455297 1.77279378274 1.77281024411
112 8388608 261387.329 261498.414 261725.974 7.17944865495 7.18569632319 7.18875011726 1.79486216374 1.7964240808 1.79718752932
128 8388608 296195.065 296262.414 297605.866 7.21586464966 7.24858620777 7.25023439536 1.80396616241 1.81214655194 1.81255859884
144 4194304 165081.598 165295.644 198008.273 6.10055091991 7.30787286808 7.31734830917 1.52513772998 1.82696821702 1.82933707729
160 4194304 182998.89 183078.544 183194.521 7.32651431207 7.33115552853 7.33434656352 1.83162857802 1.83278888213 1.83358664088
176 4194304 200016.604 200267.356 200443.331 7.36564793967 7.37212013724 7.38136223931 1.84141198492 1.84303003431 1.84534055983
192 4194304 218325.403 223288.468 245819.995 6.5520005238 7.21314786396 7.37712017873 1.63800013095 1.80328696599 1.84428004468
208 4194304 236474.548 236529.866 242179.831 7.20468941115 7.37678709884 7.37851273533 1.80117235279 1.84419677471 1.84462818383
224 4194304 254096.421 254256.423 259356.38 7.2450432567 7.39036666145 7.39502030216 1.81126081417 1.84759166536 1.84875507554
240 4194304 271911.37 276801.077 303662.576 6.62994415222 7.2733312378 7.40412554282 1.65748603806 1.81833280945 1.8510313857
256 4194304 289223.145 290224.581 311416.094 6.89586597923 7.39938581563 7.42500621103 1.72396649481 1.84984645391 1.85625155276
272 2097152 153211.648 153509.903 163849.121 6.96281237908 7.43177258082 7.44623990991 1.74070309477 1.85794314521 1.86155997748
288 2097152 161752.234 177972.953 184279.221 6.55505024085 6.78732094758 7.46796209319 1.63876256021 1.6968302369 1.8669905233
304 2097152 186549.462 186809.772 195423.096 6.52465569372 6.82549099198 6.83501524116 1.63116392343 1.706372748 1.70875381029
320 2097152 195498.857 195881.303 207999.92 6.45277786645 6.85199281118 6.86539706982 1.61319446661 1.71299820279 1.71634926745
352 2097152 197667.411 210421.901 217982.881 6.77298603095 7.01635619193 7.46908658605 1.69324650774 1.75408904798 1.86727164651
384 2097152 215207.724 230926.656 234858.891 6.85778907131 6.97456397585 7.48399130879 1.71444726783 1.74364099396 1.8709978272
416 2097152 232817.05 248465.055 254726.929 6.84980763852 7.02243808088 7.49442733683 1.71245190963 1.75560952022 1.87360683421
448 2097152 250224.84 250380.218 273035.174 6.88207370674 7.50477895981 7.50943907887 1.72051842668 1.87619473995 1.87735976972
480 2097152 267907.362 285584.226 288881.339 6.96917954953 7.04963977947 7.51478386025 1.74229488738 1.76240994487 1.87869596506
528 1048576 155761.428 156872.984 166459.593 6.65204231276 7.05855289908 7.10892465624 1.66301057819 1.76463822477 1.77723116406
576 1048576 160587.084 169490.109 171377.064 7.04854852689 7.1270209166 7.52214637635 1.76213713172 1.78175522915 1.88053659409
624 1048576 173692.739 182653.924 184752.796 7.08310172475 7.16449348222 7.53412523479 1.77077543119 1.79112337056 1.8835313087
672 1048576 195316.416 195737.315 206391.128 6.82823025222 7.19988492741 7.21540038908 1.70705756306 1.79997123185 1.80385009727
736 1048576 205063.66 205102.357 215781.233 7.15309598773 7.52552966517 7.5269497872 1.78827399693 1.88138241629 1.8817374468
800 1048576 222859.626 231149.932 233830.543 7.17494634565 7.25815311942 7.52815406771 1.79373658641 1.81453827986 1.88203851693
880 1048576 244751.804 253785.756 255475.31 7.22376561555 7.27185713291 7.54026622006 1.80594140389 1.81796428323 1.88506655502
960 1048576 266813.392 275768.788 277619.182 7.25189774531 7.3005575961 7.54559546246 1.81297443633 1.82513939902 1.88639886562
1056 524288 146634.58 151201.618 152044.042 7.28273361741 7.32330956935 7.55139924021 1.82068340435 1.83082739234 1.88784981005
1152 524288 161279.154 164436.167 166917.061 7.23688486224 7.34606974876 7.4898678598 1.80922121556 1.83651743719 1.87246696495
1264 524288 179828.809 180076.106 185355.132 7.15059815015 7.36022170537 7.37034333581 1.78764953754 1.84005542634 1.84258583395
1376 524288 195765.46 195859.386 200517.658 7.19557863577 7.36671652795 7.3702509932 1.79889465894 1.84167913199 1.8425627483
1504 524288 212992.209 213139.86 218156.177 7.22903346441 7.39917115456 7.40430042678 1.8072583661 1.84979278864 1.8510751067
1648 524288 232811.089 233172.965 238047.619 7.25927549815 7.41103604357 7.4225555811 1.81481887454 1.85275901089 1.85563889528
1808 524288 254860.675 254961.417 261285.41 7.25576452202 7.43573451351 7.43867373026 1.81394113051 1.85893362838 1.85966843257
1984 524288 279131.777 279218.635 284523.368 7.31178882994 7.45070179145 7.4530202414 1.82794720749 1.86267544786 1.86325506035
2176 262144 152794.571 152842.379 155411.987 7.34081527444 7.46423011382 7.46656560199 1.83520381861 1.86605752846 1.8666414005
2384 262144 167166.898 167265.869 169762.174 7.36266838807 7.47255013514 7.47697425121 1.84066709702 1.86813753378 1.8692435628
2608 262144 182574.068 182599.795 185267.52 7.38037138944 7.48819627098 7.48925145273 1.84509284736 1.87204906774 1.87231286318
2864 262144 200637.261 201424.634 202897.699 7.40058088091 7.45470304293 7.48395798725 1.85014522023 1.86367576073 1.87098949681
3136 262144 219182.313 220222.814 221497.568 7.4229581067 7.46592570559 7.50136790463 1.85573952668 1.8664814264 1.87534197616
3440 262144 239982.449 239999.357 242642.468 7.43295571821 7.51481480011 7.51534425753 1.85823892955 1.87870370003 1.87883606438
3776 262144 263044.978 263056.355 265697.05 7.45101041957 7.52580749475 7.52613299464 1.86275260489 1.88145187369 1.88153324866
4144 131072 144213.679 145633.382 145820.372 7.4497460204 7.4593113274 7.53274407485 1.8624365051 1.86482783185 1.88318601871
4544 131072 159280.852 159476.573 168568.406 7.06646259679 7.46932488949 7.47850304065 1.7666156492 1.86733122237 1.86962576016
4992 131072 174724.559 174749.254 174796.28 7.48656005723 7.48857473234 7.4896331431 1.87164001431 1.87214368309 1.87240828578
5488 131072 192069.377 192166.22 192179.87 7.48593633662 7.48646807956 7.49024281992 1.87148408416 1.87161701989 1.87256070498
6032 131072 210699.924 210764.327 230101.447 6.87198028789 7.50246794848 7.50476116925 1.71799507197 1.87561698712 1.87619029231
6624 131072 230999.927 231258.154 231714.189 7.49389523142 7.50867299581 7.51706668721 1.87347380786 1.87716824895 1.8792666718
7280 131072 253744.956 253956.479 254849.995 7.48835926012 7.51470617137 7.52097046611 1.87208981503 1.87867654284 1.88024261653
8000 131072 278407.258 278654.758 279130.296 7.51316510623 7.52598669067 7.53267718329 1.87829127656 1.88149667267 1.88316929582
8800 65536 153040.213 153051.178 153729.713 7.5029971597 7.53626084472 7.5368008015 1.87574928992 1.88406521118 1.88420020037
9680 65536 168477.884 168521.951 169547.18 7.48332682384 7.52885278429 7.53082202766 1.87083170596 1.88221319607 1.88270550691
10640 65536 184787.923 184932.304 185966.377 7.49923777888 7.54117074105 7.5470629106 1.87480944472 1.88529268526 1.88676572765
11696 65536 203076.322 203240.957 204114.169 7.51059134949 7.54286013326 7.54897516807 1.87764783737 1.88571503331 1.88724379202
12864 65536 223693.518 224394.075 226206.675 7.45384815899 7.51405850622 7.53759082103 1.86346203975 1.87851462656 1.88439770526
14144 65536 245873.682 246109.704 246484.027 7.5213083402 7.53274794886 7.53997887419 1.88032708505 1.88318698721 1.88499471855
15552 65536 270063.084 270803.875 275258.413 7.40552022292 7.52733595116 7.54798365555 1.85138005573 1.88183398779 1.88699591389
17104 32768 148490.863 148957.989 151095.919 7.41865002985 7.5251267255 7.54879944364 1.85466250746 1.88128168137 1.88719986091
18800 32768 163176.409 163821.53 165811.621 7.4305817202 7.52084783972 7.55058165301 1.85764543005 1.88021195993 1.88764541325
20672 32768 179345.159 179907.472 182280.502 7.43228253782 7.53031642844 7.55392673855 1.85807063446 1.88257910711 1.88848168464
22736 32768 197416.474 197840.386 199667.968 7.46252145963 7.53145768731 7.54762997135 1.86563036491 1.88286442183 1.88690749284
25008 32768 217108.767 217581.818 219469.6 7.46765970321 7.53245056533 7.54886276886 1.8669149258 1.88311264133 1.88721569222
27504 32768 238465.527 240305.066 241503.421 7.46367126617 7.50089115475 7.55875353002 1.86591781654 1.87522278869 1.88968838251
30240 32768 262301.996 262572.76 265409.107 7.46699562197 7.54765513376 7.55544628032 1.86674890549 1.88691378344 1.88886157008
33264 16384 144215.986 144746.515 145871.428 7.4722978101 7.53036957056 7.55807162737 1.86807445252 1.88259239264 1.88951790684
36576 16384 158781.561 159430.339 160143.57 7.48404926904 7.51753007312 7.54824653727 1.87101231726 1.87938251828 1.88706163432
40224 16384 174870.784 174908.826 175953.869 7.49094088974 7.53569766685 7.53733700879 1.87273522243 1.88392441671 1.8843342522
44240 16384 192194.266 192454.824 193416.179 7.49501064231 7.53244990107 7.54266165256 1.87375266058 1.88311247527 1.88566541314
48656 16384 211691.954 212726.487 220630.781 7.22637068488 7.49488148131 7.53150876958 1.80659267122 1.87372037033 1.88287719239
53520 16384 232926.857 233149.535 233855.121 7.49927285107 7.52196807941 7.52915907847 1.87481821277 1.88049201985 1.88228976962
58864 16384 256128.76 256343.281 257036.398 7.50421172647 7.52450208359 7.5308042408 1.87605293162 1.8811255209 1.8827010602
64736 16384 281312.899 282871.203 283420.912 7.48451916632 7.49906397506 7.54060427211 1.87112979158 1.87476599377 1.88515106803
71200 8192 155239.352 155796.785 156337.37 7.46168878241 7.48757941314 7.51446579086 1.8654221956 1.87189485329 1.87861644772
78320 8192 170402.001 170829.801 171247.188 7.49323183047 7.51153998008 7.53039795583 1.87330795762 1.87788499502 1.88259948896
86144 8192 187686.431 187922.039 188309.444 7.49502131184 7.5104724465 7.51990055157 1.87375532796 1.87761811163 1.87997513789
94752 8192 206447.889 206505.83 207129.336 7.49491500325 7.5175445071 7.51965435694 1.87372875081 1.87938612677 1.87991358924
104224 8192 227232.232 227334.79 228275.432 7.48046340791 7.51141528316 7.51480545242 1.87011585198 1.87785382079 1.87870136311
114640 8192 250005.254 250274.464 250662.482 7.49319062436 7.50480784168 7.51288914912 1.87329765609 1.87620196042 1.87822228728
126096 8192 274500.683 274786.227 275990.189 7.48561704851 7.51841490221 7.52623578718 1.87140426213 1.87960372555 1.8815589468
138704 4096 151159.372 151300.863 151572.169 7.49651585444 7.50995827433 7.51698788481 1.87412896361 1.87748956858 1.8792469712
152560 4096 166108.163 166291.086 166983.756 7.48438979897 7.51556532621 7.52384167899 1.87109744974 1.87889133155 1.88096041975
167808 4096 182891.341 182920.863 183633.882 7.48599943011 7.51517958889 7.51639267602 1.87149985753 1.87879489722 1.87909816901
184576 4096 201426.151 202037.321 213748.098 7.07396513067 7.4839964444 7.50670448943 1.76849128267 1.8709991111 1.87667612236
203024 4096 221122.442 221380.896 221958.706 7.4931623002 7.5127196522 7.52150072583 1.87329057505 1.87817991305 1.88037518146
223312 4096 243530.361 243632.947 244308.345 7.48796322942 7.50872132249 7.51188433544 1.87199080735 1.87718033062 1.87797108386
245632 4096 267366.337 267441.073 268108.456 7.50523640329 7.52396526617 7.52606841451 1.87630910082 1.88099131654 1.88151710363
270192 2048 147187.033 147213.474 147314.921 7.51252096181 7.51769795202 7.5190484477 1.87813024045 1.87942448801 1.87976211192
297200 2048 161858.89 161895.65 162487.029 7.49186693542 7.51923353098 7.52094123468 1.87296673386 1.87980838275 1.88023530867
326912 2048 178142.698 178289.506 178388.848 7.50625146702 7.51043391191 7.5166232859 1.87656286675 1.87760847798 1.87915582148
359600 2048 196030.528 196080.73 196136.186 7.50968819186 7.51181209903 7.51373581976 1.87742204796 1.87795302476 1.87843395494
395552 2048 215648.258 215666.145 215833.879 7.50661110066 7.51244935546 7.5130724775 1.87665277517 1.87811233887 1.87826811937
435104 2048 237198.928 237389.441 238488.677 7.47283269973 7.50743578355 7.51346559205 1.86820817493 1.87685894589 1.87836639801
478608 2048 260877.318 261307.45 261325.997 7.50165842857 7.50219087898 7.51456041878 1.87541460714 1.87554771975 1.87864010469
526464 1024 143681.521 143711.686 143973.966 7.48884192021 7.5025093784 7.5040844814 1.87221048005 1.8756273446 1.87602112035
579104 1024 157865.661 158084.498 158109.611 7.50115685251 7.50234847189 7.51274839941 1.87528921313 1.87558711797 1.87818709985
637008 1024 173686.975 173867.054 174044.928 7.49572193221 7.50339040081 7.51116993085 1.87393048305 1.8758476002 1.87779248271
700704 1024 191208.929 191320.013 192920.067 7.43853044588 7.50074061515 7.50509821641 1.85963261147 1.87518515379 1.8762745541
770768 1024 210259.217 210370.701 221846.31 7.1154343924 7.50357752528 7.50755608493 1.7788585981 1.87589438132 1.87688902123
847840 1024 231110.33 231306.712 231340.881 7.50570462295 7.50681337773 7.51319216238 1.87642615574 1.87670334443 1.87829804059
932624 1024 254155.516 254499.244 254687.833 7.49943147853 7.50498870637 7.5151386917 1.87485786963 1.87624717659 1.87878467292
1025872 1024 279804.933 279807.357 279896.362 7.50629926373 7.50868697137 7.50875202047 1.87657481593 1.87717174284 1.87718800512
1128448 512 153704.535 153966.513 153976.49 7.50459211013 7.50507840624 7.51787025672 1.87614802753 1.87626960156 1.87946756418
1241280 512 169031.589 169187.053 169219.11 7.51138993699 7.51281317017 7.51972295545 1.87784748425 1.87820329254 1.87993073886
1365408 512 186120.603 186155.715 186249.587 7.5070115028 7.51079703355 7.51221395946 1.8767528757 1.87769925839 1.87805348987
1501936 512 204616.963 204941.887 205625.013 7.47954950403 7.50448083851 7.51639767031 1.86988737601 1.87612020963 1.87909941758
1652128 512 225206.981 225239.801 225432.932 7.50457822196 7.51101299366 7.51210759315 1.87614455549 1.87775324841 1.87802689829
1817328 512 247677.807 247822.985 248959.726 7.47487917785 7.50916575394 7.51356730157 1.86871979446 1.87729143848 1.87839182539
1999056 512 272622.889 272679.645 272739.596 7.50544979175 7.5070999304 7.5086627961 1.87636244794 1.8767749826 1.87716569903
2198960 256 149947.709 149971.817 150234.815 7.49405202782 7.50719396832 7.50840094529 1.87351300696 1.87679849208 1.87710023632
2418848 256 164867.786 165179.404 165198.974 7.49671832708 7.49760651758 7.51177780722 1.87417958177 1.87440162939 1.8779444518
2660720 256 181515.751 181575.038 181890.234 7.48961948116 7.50262070715 7.50507122657 1.87240487029 1.87565517679 1.87626780664
2926784 256 199812.904 200039.695 200155.293 7.48675383768 7.49108024785 7.49958274967 1.87168845942 1.87277006196 1.87489568742
3219456 256 219975.142 220138.057 220272.067 7.48329778918 7.48785327927 7.4933988314 1.8708244473 1.87196331982 1.87334970785
3541392 256 242303.283 242325.446 242646.633 7.47256486349 7.48246927399 7.48315368059 1.86814121587 1.8706173185 1.87078842015
3895520 256 266866.817 267004.776 267217.549 7.46397924636 7.4699272046 7.47378884502 1.86599481159 1.86748180115 1.86844721125
4285072 128 147079.145 147118.249 147249.472 7.44979535139 7.4564402408 7.458422688 1.86244883785 1.8641100602 1.864605672
4713568 128 161663.448 163140.832 173990.458 6.93528496833 7.39651375567 7.46410782974 1.73382124208 1.84912843892 1.86602695744
5184912 128 177970.51 178352.666 179615.297 7.38989102916 7.44220707079 7.45818771885 1.84747275729 1.8605517677 1.86454692971
5703392 128 196047.227 196061.672 196110.805 7.44511936504 7.44698510987 7.44753381286 1.86127984126 1.86174627747 1.86188345322
6273728 128 214825.548 214872.078 215115.735 7.4660943236 7.47456059879 7.47617954639 1.8665235809 1.8686401497 1.8690448866
6901088 128 236174.175 236580.224 248162.94 7.11902642675 7.46756638459 7.48040520518 1.77975660669 1.86689159615 1.8701013013
7591184 128 259909.193 259976.125 260025.21 7.47367189512 7.47508296771 7.47700795639 1.86841797378 1.86877074193 1.8692519891
8350288 128 285834.099 285891.8 286210.048 7.46889825475 7.4772124559 7.47872187216 1.86722456369 1.86930311398 1.86968046804
9185312 64 157217.11 157218.372 157224.278 7.47797955224 7.47826046691 7.47832049578 1.86949488806 1.86956511673 1.86958012394
10103840 64 172900.424 172911.102 173155.508 7.46895975149 7.47951696011 7.47997888079 1.86723993787 1.86987924003 1.8699947202
11114224 64 190139.275 190246.323 190289.787 7.47607475119 7.477782748 7.48199272349 1.8690186878 1.869445687 1.87049818087
12225632 64 209151.584 209222.341 209447.976 7.47145389459 7.47951145428 7.48204180945 1.86786347365 1.86987786357 1.87051045236
13448192 64 230044.182 230116.401 230327.415 7.47357224497 7.48042542174 7.48277379169 1.86839306124 1.87010635544 1.87069344792
14793008 64 252925.899 252954.461 253104.209 7.48112815461 7.48555695169 7.48640226836 1.87028203865 1.87138923792 1.87160056709
16272304 64 278253.884 278350.375 278391.92 7.4817362228 7.48285290437 7.48544775749 1.8704340557 1.87071322609 1.87136193937
17899520 32 153049.298 153284.637 153353.676 7.47011294336 7.47347746272 7.48496918947 1.86752823584 1.86836936568 1.87124229737
19689472 32 168276.788 168492.456 168915.324 7.46010591674 7.4788286545 7.4884137199 1.86502647918 1.86970716363 1.87210342998
21658416 32 185139.385 185202.1 185371.265 7.47763481034 7.48446493857 7.48700026199 1.86940870258 1.87111623464 1.8717500655
23824256 32 203593.051 203613.722 203859.276 7.47943588302 7.48845593029 7.48921624049 1.86985897075 1.87211398257 1.87230406012
26206672 32 223892.305 224162.04 236215.952 7.10039687751 7.48220799561 7.49122221061 1.77509921938 1.8705519989 1.87280555265
28827328 32 246323.219 246436.324 247511.672 7.45398783456 7.48651400919 7.48995161516 1.86349695864 1.8716285023 1.87248790379
31710048 32 270888.772 270977.463 271027.236 7.48796726835 7.4893426543 7.49179472082 1.87199181709 1.87233566358 1.87294868021
34881040 16 148941.255 149023.691 149041.5 7.48914416454 7.49003915089 7.49418473747 1.87228604114 1.87250978772 1.87354618437
38369136 16 163911.057 163962.786 164078.141 7.4830952162 7.48835990137 7.49072316702 1.87077380405 1.87208997534 1.87268079175
42206048 16 180763.925 180772.28 242011.811 5.58069265471 7.47124247147 7.47158779607 1.39517316368 1.86781061787 1.86789694902
46426640 16 198365.821 199491.424 210404.41 7.06093793376 7.44719973526 7.48945797472 1.76523448344 1.86179993382 1.87236449368
51069296 16 218009.493 218089.403 218440.773 7.48128405497 7.49333736312 7.49608399851 1.87032101374 1.87333434078 1.87402099963
56176224 16 239972.25 240107.658 240224.834 7.48315291998 7.48680480653 7.49102935027 1.87078823 1.87170120163 1.87275733757
61793840 16 263790.925 264187.379 264567.693 7.47409049676 7.48484991026 7.4960989655 1.86852262419 1.87121247757 1.87402474137
67973216 8 145132.624 145173.955 145298.166 7.48510105764 7.49150531857 7.49363875623 1.87127526441 1.87287632964 1.87340968906
74770528 8 159985.274 161679.798 167991.619 7.12135792917 7.39936876962 7.47774103259 1.78033948229 1.84984219241 1.86943525815
82247568 8 175539.971 175711.0 175853.939 7.48326193592 7.48934948865 7.49664637919 1.87081548398 1.87233737216 1.8741615948
90472320 8 193072.492 193151.247 205443.11 7.04602417672 7.49442285506 7.4974798585 1.76150604418 1.87360571376 1.87436996462
99519552 8 212545.723 212663.505 213013.126 7.47518644461 7.48747572838 7.49162490557 1.86879661115 1.8718689321 1.87290622639
109471504 8 233755.635 233975.674 234076.116 7.48279702317 7.48600926778 7.49305600269 1.87069925579 1.87150231695 1.87326400067
120418640 8 257075.868 257229.98 258355.703 7.45754097017 7.49017762238 7.49466783868 1.86438524254 1.87254440559 1.87366695967
132460496 8 282727.029 282757.413 283323.11 7.4803920372 7.49535764072 7.49616314894 1.8700980093 1.87383941018 1.87404078724
145706544 4 155552.732 155593.341 155659.424 7.48847915562 7.49165963343 7.49361542554 1.87211978891 1.87291490836 1.87340385638
160277184 4 171095.766 171134.26 171306.948 7.48491224069 7.49246510897 7.49415080207 1.87122806017 1.87311627724 1.87353770052
176304896 4 188002.616 188249.386 188373.585 7.48745726743 7.49239717573 7.50223160725 1.87186431686 1.87309929393 1.87555790181
193935376 4 207097.785 207138.14 207264.594 7.48551876641 7.49008853705 7.49154805301 1.8713796916 1.87252213426 1.87288701325
213328912 4 227669.125 227878.578 227891.393 7.48879224236 7.48921338275 7.4961033737 1.87219806059 1.87230334569 1.87402584343
234661792 4 250342.646 250406.892 250938.82 7.4810837797 7.49697550657 7.49889947237 1.87027094493 1.87424387664 1.87472486809
258127968 4 275562.388 275567.579 275586.114 7.49320680214 7.49371080406 7.49385196938 1.87330170053 1.87342770101 1.87346299234
283940752 2 151508.486 151775.923 159570.565 7.11762227576 7.48315665325 7.49636563592 1.77940556894 1.87078916331 1.87409140898
312334816 2 166592.798 166601.112 166755.55 7.49204007903 7.49898514483 7.49935939007 1.87301001976 1.87474628621 1.87483984752
343568288 2 183339.559 183705.657 184570.837 7.44577623604 7.48084285722 7.49578083146 1.86144405901 1.87021071431 1.87394520786
377925104 2 201609.409 201715.889 201744.531 7.49314198758 7.49420595221 7.49816401674 1.87328549689 1.87355148805 1.87454100418
415717600 2 221763.726 221798.027 222108.963 7.48673253677 7.49722809752 7.49838772099 1.87168313419 1.87430702438 1.87459693025
457289360 2 243903.098 244061.348 244814.644 7.47160141286 7.4946625305 7.49952524178 1.86790035322 1.87366563263 1.87488131045
503018288 2 268276.253 268332.464 268516.977 7.49328096301 7.49843355517 7.50000467615 1.87332024075 1.87460838879 1.87500116904
553320112 1 147559.321 147642.831 148196.14 7.4674024843 7.49538745975 7.49962941345 1.86685062108 1.87384686494 1.87490735336
608652112 1 162338.979 162345.738 162421.725 7.49471306255 7.49822101274 7.49853320194 1.87367826564 1.87455525318 1.87463330048
669517312 1 178644.058 178778.002 191172.162 7.00433896856 7.48992946011 7.49554527025 1.75108474214 1.87248236503 1.87388631756
736469040 1 196391.092 196456.833 200837.472 7.3339803839 7.49751514115 7.5000248993 1.83349509597 1.87437878529 1.87500622482
810115936 1 216039.335 218022.349 218382.935 7.41922381435 7.43149442904 7.49970773609 1.85480595359 1.85787360726 1.87492693402
891127520 1 237897.057 238097.023 238878.784 7.46091808639 7.48541505284 7.49170696971 1.8652295216 1.87135376321 1.87292674243
980240272 1 261454.774 261757.601 262105.574 7.47973617684 7.48967952224 7.49835435784 1.86993404421 1.87241988056 1.87458858946

META_DATA
ERT_VERSION  1.1.0
OPENMP_THREADS 2
UNAME  ('Linux', 'atajo-Inspiron-15-7568', '4.15.0-33-generic', '#36-Ubuntu SMP Wed Aug 15 16:00:05 UTC 2018', 'x86_64', 'x86_64')
HOSTNAME  ('atajo-Inspiron-15-7568', [], ['127.0.1.1'])
TIMESTAMP_DATA  1535270209.78
FLOPS          4
TIMESTAMP_DATA  1535270061.38
TIMESTAMP_DATA  1535270135.48
CONFIG  {'ERT_WORKING_SET_MIN': ['1'], 'ERT_CFLAGS': [], 'ERT_CC': ['gcc'], 'ERT_MPI_CFLAGS': ['-I/usr/include/mpi'], 'ERT_MPI_LDFLAGS': ['-mpicc'], 'ERT_MEMORY_MAX': ['1073741824'], 'ERT_PROCS_THREADS': ['1-4'], 'ERT_LDFLAGS': [], 'ERT_LDLIBS': [], 'ERT_RUN': ['export', 'OMP_NUM_THREADS=ERT_OPENMP_THREADS;', 'mpirun', '-np', 'ERT_MPI_PROCS', 'ERT_CODE'], 'ERT_FLOPS': ['1,2,4,8,16'], 'ERT_OPENMP_CFLAGS': ['-fopenmp'], 'ERT_MPI': ['False'], 'ERT_TRIALS_MIN': ['1'], 'ERT_DRIVER': ['driver1'], 'ERT_RESULTS': ['Results/myLaptop'], 'ERT_OPENMP': ['True'], 'ERT_MPI_PROCS': ['1,2,4,8'], 'ERT_KERNEL': ['kernel1'], 'ERT_GPU': [False], 'ERT_OPENMP_THREADS': ['1,2,4,8'], 'ERT_LD': ['gcc'], 'ERT_NUM_EXPERIMENTS': ['3'], 'ERT_OPENMP_LDFLAGS': ['-fopenmp'], 'ERT_ALIGN': ['64'], 'ERT_GNUPLOT': ['gnuplot']}
