8 134217728 610306.891 611011.366 611992.737 3.50900185275 3.5146378079 3.5186947414 0.219312615797 0.219664862994 0.219918421337
16 67108864 438642.762 438811.033 439289.093 4.88854306246 4.89386885585 4.89574622914 0.305533941404 0.30586680349 0.305984139321
24 33554432 299903.621 300261.623 300472.247 5.36027121333 5.36403127349 5.37043444367 0.335016950833 0.335251954593 0.335652152729
32 33554432 384379.464 385490.913 385662.946 5.5682913546 5.57077631555 5.58688444396 0.348018209662 0.348173519722 0.349180277748
40 16777216 236411.068 236564.569 237145.801 5.65971345198 5.67361919696 5.67730306095 0.353732090749 0.35460119981 0.35483144131
48 16777216 278858.045 279005.844 279480.674 5.76287695657 5.77268458936 5.77574419988 0.360179809785 0.360792786835 0.360984012493
56 16777216 323963.762 324388.393 325036.708 5.78103379019 5.79258762813 5.80018018188 0.361314611887 0.362036726758 0.362511261368
64 16777216 368280.656 368497.566 368866.051 5.82185224739 5.82767390111 5.83110628542 0.363865765462 0.364229618819 0.364444142839
72 8388608 206130.805 206764.9 207176.205 5.83059020702 5.84218865001 5.86016026086 0.364411887939 0.365136790625 0.366260016304
80 8388608 228370.087 229355.527 229596.381 5.84581200346 5.85195088846 5.87720264782 0.365363250216 0.365746930529 0.367325165489
88 8388608 250498.954 250644.207 250644.622 5.89039172762 5.89040148053 5.89381705762 0.368149482976 0.368150092533 0.368363566101
96 8388608 272826.475 273551.355 273608.067 5.88656889272 5.88778928183 5.90343270755 0.367910555795 0.367986830115 0.368964544222
104 8388608 294755.916 294763.189 295599.613 5.90268182794 5.91943135749 5.9195774174 0.368917614246 0.369964459843 0.369973588588
112 8388608 316826.74 316982.517 319762.643 5.876384353 5.9279237536 5.9308383882 0.367274022063 0.3704952346 0.370677399262
120 8388608 339161.961 340399.177 340695.587 5.9092808854 5.91442652048 5.93600153173 0.369330055338 0.36965165753 0.371000095733
128 8388608 361119.378 361252.086 362042.679 5.93157595102 5.94455708693 5.94674165616 0.370723496939 0.371534817933 0.37167135351
136 4194304 191967.62 192053.738 192170.815 5.93664905881 5.94026807226 5.94293291754 0.371040566175 0.371266754516 0.371433307346
144 4194304 203152.241 203164.374 203351.464 5.94025500598 5.94572526776 5.94608036837 0.371265937874 0.371607829235 0.371630023023
152 4194304 244027.355 247384.272 252898.567 5.04181748092 5.154201622 5.22510443962 0.315113592557 0.322137601375 0.326569027476
160 4194304 252584.715 252982.353 264479.5 5.07478757333 5.30541859574 5.31377078775 0.317174223333 0.331588662234 0.332110674235
176 4194304 247736.131 248380.571 248862.05 5.9325839677 5.94408412081 5.95954656287 0.370786497982 0.371505257551 0.372471660179
192 4194304 269781.23 269884.814 270080.855 5.96344652419 5.96777829819 5.97006965978 0.372715407762 0.372986143637 0.373129353736
208 4194304 292124.643 292449.86 292980.557 5.95544797193 5.96625508386 5.97289720607 0.372215498246 0.372890942741 0.37330607538
224 4194304 314363.504 314373.985 315809.703 5.94993812461 5.97711096228 5.97731024146 0.371871132788 0.373569435143 0.373581890091
240 4194304 336540.663 336897.54 337274.689 5.9692173343 5.97589973498 5.98223674386 0.373076083394 0.373493733436 0.373889796491
264 2097152 201142.564 201493.719 201620.728 5.49197628133 5.49543807864 5.50503202296 0.343248517583 0.343464879915 0.344064501435
288 2097152 202461.515 202480.581 206729.602 5.84318617321 5.96580445411 5.96636625978 0.365199135826 0.372862778382 0.372897891236
312 2097152 218362.34 218971.433 219532.648 5.96094867858 5.97622635095 5.99289624759 0.372559292411 0.373514146934 0.374556015474
336 2097152 257449.947 257454.43 258235.896 5.45735959187 5.47392462425 5.47401994221 0.341084974492 0.342120289016 0.342126246388
368 2097152 257445.346 257831.307 258168.304 5.97867301324 5.98648740512 5.99546232232 0.373667063328 0.37415546282 0.374716395145
400 2097152 279833.846 279982.428 281170.501 5.96691898344 5.99223891294 5.99542058254 0.372932436465 0.374514932059 0.374713786409
440 2097152 307784.493 307877.714 308114.039 5.98964515213 5.99424276614 5.99605828745 0.374352822008 0.374640172884 0.374753642965
480 2097152 335323.545 335575.798 335583.697 5.99929596699 5.9994371823 6.00395036382 0.374955997937 0.374964823894 0.375246897739
528 1048576 184346.916 184670.386 184778.505 5.99255988136 5.99606834633 6.00658953253 0.374534992585 0.374754271646 0.375411845783
576 1048576 201362.04 201533.317 201582.626 5.99237928372 5.9938454345 5.99894375325 0.374523705232 0.374615339656 0.374933984578
632 1048576 233196.646 233366.228 233380.123 5.67914716542 5.67948531096 5.68361546675 0.354946697839 0.354967831935 0.355225966672
688 1048576 253121.191 253866.883 260284.107 5.54332952799 5.68345330809 5.70019669353 0.346458095499 0.355215831755 0.356262293345
752 1048576 276145.399 276497.006 285423.673 5.52532411704 5.70370843003 5.71097077739 0.345332757315 0.356481776877 0.356935673587
824 1048576 300473.144 300562.605 301112.924 5.73888767391 5.74939536474 5.75110715386 0.35868047962 0.359337210296 0.359444197116
904 1048576 324019.678 324238.181 326296.193 5.81013646089 5.84701469196 5.85095763227 0.363133528806 0.365438418247 0.365684852017
992 1048576 359090.209 359334.25 362581.131 5.73768077302 5.78952544602 5.79346006062 0.358605048314 0.361845340376 0.362091253789
1088 524288 196016.767 196602.505 198332.891 5.75220117172 5.80282885002 5.82016888382 0.359512573232 0.362676803126 0.363760555239
1192 524288 215209.941 215291.537 216134.778 5.78297765665 5.80562807724 5.80782925822 0.361436103541 0.362851754828 0.362989328639
1304 524288 234081.245 234672.661 236662.391 5.77761045269 5.82659734702 5.84131848752 0.361100653293 0.364162334189 0.36508240547
1432 524288 256350.686 256932.9 257911.758 5.82199448231 5.84417500445 5.85744807408 0.363874655145 0.365260937778 0.36609050463
1568 524288 279652.71 279954.082 282686.223 5.81622673561 5.8729887282 5.87931784391 0.363514170975 0.367061795513 0.367457365244
1720 524288 306414.069 307300.017 308901.096 5.83860252798 5.86902251945 5.8859918733 0.364912657998 0.366813907466 0.367874492081
1888 524288 337460.509 338226.428 338860.049 5.84226878867 5.853213481 5.86649825743 0.365141799292 0.365825842562 0.366656141089
2072 262144 184776.662 185124.292 185526.194 5.85537121513 5.86808313627 5.87912306804 0.365960700946 0.366755196017 0.367445191753
2272 262144 202057.98 202301.459 203673.541 5.84848837091 5.88815494405 5.89525014553 0.365530523182 0.368009684003 0.368453134095
2496 262144 221203.297 221969.456 222392.835 5.88428511197 5.89550865052 5.91592831458 0.367767819498 0.368469290658 0.369745519661
2744 262144 243348.608 243480.475 243943.189 5.89746439693 5.90867202801 5.91187384972 0.368591524808 0.369292001751 0.369492115607
3016 262144 267901.382 267950.497 268314.543 5.89327954542 5.90128634096 5.90236823788 0.368329971589 0.36883039631 0.368898014867
3312 262144 292181.876 293212.061 293252.749 5.92131484503 5.92213652494 5.94301699945 0.370082177814 0.370133532809 0.371438562466
3640 262144 321914.384 322048.255 322553.777 5.91655858986 5.92584586431 5.92831018076 0.369784911866 0.370365366519 0.370519386297
4000 262144 352626.122 353676.191 355780.835 5.89450525068 5.92958206791 5.94723949577 0.368406578168 0.370598879244 0.371702468486
4400 131072 194337.611 194362.332 194379.709 5.93391977966 5.93445030285 5.93520520328 0.370869986229 0.370903143928 0.370950325205
4840 131072 213498.014 213637.242 213851.459 5.93298248201 5.93893156512 5.94280450777 0.370811405126 0.37118322282 0.371425281736
5320 131072 234903.402 236808.011 245153.26 5.68871113523 5.88918455128 5.9369343659 0.355544445952 0.368074034455 0.371058397869
5848 131072 256733.526 258076.113 268208.904 5.71576144243 5.94017824501 5.9712423846 0.357235090152 0.371261140313 0.373202649038
6432 131072 282812.965 283067.188 294011.5 5.73484441255 5.95657243043 5.96192684448 0.358427775784 0.372285776902 0.37262042778
7072 131072 310123.259 311107.238 322343.253 5.75126778906 5.9589817965 5.97788883677 0.359454236816 0.372436362281 0.373618052298
7776 131072 341342.425 341567.41 352712.646 5.77929872126 5.96787540123 5.97180893644 0.361206170079 0.372992212577 0.373238058527
8552 65536 187921.23 188098.64 193097.376 5.80498693053 5.95925491008 5.96488083864 0.362811683158 0.37245343188 0.372805052415
9400 65536 206257.862 206863.441 214808.173 5.73570727218 5.95599103468 5.97347799523 0.358481704511 0.372249439668 0.373342374702
10336 65536 226516.76 226553.443 232218.018 5.83400118418 5.97987024192 5.98083864523 0.364625074011 0.37374189012 0.373802415327
11368 65536 249582.102 249680.106 256133.594 5.81738019106 5.96774216365 5.97008553121 0.363586261941 0.372983885228 0.373130345701
12504 65536 274253.831 279304.65 279404.939 5.86576706148 5.86787326312 5.97593945005 0.366610441342 0.366742078945 0.373496215628
13752 65536 301823.59 306604.244 307107.994 5.86927784107 5.87892104977 5.97203864681 0.366829865067 0.367432565611 0.373252415426
15120 65536 331193.815 336478.468 336865.894 5.88307892042 5.88985277952 5.98383348433 0.367692432526 0.36811579872 0.373989592771
16632 32768 184863.559 185157.544 187330.475 5.81856610357 5.88685034621 5.89621209229 0.363660381473 0.367928146638 0.368513255768
18288 32768 200462.899 203240.776 203261.084 5.89646746152 5.89705664182 5.97877399748 0.368529216345 0.368566040114 0.373673374842
20112 32768 220313.945 223266.041 223300.661 5.90262485609 5.90354012682 5.98264459383 0.368914053506 0.368971257926 0.373915287114
22120 32768 242212.602 245265.643 245604.04 5.90241235445 5.91055600886 5.98505737534 0.368900772153 0.369409750554 0.374066085959
24328 32768 267070.096 269405.191 270907.497 5.88525539402 5.91807382063 5.96981778147 0.367828462126 0.36987961379 0.373113611342
26760 32768 293395.435 296180.236 296406.913 5.9166749596 5.92120319602 5.97740506767 0.369792184975 0.370075199751 0.373587816729
29432 32768 322619.559 324933.375 325162.665 5.9319711628 5.9361570722 5.97873097954 0.370748197675 0.371009817012 0.373670686221
32368 32768 355137.628 357272.011 357510.625 5.93344393051 5.93740674525 5.97309065769 0.370840245657 0.371087921578 0.373318166105
35600 16384 195475.676 196826.423 197072.632 5.91934449833 5.9267489711 5.96770311207 0.369959031145 0.370421810694 0.372981444505
39160 16384 215339.538 216366.503 217369.42 5.90329072047 5.93065406247 5.95893764758 0.368955670029 0.370665878905 0.372433602974
43072 16384 235966.239 237294.211 237946.638 5.93151182073 5.9478201767 5.98129334934 0.370719488796 0.371738761044 0.373830834334
47376 16384 259962.179 261092.31 262822.071 5.90672146404 5.94585404679 5.97170239906 0.369170091503 0.371615877925 0.373231399941
52112 16384 285346.215 287040.795 288158.734 5.92592142635 5.94900113763 5.98433035462 0.370370089147 0.371812571102 0.374020647164
57320 16384 314356.918 315738.989 317300.505 5.91950447731 5.94877992721 5.97493375349 0.369969029832 0.37179874545 0.373433359593
63048 16384 345498.82 347254.348 348605.371 5.92634834648 5.94940531601 5.97963507951 0.370396771655 0.371837832251 0.373727192469
69352 8192 190243.454 191028.724 191249.752 5.94125302709 5.94812729838 5.97267944893 0.371328314193 0.371757956149 0.373292465558
76280 8192 208827.907 209662.363 210806.453 5.92852591661 5.96087682175 5.98469590561 0.370532869788 0.372554801359 0.374043494101
83904 8192 230370.267 230427.069 231086.569 5.94877989642 5.96580576217 5.96727674062 0.371798743526 0.372862860136 0.372954796289
92288 8192 252638.51 253926.533 254649.614 5.93775332406 5.95466166586 5.98502022514 0.371109582754 0.372166354116 0.374063764071
101512 8192 278263.364 279455.999 280666.299 5.9258009028 5.95146503905 5.97697298017 0.370362556425 0.37196656494 0.373560811261
111656 8192 306846.659 307099.446 308542.776 5.9290706064 5.95693651626 5.96184397106 0.3705669129 0.372308532266 0.372615248191
122816 8192 337138.444 337665.983 339956.887 5.91903685716 5.95919472291 5.96851940148 0.369939803573 0.372449670182 0.373032462593
135096 4096 185536.674 185887.621 186748.898 5.92617382942 5.9536316945 5.96489312943 0.370385864339 0.372101980906 0.372805820589
148600 4096 204776.871 204959.641 205113.467 5.93491601407 5.93937027827 5.94467135891 0.370932250879 0.371210642392 0.371541959932
163456 4096 224847.473 225130.072 225930.496 5.92674108058 5.94781292479 5.95528841901 0.370421317537 0.371738307799 0.372205526188
179800 4096 247079.524 247667.801 248254.585 5.93310935224 5.9471663012 5.96132603849 0.370819334515 0.371697893825 0.372582877406
197776 4096 271320.546 272324.873 273134.684 5.93180246563 5.9494418345 5.97146443897 0.370737654102 0.371840114656 0.373216527435
217552 4096 299055.878 300467.416 304641.474 5.85010950938 5.93137854256 5.95937453535 0.365631844336 0.37071115891 0.372460908459
239304 4096 329319.063 329496.831 330271.84 5.93565097164 5.94961220735 5.95282383638 0.370978185727 0.371850762959 0.372051489774
263232 2048 180914.293 181230.068 181524.145 5.93969618752 5.94933436763 5.95971857237 0.37123101172 0.371833397977 0.372482410773
289552 2048 198766.496 199295.119 200585.763 5.9127077329 5.95099868954 5.96682547546 0.369544233306 0.371937418096 0.372926592216
318504 2048 218826.473 219694.602 220380.633 5.91972337243 5.9382086411 5.96176671915 0.369982710777 0.371138040069 0.372610419947
350352 2048 240628.183 241719.899 242755.18 5.91147753057 5.93679625855 5.96373115613 0.369467345661 0.371049766159 0.372733197258
385384 2048 264912.006 265896.705 266201.776 5.92983596022 5.93663943297 5.958706394 0.370614747514 0.371039964561 0.372419149625
423920 2048 291506.482 292481.274 293878.538 5.90848291208 5.93670937032 5.95656161087 0.369280182005 0.371044335645 0.372285100679
466312 2048 321201.877 322089.138 322231.137 5.92746551368 5.93007874733 5.94645949718 0.370466594605 0.370629921708 0.371653718574
512936 2048 354216.198 354273.764 359048.051 5.85154507913 5.93040204919 5.93136583776 0.365721567446 0.370650128074 0.37071036486
564224 1024 194189.06 194722.686 195963.701 5.89665711611 5.93423794493 5.9505450616 0.368541069757 0.370889871558 0.37190906635
620640 1024 213975.167 214234.429 214782.484 5.91794403495 5.93308333274 5.94027212513 0.369871502185 0.370817708297 0.371267007821
682704 1024 235400.751 235415.855 236128.965 5.92124643413 5.93918277934 5.93956385466 0.370077902133 0.371198923709 0.371222740916
750968 1024 259056.85 259551.78 260100.819 5.91302430309 5.92553233116 5.93685310387 0.369564018943 0.370345770697 0.371053318992
826064 1024 284280.795 285128.429 285374.941 5.92826779419 5.93339316579 5.95108463799 0.370516737137 0.370837072862 0.371942789874
908664 1024 312964.393 313963.886 315128.508 5.90534916632 5.92725455054 5.94618401845 0.369084322895 0.370453409409 0.371636501153
999528 1024 344470.761 344780.489 345864.651 5.91859658997 5.9372076127 5.9425460032 0.369912286873 0.371075475794 0.3714091252
1099480 512 189928.006 190118.717 199388.305 5.6466076082 5.92191835589 5.92786468784 0.352912975513 0.370119897243 0.37049154299
1209424 512 208312.739 208950.259 208972.355 5.92638282705 5.92700952814 5.94514853938 0.370398926691 0.370438095509 0.371571783711
1330360 512 229444.783 229560.711 229669.022 5.9315297646 5.93432837033 5.93732671621 0.370720610288 0.370895523146 0.371082919763
1463392 512 252478.831 252497.926 252914.877 5.92497138079 5.93475531359 5.93520415975 0.370310711299 0.3709222071 0.370950259984
1609728 512 277496.691 277747.709 277812.51 5.93335941567 5.93474372096 5.94011217236 0.37083496348 0.37092148256 0.371257010773
1770696 512 305229.183 305862.345 309406.078 5.86023621682 5.92813314107 5.94043035525 0.366264763551 0.370508321317 0.371276897203
1947760 512 335487.279 336031.504 336392.401 5.92910610962 5.93547395485 5.9451024371 0.370569131851 0.370967122178 0.371568902319
2142536 256 184682.955 184888.148 185523.091 5.91289432538 5.93320039097 5.93979250549 0.369555895336 0.370825024436 0.371237031593
2356784 256 203403.394 203647.001 203924.288 5.91726184181 5.92531882166 5.9324153067 0.369828865113 0.370332426354 0.370775956669
2592456 256 223324.292 223645.53 224091.936 5.92318267088 5.93500559569 5.94354272933 0.37019891693 0.37093784973 0.371471420583
2851696 256 246424.585 246427.886 246456.755 5.92423750771 5.92493153149 5.92501089938 0.370264844232 0.370308220718 0.370313181211
3136864 256 270692.913 270883.333 271304.355 5.91982523834 5.92902616124 5.93319695813 0.369989077396 0.370564135077 0.370824809883
3450544 256 298189.511 298605.113 299060.584 5.90742686438 5.91643763314 5.92468367541 0.369214179024 0.369777352071 0.370292729713
3795592 256 328930.097 329518.609 330032.633 5.88833621189 5.89752156911 5.90807324025 0.368021013243 0.368595098069 0.369254577516
4175144 256 361984.17 362531.257 363232.192 5.88514392469 5.89652253902 5.9054342846 0.367821495293 0.368532658689 0.369089642787
4592656 128 199466.912 200284.754 201094.932 5.84659157895 5.87024180582 5.89431061128 0.365411973684 0.366890112864 0.368394413205
5051920 128 219758.997 219850.365 220756.173 5.85846140755 5.88259892132 5.8850446974 0.366153837972 0.367662432582 0.367815293587
5557112 128 242098.415 242218.43 242842.982 5.85819141358 5.87329656129 5.87620811974 0.366136963349 0.367081035081 0.367263007484
6112816 128 266062.176 266371.466 266513.329 5.87167967123 5.8748067858 5.88163608795 0.366979979452 0.367175424112 0.367602255497
6724096 128 291843.656 292404.373 292770.976 5.87957385503 5.8869453912 5.89825593468 0.367473365939 0.36793408695 0.368640995917
7396504 128 320922.993 321580.469 321735.59 5.88528307981 5.888121968 5.90018498301 0.367830192488 0.368007623 0.368761561438
8136152 128 352376.407 352442.551 352788.062 5.90398354239 5.90977141123 5.91088072477 0.368998971399 0.369360713202 0.369430045298
8949760 64 193869.204 194177.714 194205.199 5.89875701525 5.89959195832 5.90898015963 0.368672313453 0.368724497395 0.369311259977
9844736 64 213408.172 213453.227 213505.329 5.90208316533 5.90352381039 5.90477016972 0.368880197833 0.36897023815 0.369048135607
10829208 64 234399.777 234419.315 235008.643 5.89824529985 5.91307343424 5.91356630855 0.368640331241 0.36956708964 0.369597894285
11912128 64 257961.547 258061.228 258616.972 5.89579396978 5.90849077104 5.91077391856 0.368487123111 0.36928067319 0.36942336991
13103336 64 283828.015 284118.265 284590.222 5.8934807957 5.9032706257 5.90930746565 0.368342549731 0.368954414106 0.369331716603
14413664 64 312115.745 312159.299 312240.349 5.90874625239 5.91028041744 5.91110516389 0.369296640775 0.36939252609 0.369444072743
15855024 64 343283.396 343567.639 344351.946 5.89351416646 5.90696806576 5.91185911013 0.368344635404 0.36918550411 0.369491194383
17440520 32 188582.427 188696.748 188993.507 5.90598744749 5.915275657 5.91886157028 0.369124215468 0.369704728563 0.369928848142
19184568 32 207822.306 208240.708 208719.51 5.88259502909 5.8961207143 5.90799118551 0.367662189318 0.368507544644 0.369249449094
21103024 32 228358.839 228768.192 228899.843 5.90036899239 5.90376452335 5.91434753266 0.368773062024 0.368985282709 0.369646720791
23213320 32 251176.127 251361.313 251934.731 5.89697368879 5.91042616013 5.91478377242 0.36856085555 0.369401635008 0.369673985777
25534648 32 276137.406 276232.914 276634.26 5.90750210043 5.91608526419 5.91813146822 0.369218881277 0.369755329012 0.369883216763
28088112 32 303811.932 304194.246 304587.82 5.90187476308 5.90951075386 5.9169472251 0.368867172693 0.369344422116 0.369809201569
30896920 32 333989.812 334101.959 335343.793 5.89664374674 5.91856116593 5.92054849865 0.368540234171 0.369910072871 0.370034281165
33986608 16 183924.465 184030.679 185161.214 5.873646173 5.90972908381 5.91314187593 0.367102885813 0.369358067738 0.369571367246
37385264 16 202204.333 202472.306 202617.436 5.90437067815 5.90860286838 5.91643329424 0.369023167384 0.369287679274 0.36977708089
41123784 16 222615.959 222732.554 223319.768 5.89272100623 5.90825662602 5.91135107254 0.368295062889 0.369266039126 0.369459442034
45236160 16 244524.68 245285.237 245350.734 5.89995023206 5.90152565929 5.91988146145 0.368746889504 0.368845353705 0.369992591341
49759776 16 269073.831 269730.861 270607.089 5.88422438556 5.90333944769 5.91775434304 0.367764024098 0.36895871548 0.36985964644
54735752 16 295965.828 296437.011 296645.555 5.90450129617 5.90865512404 5.91806181084 0.369031331011 0.369290945252 0.369878863177
60209320 16 325642.019 325812.458 326267.867 5.90526507472 5.91351924302 5.91661434208 0.36907906717 0.369594952689 0.36978839638
66230248 16 358049.348 358216.538 359518.8 5.8950128227 5.9164435786 5.91920624305 0.368438301418 0.369777723663 0.36995039019
72853272 8 197071.407 197347.888 197967.435 5.88810150518 5.9065864034 5.91487303889 0.368006344074 0.369161650212 0.36967956493
80138592 8 216675.362 216935.195 217222.386 5.90278698071 5.91060142177 5.91768930332 0.368924186295 0.369412588861 0.369855581457
88152448 8 238590.649 239423.783 239555.712 5.88772923102 5.89097352956 5.91154420306 0.367983076939 0.368185845597 0.369471512691
96967688 8 262543.606 262551.915 263675.825 5.88405481617 5.90924277966 5.90942979583 0.367753426011 0.369327673729 0.369339362239
106664456 8 288511.969 288667.936 296550.077 5.75495145125 5.91209165676 5.91528768084 0.359684465703 0.369505728548 0.369705480052
117330896 8 317141.665 317159.524 318223.993 5.89928596616 5.91908548835 5.9194188061 0.368705372885 0.369942843022 0.369963675381
129063984 8 348789.548 349332.718 349623.269 5.90642536438 5.91133792398 5.92054365115 0.369151585274 0.369458620249 0.370033978197
141970376 4 191853.236 192245.26 192269.402 5.90714381064 5.90788562485 5.9199575242 0.369196488165 0.369242851553 0.369997345262
156167408 4 211243.413 211471.613 211717.219 5.90098089282 5.90783437208 5.9142164305 0.368811305801 0.369239648255 0.369638526906
171784144 4 232330.969 232349.923 235040.999 5.84695077815 5.91467014172 5.9151526717 0.365434423634 0.369666883858 0.369697041982
188962552 4 255388.134 255917.16 256272.787 5.89879414704 5.90699121544 5.91922730443 0.36867463419 0.369186950965 0.369951706527
207858800 4 281119.813 281195.025 281406.201 5.90914625936 5.91358399744 5.91516614306 0.36932164121 0.36959899984 0.369697883941
228644680 4 308922.794 309371.604 309928.684 5.90186560467 5.91249299015 5.92108279326 0.368866600292 0.369530811884 0.370067674579
251509144 4 340214.072 340316.991 340611.944 5.90723017041 5.91234997138 5.91413853099 0.369201885651 0.369521873211 0.369633658187
276660056 2 187038.445 187202.246 187485.939 5.90252383673 5.91146873313 5.91664576767 0.368907739796 0.36946679582 0.369790360479
304326056 2 205830.076 206055.025 206642.135 5.89088098611 5.90766579946 5.91412221021 0.368180061632 0.369229112466 0.369632638138
334758656 2 226496.298 226565.669 226656.9 5.90776024908 5.91013912174 5.91194927168 0.369235015568 0.369383695109 0.36949682948
368234520 2 248874.797 249114.218 249566.692 5.90198182376 5.91270177923 5.91838988019 0.368873863985 0.369543861202 0.369899367512
405057968 2 274197.096 274199.233 275094.452 5.88972936466 5.90895843972 5.90900449216 0.368108085291 0.369309902482 0.36931278076
445563760 2 301112.508 301283.305 301675.151 5.90786159911 5.91554530378 5.91890071866 0.369241349945 0.369721581486 0.369931294917
490120136 2 331032.631 331674.344 335625.314 5.84127734775 5.91085979204 5.92231810525 0.365079834234 0.369428737002 0.370144881578
539132144 1 182258.242 182272.238 182274.04 5.91562181866 5.91568030234 5.91613458008 0.369726363666 0.369730018896 0.369758411255
593045352 1 200369.905 200555.338 202047.745 5.87034863468 5.91403208625 5.91950524706 0.366896789667 0.36962700539 0.369969077941
652349880 1 220500.954 220627.414 221243.654 5.89711721178 5.91358859874 5.91698011429 0.368569825736 0.369599287421 0.369811257143
717584864 1 242694.096 243181.151 244218.311 5.87658526555 5.90164871783 5.91349254742 0.367286579097 0.368853044864 0.369593284214
789343344 1 266618.852 266660.905 267244.713 5.90727004579 5.92020299339 5.92113676943 0.369204377862 0.370012687087 0.370071048089
868277672 1 293403.377 293504.273 293518.914 5.91633200169 5.91662712863 5.91866174737 0.369770750106 0.369789195539 0.369916359211
955105432 1 322902.728 323103.99 324102.41 5.89384961377 5.91206213207 5.91574706052 0.368365600861 0.369503883254 0.369734191283
1050615968 1 354931.153 354933.698 355270.754 5.91445232219 5.92006886875 5.92011131804 0.369653270137 0.370004304297 0.370006957377

META_DATA
ERT_VERSION  1.1.0
TIMESTAMP_DATA  1535284843.41
HOSTNAME  ('atajo-Inspiron-15-7568', [], ['127.0.1.1'])
MPI_PROCS      1
OPENMP_THREADS 1
TIMESTAMP_DATA  1535285037.03
FLOPS          1
UNAME  ('Linux', 'atajo-Inspiron-15-7568', '4.15.0-33-generic', '#36-Ubuntu SMP Wed Aug 15 16:00:05 UTC 2018', 'x86_64', 'x86_64')
TIMESTAMP_DATA  1535284940.33
CONFIG  {'ERT_WORKING_SET_MIN': ['1'], 'ERT_CFLAGS': [], 'ERT_CC': ['mpicc'], 'ERT_MPI_CFLAGS': ['-I/usr/include/mpi'], 'ERT_MPI_LDFLAGS': ['-lmpi'], 'ERT_MEMORY_MAX': ['1073741824'], 'ERT_PROCS_THREADS': ['1-4'], 'ERT_LDFLAGS': [], 'ERT_LDLIBS': [], 'ERT_RUN': ['export', 'OMP_NUM_THREADS=ERT_OPENMP_THREADS;', 'mpirun', '-np', 'ERT_MPI_PROCS', 'ERT_CODE'], 'ERT_FLOPS': ['1,2,4,8,16'], 'ERT_OPENMP_CFLAGS': ['-fopenmp'], 'ERT_MPI': ['True'], 'ERT_TRIALS_MIN': ['1'], 'ERT_DRIVER': ['driver1'], 'ERT_RESULTS': ['Results/myLaptop'], 'ERT_OPENMP': ['True'], 'ERT_MPI_PROCS': ['1,2,4'], 'ERT_KERNEL': ['kernel1'], 'ERT_GPU': [False], 'ERT_OPENMP_THREADS': ['1,2,4'], 'ERT_LD': ['mpicc'], 'ERT_NUM_EXPERIMENTS': ['3'], 'ERT_OPENMP_LDFLAGS': ['-fopenmp'], 'ERT_ALIGN': ['64'], 'ERT_GNUPLOT': ['gnuplot']}
