64 16777216 1258359.866 1260081.584 1303193.854 1.64786201332 1.70424175329 1.70657353753 1.64786201332 1.70424175329 1.70657353753
128 8388608 896959.534 939076.533 1034355.459 2.07615634385 2.28680365501 2.39418119391 2.07615634385 2.28680365501 2.39418119391
192 4194304 653434.2 729468.136 742911.539 2.1679737781 2.20792747005 2.46484303393 2.1679737781 2.20792747005 2.46484303393
256 4194304 915668.287 919930.586 957283.915 2.24330902708 2.33439748681 2.34526375816 2.24330902708 2.33439748681 2.34526375816
320 2097152 542629.478 557155.694 583783.298 2.29910188352 2.40898063944 2.47346916159 2.29910188352 2.40898063944 2.47346916159
384 2097152 645639.96 692328.483 698019.458 2.30740378014 2.32637075543 2.49459890308 2.30740378014 2.32637075543 2.49459890308
448 2097152 750623.74 784845.095 795251.637 2.3628347363 2.39416440769 2.50331569849 2.3628347363 2.39416440769 2.50331569849
512 2097152 877838.167 893542.775 915287.429 2.34623964009 2.40333614471 2.4463320561 2.34623964009 2.40333614471 2.4463320561
576 1048576 479537.656 507935.241 526341.316 2.29501183981 2.37817629984 2.51900875121 2.29501183981 2.37817629984 2.51900875121
640 1048576 532455.588 559315.161 565530.345 2.37330727143 2.39967977553 2.52073094968 2.37330727143 2.39967977553 2.52073094968
704 1048576 605859.169 629009.976 630202.479 2.34273119703 2.34717264325 2.43686170573 2.34273119703 2.34717264325 2.43686170573
768 1048576 659649.725 659748.62 685631.744 2.34909300816 2.44125214843 2.44161814211 2.34909300816 2.44125214843 2.44161814211
832 1048576 719711.831 728037.934 732801.387 2.38104143217 2.39662026182 2.42434595187 2.38104143217 2.39662026182 2.42434595187
896 1048576 769325.5 775198.117 783754.396 2.39749620747 2.42395866398 2.44246186042 2.39749620747 2.42395866398 2.44246186042
960 1048576 799596.728 835450.607 877531.717 2.29423721217 2.40979646568 2.51785162383 2.29423721217 2.40979646568 2.51785162383
1024 1048576 854390.115 883326.304 916660.07 2.34272629329 2.43113291009 2.51346967889 2.34272629329 2.43113291009 2.51346967889
1088 524288 460196.388 461899.698 473850.163 2.40761906839 2.46991001064 2.47905180864 2.40761906839 2.46991001064 2.47905180864
1152 524288 477065.048 507007.075 515206.442 2.34461267082 2.3825299716 2.53206466721 2.34461267082 2.3825299716 2.53206466721
1216 524288 515317.707 529101.685 534127.735 2.3871975418 2.40987404151 2.47433456813 2.3871975418 2.40987404151 2.47433456813
1280 524288 556171.562 559881.985 570585.716 2.35227984572 2.39725034196 2.41324327187 2.35227984572 2.39725034196 2.41324327187
1408 524288 581633.508 600686.342 617302.126 2.39168949177 2.45784680751 2.53835961597 2.39168949177 2.45784680751 2.53835961597
1536 524288 648897.418 702277.854 719563.463 2.23831922939 2.29341239628 2.48207604364 2.23831922939 2.29341239628 2.48207604364
1664 524288 714808.809 740586.833 746297.326 2.33798300384 2.35601064757 2.440975044 2.33798300384 2.35601064757 2.440975044
1792 524288 755212.45 756066.02 804532.426 2.33557794723 2.48529644541 2.48810542252 2.33557794723 2.48529644541 2.48810542252
1920 524288 815460.741 830848.458 882574.393 2.28112886117 2.42314455857 2.46886921562 2.28112886117 2.42314455857 2.46886921562
2112 262144 455480.963 459348.661 474594.522 2.33314167078 2.41057904379 2.43104837732 2.33314167078 2.41057904379 2.43104837732
2304 262144 495773.963 499928.109 512342.511 2.35771876443 2.41626651963 2.43651268955 2.35771876443 2.41626651963 2.43651268955
2496 262144 536394.494 542257.864 552979.484 2.3664943924 2.41328514509 2.43966495301 2.3664943924 2.41328514509 2.43966495301
2688 262144 565053.095 566796.716 600269.449 2.34775590586 2.48640492123 2.49407738223 2.34775590586 2.48640492123 2.49407738223
2944 262144 617023.661 631487.988 646482.665 2.38754100545 2.44423314668 2.5015310912 2.38754100545 2.44423314668 2.5015310912
3200 262144 669510.873 685363.681 711059.315 2.35946785958 2.44792895584 2.50589149132 2.35946785958 2.44792895584 2.50589149132
3520 262144 752169.072 775482.288 779809.743 2.36659489903 2.37980130373 2.45356240864 2.36659489903 2.37980130373 2.45356240864
3840 262144 814507.682 823074.724 860351.695 2.34004992575 2.4460305502 2.47175805028 2.34004992575 2.4460305502 2.47175805028
4224 131072 439096.295 443217.847 478671.401 2.31327013414 2.4983115267 2.52176178348 2.31327013414 2.4983115267 2.52176178348
4608 131072 485846.072 497529.702 510159.374 2.36780820575 2.42791444841 2.48630095336 2.36780820575 2.42791444841 2.48630095336
5056 131072 530910.46 553056.249 563058.493 2.35392961917 2.3965013801 2.49646628548 2.35392961917 2.3965013801 2.49646628548
5504 131072 575697.528 590973.434 606644.012 2.37839745791 2.44146435862 2.50624764885 2.37839745791 2.44146435862 2.50624764885
6016 131072 627164.616 638656.542 658534.646 2.394799292 2.46933711673 2.51458431131 2.394799292 2.46933711673 2.51458431131
6592 131072 703992.862 709241.894 710859.0 2.43093672304 2.43647937695 2.45464597907 2.43093672304 2.43647937695 2.45464597907
7232 131072 754388.341 768342.609 794177.529 2.38715569098 2.46742193625 2.51306297429 2.38715569098 2.46742193625 2.51306297429
7936 131072 848976.834 867873.447 887640.229 2.3437139463 2.39709463539 2.45044941238 2.3437139463 2.39709463539 2.45044941238
8704 65536 458969.951 462200.459 525247.0 2.17202704252 2.46830280192 2.48567620933 2.17202704252 2.46830280192 2.48567620933
9536 65536 505479.872 513480.307 536355.491 2.33036225595 2.43417824396 2.47270497054 2.33036225595 2.43417824396 2.47270497054
10432 65536 538248.717 552447.232 565521.801 2.4178433114 2.47506553531 2.54035552861 2.4178433114 2.47506553531 2.54035552861
11456 65536 596359.077 607600.34 624539.379 2.40426926226 2.4712968923 2.51788040111 2.40426926226 2.4712968923 2.51788040111
12544 65536 651299.684 663676.113 698928.7 2.35241043614 2.47736378603 2.52444029744 2.35241043614 2.47736378603 2.52444029744
13760 65536 715876.516 719838.291 795269.164 2.26784942966 2.50549427913 2.51936008472 2.26784942966 2.50549427913 2.51936008472
15104 65536 792159.591 792665.331 809044.199 2.44697569113 2.49753762474 2.49913213258 2.44697569113 2.49753762474 2.49913213258
16576 32768 441915.127 442811.293 451049.448 2.40843823403 2.45324532859 2.45822029985 2.40843823403 2.45324532859 2.45822029985
18176 32768 479555.263 489601.63 496507.443 2.39912281839 2.43296235758 2.483931317 2.39912281839 2.43296235758 2.483931317
19968 32768 531096.933 536009.38 559141.67 2.34041374166 2.4414178125 2.46400000958 2.34041374166 2.4414178125 2.46400000958
21952 32768 571876.104 581306.447 595256.613 2.41685054913 2.47485002003 2.51566075578 2.41685054913 2.47485002003 2.51566075578
24128 32768 630249.004 641151.537 646951.428 2.44415969973 2.46626969873 2.50893313272 2.44415969973 2.46626969873 2.50893313272
26496 32768 691069.806 691791.024 712811.382 2.43604675774 2.51006705169 2.51268662141 2.43604675774 2.51006705169 2.51268662141
29120 32768 766701.352 780316.536 789391.071 2.4175701881 2.4456848368 2.48911563156 2.4175701881 2.4456848368 2.48911563156
32000 32768 835023.839 852353.357 871584.87 2.40613630661 2.46042557676 2.51148757922 2.40613630661 2.46042557676 2.51148757922
35200 16384 466338.198 475902.318 485832.539 2.37413822132 2.42367720512 2.47338434841 2.37413822132 2.42367720512 2.47338434841
38720 16384 498580.952 508800.775 518315.404 2.44788588224 2.49366161048 2.54477623927 2.44788588224 2.49366161048 2.54477623927
42560 16384 568198.133 573755.141 579927.966 2.40479190824 2.43066419861 2.45443622392 2.40479190824 2.43066419861 2.45443622392
46784 16384 606253.039 624044.075 634773.37 2.4150636817 2.45658627878 2.52867699357 2.4150636817 2.45658627878 2.52867699357
51456 16384 666656.397 690143.689 691267.415 2.43915765652 2.44312921334 2.52920427313 2.43915765652 2.44312921334 2.52920427313
56576 16384 735036.583 749028.839 766005.974 2.42019309369 2.47504805085 2.52216340095 2.42019309369 2.47504805085 2.52216340095
62208 16384 821442.184 827279.916 977673.196 2.08498274509 2.46401696037 2.4815279562 2.08498274509 2.46401696037 2.4815279562
68416 8192 460581.658 470129.81 476528.795 2.35227704131 2.38429412506 2.43372206541 2.35227704131 2.38429412506 2.43372206541
75200 8192 484414.996 497599.542 503976.988 2.44470844768 2.4760408642 2.54343240852 2.44470844768 2.4760408642 2.54343240852
82688 8192 544365.999 554579.363 564683.242 2.39915069412 2.44286081017 2.48869362614 2.39915069412 2.44286081017 2.48869362614
90944 8192 609346.073 610447.961 620216.469 2.40242974909 2.44087390113 2.44528776343 2.40242974909 2.44087390113 2.44528776343
100032 8192 647713.262 660573.945 703724.911 2.32892748627 2.48106105366 2.53032380862 2.32892748627 2.48106105366 2.53032380862
110016 8192 739831.088 776557.953 814631.34 2.21265995487 2.32114311242 2.43636983257 2.21265995487 2.32114311242 2.43636983257
120960 8192 788148.595 790002.915 827607.03 2.39462518824 2.50860927519 2.51451141647 2.39462518824 2.50860927519 2.51451141647
133056 4096 450061.55 454948.276 543406.107 2.00585664747 2.39586522139 2.42187930073 2.00585664747 2.39586522139 2.42187930073
146304 4096 483403.055 490945.177 505367.559 2.37158548596 2.44125499984 2.47934380142 2.37158548596 2.44125499984 2.47934380142
160896 4096 532450.32 538613.229 557052.034 2.36613449292 2.44713638848 2.4754610571 2.36613449292 2.44713638848 2.4754610571
176960 4096 584891.705 586366.976 613291.182 2.36373253447 2.47226801531 2.47850381123 2.36373253447 2.47226801531 2.47850381123
194624 4096 647890.356 653603.544 672117.707 2.37214373523 2.43933776467 2.4608481871 2.37214373523 2.43933776467 2.4608481871
214080 4096 700901.466 719837.266 750171.489 2.33778993965 2.43630531904 2.50212539861 2.33778993965 2.43630531904 2.50212539861
235456 4096 768411.351 772133.978 826074.559 2.33496544711 2.49808402034 2.51018617761 2.33496544711 2.49808402034 2.51018617761
258944 4096 845649.071 895630.227 910859.286 2.3288660286 2.3684654493 2.50845098841 2.3288660286 2.3684654493 2.50845098841
284800 2048 473553.108 474607.347 496727.349 2.34845293368 2.45790716763 2.46337903879 2.34845293368 2.45790716763 2.46337903879
313280 2048 517820.753 528978.348 532075.744 2.41167708634 2.42579849412 2.47806769537 2.41167708634 2.42579849412 2.47806769537
344576 2048 563362.431 575282.72 593914.396 2.37640862977 2.45337335354 2.50528473028 2.37640862977 2.45337335354 2.50528473028
379008 2048 617437.63 639898.0 663197.491 2.34080615362 2.42603784978 2.51428920521 2.34080615362 2.42603784978 2.51428920521
416896 2048 681940.71 702957.452 709031.783 2.40836314668 2.42917407183 2.50403882766 2.40836314668 2.42917407183 2.50403882766
458560 2048 752587.816 763728.674 764252.345 2.45764605407 2.45933120484 2.49573766685 2.45764605407 2.45933120484 2.49573766685
504384 2048 836143.764 837049.86 856988.584 2.41071690169 2.46814074373 2.47081537045 2.41071690169 2.46814074373 2.47081537045
554816 1024 458518.477 463341.027 470248.857 2.41630181783 2.45232582868 2.47811860371 2.41630181783 2.45232582868 2.47811860371
610240 1024 495456.183 504487.567 520311.216 2.40196920914 2.47730886101 2.52246629042 2.40196920914 2.47730886101 2.52246629042
671232 1024 544189.713 555793.507 556344.38 2.47092122329 2.47337026915 2.52611011043 2.47092122329 2.47337026915 2.52611011043
738304 1024 600596.611 600974.557 609967.908 2.47889531919 2.51599102556 2.51757429913 2.47889531919 2.51599102556 2.51757429913
812096 1024 661374.488 671747.671 686917.737 2.42121074827 2.47588890859 2.51472144477 2.42121074827 2.47588890859 2.51472144477
893248 1024 729275.398 740453.91 827166.06 2.21161383725 2.47060874322 2.50847883943 2.21161383725 2.47060874322 2.50847883943
982528 1024 813497.004 847064.75 851184.13 2.3640212183 2.37551774407 2.47353995664 2.3640212183 2.37551774407 2.47353995664
1080768 512 447462.136 452232.763 456336.406 2.42519864172 2.44720533881 2.47329627015 2.42519864172 2.44720533881 2.47329627015
1188800 512 492215.531 492327.302 511783.814 2.37860433781 2.47260551071 2.47316698343 2.37860433781 2.47260551071 2.47316698343
1307648 512 543765.119 544226.729 563490.785 2.37631490637 2.4604295979 2.46251829184 2.37631490637 2.4604295979 2.46251829184
1438400 512 595585.28 596710.406 625601.987 2.3544068443 2.46840273806 2.47306582191 2.3544068443 2.46840273806 2.47306582191
1582208 512 644747.992 685295.174 691638.796 2.34252474177 2.36420896202 2.5128903263 2.34252474177 2.36420896202 2.5128903263
1740416 512 714025.024 722612.856 756232.459 2.35666422776 2.46630816101 2.49597132327 2.35666422776 2.46630816101 2.49597132327
1914432 512 791256.854 796276.917 817608.377 2.3976984864 2.46193042414 2.47754993602 2.3976984864 2.46193042414 2.47754993602
2105856 256 423775.637 435763.933 459432.767 2.34680316565 2.4742714813 2.54426677199 2.34680316565 2.4742714813 2.54426677199
2316416 256 479579.99 479958.276 496350.017 2.38945290899 2.4710585301 2.47300766656 2.38945290899 2.4710585301 2.47300766656
2548032 256 530070.353 558121.054 559395.675 2.33214599666 2.3374720854 2.46116836495 2.33214599666 2.3374720854 2.46116836495
2802816 256 569813.431 580485.771 607365.013 2.36273371249 2.47213947988 2.5184415002 2.36273371249 2.47213947988 2.5184415002
3083072 256 631577.278 638734.765 643684.502 2.45233939779 2.47134327188 2.49935030753 2.45233939779 2.47134327188 2.49935030753
3391360 256 696480.566 701904.751 739050.54 2.34946898219 2.47380619311 2.49307217569 2.34946898219 2.47380619311 2.49307217569
3730496 256 764620.682 775663.824 803536.529 2.37700948627 2.46242494867 2.49798886816 2.37700948627 2.46242494867 2.49798886816
4103488 256 847580.498 853414.347 892631.849 2.35369806528 2.46185907629 2.47880391415 2.35369806528 2.46185907629 2.47880391415
4513792 128 458411.249 473390.058 474642.216 2.43453007981 2.44096962425 2.52072948585 2.43453007981 2.44096962425 2.52072948585
4965120 128 514236.755 523782.999 526176.63 2.41567307921 2.42671244089 2.47176170828 2.41567307921 2.42671244089 2.47176170828
5461632 128 559415.484 570271.357 592550.746 2.35959164922 2.45177629007 2.49935483016 2.35959164922 2.45177629007 2.49935483016
6007744 128 621577.997 622642.987 646135.943 2.38027690715 2.47008718658 2.47431934757 2.38027690715 2.47008718658 2.47431934757
6608512 128 677635.055 678419.855 711779.319 2.37683088963 2.49370512896 2.49659320237 2.37683088963 2.49370512896 2.49659320237
7269312 128 744974.046 750716.499 782313.911 2.37876873443 2.47889033274 2.49799826181 2.37876873443 2.47889033274 2.49799826181
7996224 128 819276.934 830930.464 891379.188 2.2964787282 2.46354350055 2.49858534892 2.2964787282 2.46354350055 2.49858534892
8795840 64 445022.962 453868.532 463572.054 2.42867858467 2.48060273101 2.52990882749 2.42867858467 2.48060273101 2.52990882749
9675392 64 519697.207 524706.569 534248.936 2.31811444544 2.36027191038 2.38302257414 2.31811444544 2.36027191038 2.38302257414
10642880 64 555472.067 567848.318 574884.03 2.36967556744 2.39903614542 2.45248811044 2.36967556744 2.39903614542 2.45248811044
11707136 64 607564.923 610697.544 640875.875 2.33822720819 2.45377343126 2.46642515272 2.33822720819 2.45377343126 2.46642515272
12877824 64 660251.847 661607.938 711989.747 2.31514776574 2.49144754367 2.49656472676 2.31514776574 2.49144754367 2.49656472676
14165568 64 730336.033 737996.134 772701.751 2.3465621783 2.45691355343 2.48268279541 2.3465621783 2.45691355343 2.48268279541
15582080 64 806920.854 818446.685 843638.377 2.364172013 2.43694094747 2.47174952799 2.364172013 2.43694094747 2.47174952799
17140288 32 433756.576 443492.731 454027.958 2.41610326561 2.47349811016 2.52901856178 2.41610326561 2.47349811016 2.52901856178
18854272 32 475165.474 487747.237 510966.468 2.36155106757 2.4739728213 2.53948040004 2.36155106757 2.4739728213 2.53948040004
20739648 32 527660.11 529455.726 686348.159 1.93391277385 2.50698482766 2.51551604308 1.93391277385 2.50698482766 2.51551604308
22813568 32 578184.296 581378.395 581447.018 2.51109440207 2.5113907991 2.52526462946 2.51109440207 2.5113907991 2.52526462946
25094912 32 641298.165 650462.737 653632.858 2.45715059814 2.46912586478 2.50441129517 2.45715059814 2.46912586478 2.50441129517
27604352 32 704168.711 705686.355 712562.025 2.47933297877 2.50348970967 2.50888530036 2.47933297877 2.50348970967 2.50888530036
30364736 32 777244.237 806454.969 852807.004 2.27876072181 2.4097354207 2.50029914857 2.27876072181 2.4097354207 2.50029914857
33401152 32 874513.419 883089.837 912320.394 2.34311733253 2.42067526817 2.44441501017 2.34311733253 2.42067526817 2.44441501017
36741248 16 466111.654 480564.104 498948.067 2.35639741641 2.4465413172 2.52239978535 2.35639741641 2.4465413172 2.52239978535
40415360 16 514252.405 528920.239 552017.659 2.34284447049 2.4451541549 2.51489639606 2.34284447049 2.4451541549 2.51489639606
44456896 16 566203.155 577217.292 601772.845 2.36404929837 2.46461894284 2.51256224809 2.36404929837 2.46461894284 2.51256224809
48902528 16 628921.796 636096.821 652582.953 2.3979800404 2.46013003734 2.48819631622 2.3979800404 2.46013003734 2.48819631622
53792768 16 701345.246 709083.903 728630.954 2.36246973389 2.42759505429 2.45438118504 2.36246973389 2.42759505429 2.45438118504
59172032 16 757004.918 757804.551 812807.968 2.32958472179 2.49867201444 2.50131139042 2.32958472179 2.49867201444 2.50131139042
65089216 16 841741.549 854533.202 875446.075 2.37919270128 2.43741835557 2.47445895296 2.37919270128 2.43741835557 2.47445895296
71598080 8 464050.213 467739.922 468112.166 2.44721108146 2.44915865873 2.46863216072 2.44721108146 2.44915865873 2.46863216072
78757888 8 499918.129 503530.763 528439.603 2.38461727858 2.50258037958 2.52066515475 2.38461727858 2.50258037958 2.52066515475
86633664 8 566932.098 572469.457 580228.378 2.38895351651 2.42133201527 2.44498173395 2.38895351651 2.42133201527 2.44498173395
95297024 8 626257.159 644482.277 645616.338 2.36170043144 2.3658561894 2.43470651327 2.36170043144 2.3658561894 2.43470651327
104826688 8 668037.578 691252.876 707298.666 2.37131368773 2.42635809012 2.51067763736 2.37131368773 2.42635809012 2.51067763736
115309312 8 736146.603 751191.863 767462.993 2.40395824793 2.45602898923 2.50622496182 2.40395824793 2.45602898923 2.50622496182
126840192 8 810799.305 838342.022 862366.143 2.35334270538 2.42078175583 2.50301530784 2.35334270538 2.42078175583 2.50301530784
139524160 4 444740.416 461925.275 470141.259 2.3741657611 2.41639360392 2.50976353811 2.3741657611 2.41639360392 2.50976353811
153476544 4 491164.403 501479.793 521273.524 2.35540900405 2.44837851722 2.49979913956 2.35540900405 2.44837851722 2.49979913956
168824192 4 543400.793 548487.965 573678.241 2.3542701108 2.46239411288 2.48544638395 2.3542701108 2.46239411288 2.48544638395
185706560 4 593413.649 615611.636 630541.819 2.35615217775 2.41329499496 2.50356978223 2.35615217775 2.41329499496 2.50356978223
204277184 4 651129.756 653809.98 696999.292 2.34464724822 2.49952971351 2.50981844547 2.34464724822 2.49952971351 2.50981844547
224704896 4 730290.322 746815.256 758429.01 2.37021414569 2.40707344093 2.46154045021 2.37021414569 2.40707344093 2.46154045021
247175360 4 814436.823 838800.903 845201.836 2.33956292542 2.3574162509 2.42793894401 2.33956292542 2.3574162509 2.42793894401
271892864 2 434643.343 439784.425 461914.045 2.3544888227 2.47296492139 2.50221583631 2.3544888227 2.47296492139 2.50221583631
299082112 2 477003.616 483100.701 496151.835 2.41121439771 2.47635419598 2.50800708395 2.41121439771 2.47635419598 2.50800708395
328990272 2 523391.294 523607.009 568515.338 2.31473277859 2.51326102474 2.5142968618 2.31473277859 2.51326102474 2.5142968618
361889280 2 582452.627 583325.96 617102.532 2.3457319407 2.48155785832 2.48527872122 2.3457319407 2.48155785832 2.48527872122
398078208 2 644236.972 649387.102 665584.388 2.39235303698 2.45202411181 2.47162597182 2.39235303698 2.45202411181 2.47162597182
437886016 2 698835.39 711222.083 719923.966 2.43295701591 2.46272452145 2.50637573463 2.43295701591 2.46272452145 2.50637573463
481674560 2 773469.291 785683.991 792692.593 2.43057429452 2.45225594777 2.49098220501 2.43057429452 2.45225594777 2.49098220501
529841984 2 866902.918 875552.736 891851.871 2.3763676513 2.42060569153 2.44475810612 2.3763676513 2.42060569153 2.44475810612
582826176 1 462932.975 463162.529 511248.2 2.28001262792 2.51672421454 2.51797217945 2.28001262792 2.51672421454 2.51797217945
641108736 1 518135.971 530857.933 534331.278 2.39966763091 2.41536839198 2.47467372228 2.39966763091 2.41536839198 2.47467372228
705219584 1 563196.945 577441.146 593751.915 2.37546883196 2.44256783184 2.50434449356 2.37546883196 2.44256783184 2.50434449356
775741504 1 631030.058 641194.928 658845.764 2.35485009205 2.41967448626 2.45865151482 2.35485009205 2.41967448626 2.45865151482
853315648 1 699044.048 726191.769 765162.96 2.23041546078 2.35011104346 2.44137876702 2.23041546078 2.35011104346 2.44137876702
938647168 1 761237.659 782220.585 787413.504 2.38412768699 2.39995516866 2.46610807256 2.38412768699 2.39995516866 2.46610807256
1032511872 1 842067.517 843022.159 873915.693 2.36295532915 2.44954859366 2.45232561797 2.36295532915 2.44954859366 2.45232561797

META_DATA
ERT_VERSION  1.1.0
FLOPS          16
UNAME  ('Linux', 'atajo-Inspiron-15-7568', '4.15.0-33-generic', '#36-Ubuntu SMP Wed Aug 15 16:00:05 UTC 2018', 'x86_64', 'x86_64')
HOSTNAME  ('atajo-Inspiron-15-7568', [], ['127.0.1.1'])
TIMESTAMP_DATA  1535264214.01
TIMESTAMP_DATA  1535264428.14
TIMESTAMP_DATA  1535264005.92
MPI_PROCS      8
CONFIG  {'ERT_WORKING_SET_MIN': ['1'], 'ERT_CFLAGS': [], 'ERT_CC': ['mpicc'], 'ERT_MPI_CFLAGS': ['-I/usr/include/mpi'], 'ERT_MPI_LDFLAGS': ['-lmpi'], 'ERT_MEMORY_MAX': ['1073741824'], 'ERT_PROCS_THREADS': ['1-4'], 'ERT_LDFLAGS': [], 'ERT_LDLIBS': [], 'ERT_RUN': ['export', 'OMP_NUM_THREADS=ERT_OPENMP_THREADS;', 'mpirun', '-np', 'ERT_MPI_PROCS', 'ERT_CODE'], 'ERT_FLOPS': ['1,2,4,8,16,32'], 'ERT_OPENMP_CFLAGS': ['-fopenmp'], 'ERT_MPI': ['True'], 'ERT_TRIALS_MIN': ['1'], 'ERT_DRIVER': ['driver1'], 'ERT_RESULTS': ['Results/myLaptop'], 'ERT_OPENMP': ['False'], 'ERT_MPI_PROCS': ['1,2,4,8'], 'ERT_KERNEL': ['kernel1'], 'ERT_GPU': [False], 'ERT_OPENMP_THREADS': ['1,2,4,8'], 'ERT_LD': ['mpicc'], 'ERT_NUM_EXPERIMENTS': ['3'], 'ERT_OPENMP_LDFLAGS': ['-fopenmp'], 'ERT_ALIGN': ['64'], 'ERT_GNUPLOT': ['gnuplot']}
