32 33554432 432905.754 433588.842 435484.512 4.93125148846 4.95281114268 4.96062625215 1.23281287211 1.23820278567 1.24015656304
64 16777216 342285.072 342749.678 343771.555 6.24683344729 6.26545781321 6.27396233044 1.56170836182 1.5663644533 1.56849058261
96 8388608 249048.556 249056.398 249146.961 6.46450885668 6.46685951027 6.46706313768 1.61612721417 1.61671487757 1.61676578442
128 8388608 316800.201 317650.081 317736.039 6.75870340286 6.76053234817 6.77866883045 1.68967585071 1.69013308704 1.69466720761
160 4194304 200268.869 200365.392 200621.278 6.69010432682 6.69864823762 6.70187676548 1.67252608171 1.6746620594 1.67546919137
192 4194304 234069.09 234482.113 236099.769 6.82174634402 6.86880852187 6.88092877193 1.70543658601 1.71720213047 1.72023219298
224 4194304 268829.346 269951.386 271958.93 6.90930866657 6.96069103346 6.98974356765 1.72732716664 1.74017275836 1.74743589191
256 4194304 302895.829 306363.196 308125.014 6.96952065047 7.00960061795 7.08984225729 1.74238016262 1.75240015449 1.77246056432
288 2097152 174298.895 174407.207 174432.044 6.92510117006 6.9260873606 6.93039133725 1.73127529251 1.73152184015 1.73259783431
320 2097152 192301.398 192332.38 193089.354 6.95106826035 6.97842599358 6.97955029947 1.73776706509 1.7446064984 1.74488757487
352 2097152 210041.701 210855.19 211196.528 6.99062158825 7.00193819275 7.02905661576 1.74765539706 1.75048454819 1.75726415394
384 2097152 227963.842 242999.693 244001.483 6.60083174986 6.62804432432 7.06521140313 1.65020793747 1.65701108108 1.76630285078
416 2097152 245180.215 247933.41 247946.442 7.03712644523 7.0374963342 7.11652228545 1.75928161131 1.75937408355 1.77913057136
448 2097152 262042.068 262855.585 264831.28 7.0952653025 7.14859527143 7.17078828732 1.77381632562 1.78714881786 1.79269707183
480 2097152 279181.926 279585.895 279984.203 7.19064110913 7.20088515195 7.21130464585 1.79766027728 1.80022128799 1.80282616146
512 2097152 296380.178 296642.013 296878.158 7.23355218338 7.23931052882 7.24570604718 1.80838804585 1.8098276322 1.8114265118
544 1048576 160818.302 160856.944 160976.62 7.08705828213 7.09233098448 7.09403515528 1.77176457053 1.77308274612 1.77350878882
576 1048576 170373.767 170491.421 170565.373 7.0820913457 7.08516325874 7.09005601784 1.77052283643 1.77129081469 1.77251400446
608 1048576 186426.88 187018.85 187029.618 6.81746789431 6.81786042423 6.83950949563 1.70436697358 1.70446510606 1.70987737391
640 1048576 195662.609 196189.58 196239.352 6.83949099057 6.84122612424 6.85965135015 1.70987274764 1.71030653106 1.71491283754
704 1048576 206800.221 206852.98 206868.743 7.1368684635 7.13741232058 7.13923322161 1.78421711587 1.78435308014 1.7848083054
768 1048576 223527.472 224302.832 225543.201 7.14103874051 7.18052786779 7.20543529432 1.78525968513 1.79513196695 1.80135882358
832 1048576 240407.334 240754.159 242266.386 7.20211537724 7.24735336348 7.25780879879 1.80052884431 1.81183834087 1.8144521997
896 1048576 257801.919 258154.081 262303.124 7.16365159265 7.27878554049 7.28872849081 1.79091289816 1.81969638512 1.8221821227
960 1048576 275155.538 277145.554 279152.977 7.21205247974 7.26429087872 7.31682863675 1.80301311994 1.81607271968 1.82920715919
1056 524288 160393.025 160415.987 160512.218 6.89851694654 6.90265525717 6.90364344709 1.72462923664 1.72566381429 1.72591086177
1152 524288 168594.858 168741.917 182458.562 6.62045967456 7.15862171934 7.1648659178 1.65511491864 1.78965542984 1.79121647945
1248 524288 182266.45 182291.663 182455.796 7.17227337629 7.17873119628 7.1797242334 1.79306834407 1.79468279907 1.79493105835
1344 524288 199860.775 199877.434 201826.97 6.98264530256 7.05075163212 7.05133933359 1.74566132564 1.76268790803 1.7628348334
1472 524288 213741.438 214811.079 215163.262 7.17364041451 7.18540160585 7.22136000601 1.79341010363 1.79635040146 1.8053400015
1600 524288 232092.931 233306.598 236458.49 7.09520558978 7.19105938016 7.22866307376 1.77380139745 1.79776484504 1.80716576844
1760 524288 254844.98 255487.961 256319.376 7.19997757797 7.22340791627 7.24163277613 1.79999439449 1.80585197907 1.81040819403
1920 524288 275249.543 277504.61 277676.99 7.25038801379 7.25489180162 7.31432974623 1.81259700345 1.8137229504 1.82858243656
2112 262144 153777.716 153932.385 155698.925 7.1117784275 7.19339374882 7.20062883493 1.77794460688 1.79834843721 1.80015720873
2304 262144 167539.765 168123.326 169224.624 7.13820201486 7.1849610684 7.20998714544 1.78455050371 1.7962402671 1.80249678636
2528 262144 186568.84 186832.87 187827.603 7.05647116202 7.09404112884 7.10408053135 1.7641177905 1.77351028221 1.77602013284
2752 262144 202859.784 202869.309 204044.979 7.07118882842 7.11216784398 7.11250178596 1.76779720711 1.77804196099 1.77812544649
3008 262144 218358.349 219389.852 219843.413 7.1735526777 7.18838309805 7.22234030081 1.79338816942 1.79709577451 1.8055850752
3296 262144 239589.093 239609.397 240407.353 7.18802160764 7.21195942077 7.21257059895 1.79700540191 1.80298985519 1.80314264974
3616 262144 259610.447 263947.098 265063.306 7.15234951457 7.18259614281 7.30257749604 1.78808737864 1.7956490357 1.82564437401
3968 262144 283484.133 283556.526 283886.903 7.32818161745 7.33671981861 7.33859338787 1.83204540436 1.83417995465 1.83464834697
4352 131072 158459.381 159182.97 159291.261 7.16204191516 7.16691419943 7.19964120016 1.79051047879 1.79172854986 1.79991030004
4768 131072 173280.328 174095.062 174156.75 7.17688284835 7.17942587022 7.21318228345 1.79422071209 1.79485646755 1.80329557086
5216 131072 189337.833 190244.86 190959.56 7.16038047008 7.18728013992 7.22171096149 1.79009511752 1.79682003498 1.80542774037
5728 131072 207675.256 208756.188 211702.58 7.09278475491 7.1928925623 7.23033095479 1.77319618873 1.79822314058 1.8075827387
6272 131072 226426.086 228257.673 229882.793 7.15219763317 7.20311894181 7.26138581047 1.78804940829 1.80077973545 1.81534645262
6880 131072 246849.769 247927.419 248273.894 7.26435909528 7.27451093257 7.30626861555 1.81608977382 1.81862773314 1.82656715389
7552 131072 270008.517 270170.891 271789.244 7.28399497664 7.32762689819 7.33203348545 1.82099874416 1.83190672455 1.83300837136
8288 65536 150123.867 150479.888 152640.02 7.11690640502 7.21906927522 7.23618940618 1.77922660125 1.80476731881 1.80904735154
9088 65536 164400.794 164887.757 166147.876 7.16941055569 7.22420122435 7.24559965325 1.79235263892 1.80605030609 1.81139991331
9984 65536 180786.241 181012.87 181183.017 7.22265734211 7.2294464366 7.23850908543 1.80566433553 1.80736160915 1.80962727136
10976 65536 198368.343 198808.226 198972.201 7.23038828927 7.23635183989 7.25239849385 1.80759707232 1.80908795997 1.81309962346
12064 65536 216521.609 217397.375 217405.612 7.2732833042 7.27355888267 7.30297828149 1.81832082605 1.81838972067 1.82574457037
13248 65536 236513.746 237481.407 239202.454 7.25929783312 7.31190655275 7.34182213663 1.81482445828 1.82797663819 1.83545553416
14560 65536 259765.965 260123.306 275563.489 6.92547596536 7.33655261171 7.34664496944 1.73136899134 1.83413815293 1.83666124236
16000 65536 284105.653 284738.317 285598.926 7.34299680105 7.36519068489 7.38159194601 1.83574920026 1.84129767122 1.8453979865
17600 32768 159208.908 160066.501 161223.362 7.15425845046 7.20596497577 7.24478054959 1.78856461261 1.80149124394 1.8111951374
19360 32768 175044.015 175065.458 175403.402 7.23347977025 7.24744318208 7.24833099835 1.80836994256 1.81186079552 1.81208274959
21280 32768 192303.512 192330.94 192641.088 7.23940097348 7.25107504804 7.25210925945 1.80985024337 1.81276876201 1.81302731486
23392 32768 210393.866 211365.74 211548.379 7.24665496964 7.25291673097 7.28642018489 1.81166374241 1.81322918274 1.82160504622
25728 32768 230173.793 230505.39 231106.735 7.29580731604 7.31484069852 7.32537873241 1.82395182901 1.82871017463 1.8313446831
28288 32768 252051.813 252493.966 255675.329 7.25092395598 7.34228384689 7.35516378928 1.812730989 1.83557096172 1.83879094732
31104 32768 275850.46 276165.744 277727.29 7.33968831079 7.381189696 7.38962604594 1.8349220777 1.845297424 1.84740651148
34208 16384 154583.793 154656.367 155066.424 7.22869409821 7.24786030956 7.25126303506 1.80717352455 1.81196507739 1.81281575876
37600 16384 169827.252 169840.652 170207.433 7.23867799593 7.25431035204 7.25488274403 1.80966949898 1.81357758801 1.81372068601
41344 16384 186632.841 186684.603 186797.498 7.25256069543 7.25694658386 7.25895927395 1.81314017386 1.81423664596 1.81473981849
45472 16384 205187.496 205226.921 205516.076 7.25017003536 7.26038518114 7.26178020127 1.81254250884 1.81509629529 1.81544505032
50016 16384 223877.057 225622.564 244097.1 6.71423088599 7.26400878948 7.32064424091 1.6785577215 1.81600219737 1.83016106023
55008 16384 245423.112 246264.974 251538.242 7.16591691851 7.31936058434 7.3444678022 1.79147922963 1.82984014609 1.83611695055
60480 16384 267734.424 269793.868 272213.804 7.28033850921 7.34564004249 7.40214355103 1.8200846273 1.83641001062 1.85053588776
66528 8192 150622.577 150701.221 151251.616 7.20649987634 7.2328196465 7.23659609143 1.80162496908 1.80820491162 1.80914902286
73152 8192 165885.118 165949.839 166204.605 7.21112611771 7.22219663015 7.22501441027 1.80278152943 1.80554915754 1.80625360257
80448 8192 182079.142 182306.741 182382.98 7.22688066617 7.2299028811 7.23894026258 1.80672016654 1.80747572028 1.80973506565
88480 8192 200321.9 200429.079 200668.377 7.22413935704 7.23276446328 7.2366342372 1.80603483926 1.80819111582 1.8091585593
97312 8192 219335.066 219932.944 219985.505 7.24756755223 7.24929962289 7.26906024229 1.81189188806 1.81232490572 1.81726506057
107040 8192 239118.329 242224.751 242633.437 7.22795415868 7.24014929424 7.33420715733 1.80698853967 1.81003732356 1.83355178933
117728 8192 261694.755 261941.145 262056.385 7.36046004756 7.36369825367 7.37063129905 1.84011501189 1.84092456342 1.84265782476
129472 8192 286939.506 287624.337 292872.902 7.2429686513 7.37513824499 7.39274029419 1.81074216282 1.84378456125 1.84818507355
142400 4096 161081.176 161349.006 161542.972 7.2212414168 7.22992244526 7.24194365206 1.8053103542 1.80748061132 1.81048591302
156640 4096 177355.19 177438.412 177558.174 7.2268983798 7.23177617257 7.23516960513 1.80672459495 1.80794404314 1.80879240128
172288 4096 194944.265 195342.095 195639.919 7.21418871575 7.22518766884 7.2399323776 1.80354717894 1.80629691721 1.8099830944
189504 4096 213138.23 214255.766 214668.366 7.23169788324 7.24562422278 7.28361480716 1.80792447081 1.8114060557 1.82090370179
208448 4096 233478.085 235848.976 235963.669 7.23673277008 7.24025198227 7.31377429278 1.80918319252 1.81006299557 1.82844357319
229280 4096 255169.214 256318.391 259626.547 7.2344749861 7.32784624885 7.36084784899 1.80861874653 1.83196156221 1.84021196225
252192 4096 279710.398 282052.41 288937.652 7.15018222686 7.32472686193 7.38605671713 1.78754555671 1.83118171548 1.84651417928
277408 2048 157050.026 157143.012 157192.904 7.22846349349 7.23075848896 7.23503966819 1.80711587337 1.80768962224 1.80875991705
305120 2048 172751.538 172885.54 172970.217 7.22535672138 7.22889560341 7.23450300049 1.80633918035 1.80722390085 1.80862575012
335616 2048 189867.694 190034.886 190143.974 7.22969604075 7.23384618969 7.24021610543 1.80742401019 1.80846154742 1.81005402636
369152 2048 208775.213 208932.02 209135.787 7.22997538437 7.23702662713 7.24246221701 1.80749384609 1.80925665678 1.81061555425
406048 2048 227761.93 228009.475 228457.152 7.28001987874 7.29431357184 7.30224145888 1.82000496968 1.82357839296 1.82556036472
446624 2048 248880.393 250409.463 250666.291 7.29803715012 7.30552225177 7.3504058795 1.82450928753 1.82638056294 1.83760146988
491264 2048 273710.774 274718.564 276461.732 7.27846609888 7.32465005168 7.35161906341 1.81961652472 1.83116251292 1.83790476585
540384 1024 152938.056 152992.942 153089.666 7.22913871927 7.23370906875 7.23630508289 1.80728467982 1.80842726719 1.80907627072
594400 1024 168263.36 168371.274 168867.597 7.20879092038 7.23004091541 7.23467782885 1.8021977301 1.80751022885 1.80866945721
653824 1024 185034.018 185069.139 185201.844 7.23011997656 7.23530437995 7.23667770107 1.80752999414 1.80882609499 1.80916942527
719200 1024 203555.709 203574.583 203639.887 7.2329719963 7.23529223685 7.23596310433 1.80824299907 1.80882305921 1.80899077608
791104 1024 223601.702 223863.564 224131.568 7.22870502561 7.237359055 7.24583479244 1.8071762564 1.80933976375 1.81145869811
870208 1024 243306.588 245537.008 255635.243 6.97159735522 7.25831921842 7.32485708114 1.74289933881 1.81457980461 1.83121427029
957216 1024 267012.624 268513.955 270357.93 7.25104814939 7.30084351854 7.34189394731 1.81276203735 1.82521087964 1.83547348683
1052928 512 149217.186 149274.037 149581.368 7.2081054373 7.2229457558 7.22569766193 1.80202635933 1.80573643895 1.80642441548
1158208 512 163976.861 164046.293 164131.635 7.22593783947 7.22969699779 7.23275823654 1.80648445987 1.80742424945 1.80818955914
1274016 512 180303.032 180406.91 188620.857 6.91647999457 7.23138811036 7.23555433056 1.72911999864 1.80784702759 1.80888858264
1401408 512 198322.782 198374.82 198698.011 7.22222524915 7.23399165277 7.23588978295 1.80555631229 1.80849791319 1.80897244574
1541536 512 217383.63 217979.306 218220.983 7.23364381509 7.24166386694 7.26150752014 1.80841095377 1.81041596673 1.81537688003
1695680 512 237172.645 237367.534 237705.155 7.30474827103 7.31513821937 7.32114919914 1.82618706776 1.82878455484 1.83028729979
1865248 512 260401.08 260426.227 264235.43 7.22845513942 7.33418432545 7.33489258954 1.80711378485 1.83354608136 1.83372314738
2051744 512 285933.625 287849.862 290464.471 7.23319395576 7.29889478286 7.34780967436 1.80829848894 1.82472369572 1.83695241859
2256896 256 159863.873 159875.574 159884.5 7.22728439592 7.22768790184 7.22821692178 1.80682109898 1.80692197546 1.80705423045
2482560 256 175777.132 175897.103 175996.397 7.22214057598 7.22621747784 7.23114949901 1.805535144 1.80655436946 1.80778737475
2730816 256 193399.257 193471.344 193647.547 7.22021948463 7.22679526121 7.229488953 1.80505487116 1.8066988153 1.80737223825
3003872 256 213122.926 213157.291 213369.2 7.20808094139 7.21524681039 7.21641023266 1.80202023535 1.8038117026 1.80410255816
3304256 256 232545.085 233060.856 233939.056 7.23170855233 7.25895845847 7.27505839137 1.80792713808 1.81473961462 1.81876459784
3634656 256 255599.263 258301.351 258419.995 7.20123793826 7.20454563941 7.2807090684 1.80030948457 1.80113640985 1.8201772671
3998112 256 278814.984 279984.459 280084.071 7.30863892649 7.31123917131 7.34190578509 1.82715973162 1.82780979283 1.83547644627
4397920 128 156797.736 156988.399 157133.208 7.16505145112 7.17166062697 7.18038122693 1.79126286278 1.79291515674 1.79509530673
4837696 128 172670.384 172887.43 172956.182 7.16048516843 7.1633326726 7.17233695386 1.79012129211 1.79083316815 1.79308423846
5321440 128 190026.339 190075.099 190131.666 7.16497503367 7.16710735476 7.1689464059 1.79124375842 1.79177683869 1.79223660147
5853568 128 208991.914 209153.172 209389.459 7.15658474479 7.16466976652 7.1701980202 1.7891461862 1.79116744163 1.79254950505
6438912 128 227661.572 227840.798 228702.481 7.20744901757 7.23470724501 7.2404027501 1.80186225439 1.80867681125 1.81010068752
7082784 128 249512.411 251943.77 252381.942 7.18432027914 7.1968150036 7.26694394372 1.79608006979 1.7992037509 1.81673598593
7791040 128 272700.274 273724.516 276313.455 7.21827404315 7.28654586424 7.31391358998 1.80456851079 1.82163646606 1.8284783975
8570144 64 152782.249 152851.863 152852.654 7.17670516863 7.17674230768 7.18001233245 1.79417629216 1.79418557692 1.79500308311
9427136 64 167852.672 167925.45 168181.462 7.1748300535 7.18576849429 7.18888411857 1.79370751338 1.79644212357 1.79722102964
10369824 64 184636.238 184645.955 184651.129 7.18835286407 7.18855429029 7.18893260813 1.79708821602 1.79713857257 1.79723315203
11406784 64 202829.163 202971.34 203048.588 7.19073383559 7.19347052643 7.19851292785 1.7976834589 1.79836763161 1.79962823196
12547456 64 221731.395 222200.457 222955.375 7.20356873208 7.22804259579 7.24333316895 1.80089218302 1.80701064895 1.81083329224
13802176 64 242919.532 243185.458 243580.708 7.25294930993 7.26473754857 7.27269031623 1.81323732748 1.81618438714 1.81817257906
15182368 64 265779.126 266624.2 279491.155 6.95314706471 7.28869736506 7.31187258099 1.73828676618 1.82217434126 1.82796814525
16700576 64 295410.729 296614.053 314437.892 6.79839733819 7.20691992297 7.23627654025 1.69959933455 1.80172998074 1.80906913506
18370624 32 163171.605 163287.483 164156.764 7.16217783143 7.20030656606 7.20541993811 1.79054445786 1.80007664151 1.80135498453
20207680 32 179352.009 179480.077 179541.486 7.20330185972 7.2057664651 7.21091181086 1.80082546493 1.80144161627 1.80272795272
22228448 32 197550.18 197685.213 199075.049 7.1461525648 7.19639395588 7.20131296261 1.7865381412 1.79909848897 1.80032824065
24451264 32 216735.613 217097.961 217491.253 7.19514405483 7.20817868944 7.22022963527 1.79878601371 1.80204467236 1.80505740882
26896384 32 236876.61 237900.584 238685.416 7.21187161263 7.23566351565 7.26694195767 1.80296790316 1.80891587891 1.81673548942
29586016 32 258799.117 260618.975 263107.709 7.19669154202 7.26541505276 7.31650496319 1.7991728855 1.81635376319 1.8291262408
32544608 32 283640.483 284066.089 286125.043 7.27952677669 7.33228988836 7.34329207866 1.81988169417 1.83307247209 1.83582301966
35799040 16 158809.326 158931.629 159238.311 7.19405570686 7.20793769754 7.2134887091 1.79851392671 1.80198442438 1.80337217727
39378944 16 174630.894 174633.372 174655.522 7.21492337357 7.21583849392 7.21594088615 1.80373084339 1.80395962348 1.80398522154
43316832 16 191935.395 192053.036 192714.687 7.19269841639 7.21747832198 7.2219020572 1.7981746041 1.80436958049 1.8054755143
47648512 16 210827.017 211007.886 211457.23 7.21068929164 7.22604454698 7.23224378781 1.80267232291 1.80651113674 1.80806094695
52413344 16 230778.563 230824.858 231311.391 7.25094860547 7.26623216638 7.26768979838 1.81273715137 1.8165580416 1.8169224496
57654656 16 252717.931 252917.763 253084.802 7.2898450536 7.2946596163 7.30042773261 1.8224612634 1.82366490407 1.82510693315
63420096 16 275045.782 276645.268 276966.878 7.32738545004 7.33590379721 7.37856460566 1.83184636251 1.8339759493 1.84464115141
69762080 8 154478.236 154558.36 154655.193 7.21730229906 7.22182404109 7.22556982072 1.80432557476 1.80545601027 1.80639245518
76738272 8 169913.936 169983.51 170307.376 7.20939034373 7.22312624325 7.22608386872 1.80234758593 1.80578156081 1.80652096718
84412096 8 186956.795 186975.589 187110.59 7.21815657788 7.22336826547 7.22409440106 1.80453914447 1.80584206637 1.80602360027
92853280 8 205487.506 205580.312 205716.41 7.22184720218 7.22662819969 7.22989202078 1.80546180054 1.80665704992 1.8074730052
102138592 8 225718.242 225760.457 225890.119 7.23456820172 7.23872326322 7.2400770869 1.80864205043 1.8096808158 1.81001927173
112352448 8 247035.654 248580.704 248701.51 7.22809912976 7.23161186316 7.27684096968 1.80702478244 1.80790296579 1.81921024242
123587680 8 269282.847 269301.822 270077.168 7.32162179663 7.34270145413 7.34321885716 1.83040544916 1.83567536353 1.83580471429
135946432 4 150535.703 150557.335 150906.349 7.20692974952 7.22363647045 7.22467450795 1.80173243738 1.80590911761 1.80616862699
149541056 4 165513.354 165730.624 165904.371 7.21095195256 7.21851169763 7.22798746499 1.80273798814 1.80462792441 1.80699686625
164495136 4 182014.937 182037.577 182469.272 7.21195998414 7.22906286541 7.22996205526 1.80298999604 1.80726571635 1.80749051381
180944640 4 200241.69 200320.992 200702.265 7.21246030781 7.22618785754 7.22904965494 1.80311507695 1.80654696438 1.80726241374
199039104 4 220210.56 220229.064 238647.179 6.6722466139 7.23025745594 7.23086500484 1.66806165348 1.80756436398 1.80771625121
218943008 4 240077.461 240238.214 240685.824 7.27730464092 7.29086365918 7.2957455344 1.81932616023 1.8227159148 1.8239363836
240837280 4 262027.239 266083.822 271625.899 7.09320520279 7.24094469749 7.35304561218 1.7733013007 1.81023617437 1.83826140304
264920992 4 287453.776 288127.295 293055.917 7.23195749704 7.35566526594 7.37289996845 1.80798937426 1.83891631648 1.84322499211
291413088 2 161312.225 161322.652 161499.542 7.21768209101 7.22559626654 7.22606331913 1.80442052275 1.80639906664 1.80651582978
320554368 2 177371.824 177450.912 177484.762 7.22438060345 7.22575870447 7.22898058488 1.80609515086 1.80643967612 1.80724514622
352609792 2 195093.051 195110.811 195188.678 7.22602961633 7.22891346087 7.22957153405 1.80650740408 1.80722836522 1.80739288351
387870752 2 213902.448 214509.832 214578.718 7.23036758939 7.23268949276 7.25322698504 1.80759189735 1.80817237319 1.81330674626
426657824 2 234500.871 235626.958 237071.172 7.19881410128 7.24293735524 7.2777183672 1.79970352532 1.81073433881 1.8194295918
469323584 2 255954.306 256597.477 257148.517 7.30042839796 7.31610598026 7.33449014919 1.82510709949 1.82902649507 1.8336225373
516255936 2 279927.105 281286.042 283950.729 7.27247206328 7.34136585419 7.3770053243 1.81811801582 1.83534146355 1.84425133107
567881504 1 157174.542 157357.534 157412.526 7.21520095548 7.2177224638 7.22612576787 1.80380023887 1.80443061595 1.80653144197
624669632 1 172864.36 172917.76 172943.833 7.22395960774 7.22504885559 7.2272807651 1.80598990194 1.8062622139 1.80682019128
687136576 1 190151.962 190161.859 190840.678 7.20115421095 7.22686010342 7.22723624592 1.80028855274 1.80671502586 1.80680906148
755850208 1 208725.586 208922.888 209117.73 7.22894426981 7.23568600105 7.24252567675 1.80723606745 1.80892150026 1.81063141919
831435200 1 228603.583 229794.858 229938.87 7.23179338926 7.23632554041 7.27403472062 1.80794834732 1.8090813851 1.81850868015
914578720 1 249925.765 250271.067 250345.903 7.30652037074 7.30870516487 7.31880300536 1.82663009268 1.82717629122 1.82970075134
1006036576 1 275085.95 275450.349 278314.589 7.22949220603 7.30466728143 7.3143435788 1.80737305151 1.82616682036 1.8285858947

META_DATA
ERT_VERSION  1.1.0
TIMESTAMP_DATA  1535270429.24
UNAME  ('Linux', 'atajo-Inspiron-15-7568', '4.15.0-33-generic', '#36-Ubuntu SMP Wed Aug 15 16:00:05 UTC 2018', 'x86_64', 'x86_64')
HOSTNAME  ('atajo-Inspiron-15-7568', [], ['127.0.1.1'])
OPENMP_THREADS 4
FLOPS          4
TIMESTAMP_DATA  1535270356.24
TIMESTAMP_DATA  1535270283.44
CONFIG  {'ERT_WORKING_SET_MIN': ['1'], 'ERT_CFLAGS': [], 'ERT_CC': ['gcc'], 'ERT_MPI_CFLAGS': ['-I/usr/include/mpi'], 'ERT_MPI_LDFLAGS': ['-mpicc'], 'ERT_MEMORY_MAX': ['1073741824'], 'ERT_PROCS_THREADS': ['1-4'], 'ERT_LDFLAGS': [], 'ERT_LDLIBS': [], 'ERT_RUN': ['export', 'OMP_NUM_THREADS=ERT_OPENMP_THREADS;', 'mpirun', '-np', 'ERT_MPI_PROCS', 'ERT_CODE'], 'ERT_FLOPS': ['1,2,4,8,16'], 'ERT_OPENMP_CFLAGS': ['-fopenmp'], 'ERT_MPI': ['False'], 'ERT_TRIALS_MIN': ['1'], 'ERT_DRIVER': ['driver1'], 'ERT_RESULTS': ['Results/myLaptop'], 'ERT_OPENMP': ['True'], 'ERT_MPI_PROCS': ['1,2,4,8'], 'ERT_KERNEL': ['kernel1'], 'ERT_GPU': [False], 'ERT_OPENMP_THREADS': ['1,2,4,8'], 'ERT_LD': ['gcc'], 'ERT_NUM_EXPERIMENTS': ['3'], 'ERT_OPENMP_LDFLAGS': ['-fopenmp'], 'ERT_ALIGN': ['64'], 'ERT_GNUPLOT': ['gnuplot']}
