8 134217728 2487208.409 2487347.233 2491546.89 0.861907779709 0.863363031711 0.863411220479 0.430953889854 0.431681515855 0.431705610239
16 67108864 1248183.212 1251426.143 1257132.046 1.70824031957 1.71602907612 1.72048752727 0.854120159785 0.858014538058 0.860243763637
24 33554432 794157.142 794372.715 795007.648 2.02590848032 2.02752776573 2.0280781357 1.01295424016 1.01376388286 1.01403906785
32 33554432 1061862.445 1061865.59 1065887.963 2.01473674771 2.02236862012 2.02237460992 1.00736837386 1.01118431006 1.01118730496
40 16777216 644865.262 645238.222 646193.425 2.0770518982 2.08012674116 2.08132978948 1.0385259491 1.04006337058 1.04066489474
48 16777216 775713.201 777537.028 781893.394 2.05988789311 2.07142898409 2.07629924813 1.02994394655 1.03571449204 1.03814962406
56 16777216 893878.542 897533.218 914707.408 2.05426147811 2.09356952402 2.10212920851 1.02713073906 1.04678476201 1.05106460426
64 16777216 1026496.902 1029656.679 1030025.714 2.08488353136 2.08563076586 2.09205078341 1.04244176568 1.04281538293 1.04602539171
72 8388608 576632.107 577620.184 577822.717 2.09053662388 2.0912696361 2.09485309149 1.04526831194 1.04563481805 1.04742654574
80 8388608 633811.932 633954.229 634292.37 2.11602305732 2.11715171002 2.11762703136 1.05801152866 1.05857585501 1.05881351568
88 8388608 696717.222 698444.059 698852.115 2.11260004271 2.11383429922 2.11907350842 1.05630002136 1.05691714961 1.05953675421
96 8388608 761986.114 763675.79 764723.155 2.10613831354 2.10902683716 2.1137035261 1.05306915677 1.05451341858 1.05685176305
104 8388608 826118.363 826468.739 833161.555 2.09422824845 2.11118749163 2.11208289532 1.04711412422 1.05559374581 1.05604144766
112 8388608 881987.561 883710.672 884902.177 2.12345301078 2.12631605743 2.13047017338 1.06172650539 1.06315802872 1.06523508669
120 8388608 946071.289 946985.99 947487.237 2.12484753502 2.12597223323 2.12802771145 1.06242376751 1.06298611662 1.06401385573
128 8388608 1002433.425 1002687.736 1005505.833 2.13572470444 2.14172725057 2.14227059318 1.06786235222 1.07086362528 1.07113529659
136 4194304 537582.849 538062.297 539845.276 2.1132919722 2.12029479553 2.12218579912 1.0566459861 1.06014739776 1.06109289956
144 4194304 566965.329 567587.691 568466.914 2.12494258197 2.1282342291 2.13057040742 1.06247129099 1.06411711455 1.06528520371
152 4194304 611194.455 623333.236 624509.806 2.04171080061 2.04556462316 2.08619107318 1.02085540031 1.02278231158 1.04309553659
160 4194304 632696.904 633682.182 633793.03 2.11769018665 2.11806062743 2.12135901332 1.05884509333 1.05903031372 1.06067950666
176 4194304 689634.635 690264.91 691985.72 2.13356282555 2.13888173455 2.14083651411 1.06678141277 1.06944086728 1.07041825705
192 4194304 754850.896 755962.25 757945.454 2.1249718268 2.1305465134 2.13368328041 1.0624859134 1.0652732567 1.06684164021
208 4194304 814794.371 815765.293 816058.24 2.13812002437 2.13888783817 2.14143657112 1.06906001219 1.06944391909 1.07071828556
224 4194304 879022.725 881258.22 882362.08 2.12956589431 2.13223337877 2.13765598836 1.06478294715 1.06611668939 1.06882799418
240 4194304 938175.598 938505.289 940617.773 2.14036559566 2.14518335016 2.14593720439 1.07018279783 1.07259167508 1.0729686022
264 2097152 534299.841 534650.247 534912.207 2.07005232169 2.07106657523 2.07242482784 1.03502616084 1.03553328761 1.03621241392
288 2097152 563524.427 564625.236 566299.406 2.13307578853 2.13940057047 2.14357975293 1.06653789427 1.06970028523 1.07178987647
312 2097152 608731.549 608918.281 609261.985 2.1478819953 2.14909436756 2.14975361496 1.07394099765 1.07454718378 1.07487680748
336 2097152 674218.872 675009.596 676269.531 2.08391193067 2.08780164364 2.09025021774 1.04195596534 1.04390082182 1.04512510887
368 2097152 720761.042 721049.633 755034.651 2.04428216633 2.14063470995 2.14149181498 1.02214108316 1.07031735498 1.07074590749
400 2097152 780559.469 781131.232 781474.139 2.14686771612 2.14781016463 2.14938344435 1.07343385806 1.07390508232 1.07469172218
440 2097152 861181.424 861311.902 861894.821 2.14120530143 2.14265442718 2.14297906175 1.07060265071 1.07132721359 1.07148953087
480 2097152 936952.901 938355.993 939753.733 2.14233351707 2.14552465697 2.14873759167 1.07116675854 1.07276232849 1.07436879583
528 1048576 514993.774 515017.559 522390.263 2.11967246411 2.15001651235 2.15011581091 1.05983623205 1.07500825617 1.07505790546
576 1048576 561419.007 562467.39 563165.591 2.14494559203 2.147608152 2.15161855395 1.07247279602 1.073804076 1.07580927697
632 1048576 626127.842 626645.611 629731.381 2.10470702904 2.11507116739 2.11682020043 1.05235351452 1.0575355837 1.05841010022
688 1048576 680078.283 681742.66 681802.023 2.11621633161 2.11640060195 2.1215801358 1.05810816581 1.05820030098 1.0607900679
752 1048576 742992.046 743839.269 746875.303 2.11154164245 2.12016005302 2.12257764062 1.05577082122 1.06008002651 1.06128882031
824 1048576 813257.157 813501.802 814637.746 2.12125359583 2.12421563634 2.12485464545 1.06062679791 1.06210781817 1.06242732273
904 1048576 891940.816 892970.41 894173.847 2.12019778297 2.12305512788 2.12550583401 1.06009889149 1.06152756394 1.06275291701
992 1048576 977399.67 978486.894 978776.05 2.12548599243 2.12611410205 2.12847911438 1.06274299621 1.06305705102 1.06423955719
1088 524288 535474.679 536478.666 536511.544 2.12642337478 2.12655369226 2.13054086914 1.06321168739 1.06327684613 1.06527043457
1192 524288 585684.419 586224.033 586744.427 2.13023342785 2.1321244467 2.13408885648 1.06511671392 1.06606222335 1.06704442824
1304 524288 641102.894 641709.013 642578.012 2.12790210444 2.13078369837 2.13279820883 1.06395105222 1.06539184919 1.06639910442
1432 524288 703958.934 705203.787 715183.806 2.09954534681 2.12925803814 2.13302333343 1.0497726734 1.06462901907 1.06651166672
1568 524288 769936.788 770201.162 780159.637 2.1074753038 2.13472434102 2.13545734354 1.0537376519 1.06736217051 1.06772867177
1720 524288 843845.534 845052.417 852070.838 2.11666758157 2.13424715878 2.1372995973 1.05833379079 1.06712357939 1.06864979865
1888 524288 927541.503 937175.57 940145.982 2.10574902824 2.11242327625 2.13436431857 1.05287451412 1.05621163812 1.06718215929
2072 262144 508265.72 509632.663 511551.978 2.1235862292 2.13158381491 2.13731655167 1.0617931146 1.06579190745 1.06865827583
2272 262144 556428.696 559529.849 563227.682 2.11492150345 2.12889864255 2.14076366759 1.05746075172 1.06444932127 1.07038183379
2496 262144 611078.83 616810.895 618382.928 2.11620144856 2.12159489822 2.14149596379 1.05810072428 1.06079744911 1.07074798189
2744 262144 671593.897 672021.508 679363.132 2.11763960132 2.14077414915 2.14213720289 1.05881980066 1.07038707458 1.07106860145
3016 262144 737618.389 739696.685 745692.738 2.12051496202 2.13770406177 2.1437272058 1.06025748101 1.06885203088 1.0718636029
3312 262144 808319.847 809070.771 826232.453 2.1016384066 2.14621751056 2.14821133298 1.0508192033 1.07310875528 1.07410566649
3640 262144 890529.924 892890.133 898293.046 2.12448301643 2.13733834597 2.14300302389 1.06224150821 1.06866917299 1.07150151195
4000 262144 975187.036 978402.245 984404.549 2.13037617728 2.14344561321 2.15051259151 1.06518808864 1.0717228066 1.07525629576
4400 131072 535991.187 541236.823 541766.842 2.12902213753 2.13110703297 2.15196374115 1.06451106877 1.06555351649 1.07598187058
4840 131072 588953.653 594942.19 602770.009 2.10491056465 2.13260545533 2.1542899913 1.05245528233 1.06630272767 1.07714499565
5320 131072 648135.219 654092.853 655493.968 2.12756508539 2.13212248629 2.15172087416 1.06378254269 1.06606124314 1.07586043708
5848 131072 708811.633 717148.876 717960.474 2.13524026394 2.13765671718 2.16280044038 1.06762013197 1.06882835859 1.08140022019
6432 131072 780191.005 791383.464 791594.751 2.13001691316 2.13058559434 2.16115053518 1.06500845658 1.06529279717 1.08057526759
7072 131072 857540.782 867840.571 870528.22 2.12960628433 2.13620154433 2.16185912893 1.06480314217 1.06810077216 1.08092956447
7776 131072 939980.719 954816.894 954842.317 2.13483599094 2.13489283318 2.16858888996 1.06741799547 1.06744641659 1.08429444498
8552 65536 517224.354 524507.518 525773.084 2.13196106479 2.1371051997 2.16719830637 1.06598053239 1.06855259985 1.08359915318
9400 65536 567896.111 576734.135 577958.337 2.13177442235 2.1362994233 2.16954611263 1.06588721117 1.06814971165 1.08477305632
10336 65536 626891.265 633881.801 634610.304 2.13479072663 2.13724418316 2.16107683683 1.06739536331 1.06862209158 1.08053841841
11368 65536 685803.18 696660.407 697819.496 2.13526062906 2.13881323099 2.17267364669 1.06763031453 1.0694066155 1.08633682334
12504 65536 754496.555 766986.981 768832.792 2.13170445519 2.13683455991 2.17220910704 1.06585222759 1.06841727995 1.08610455352
13752 65536 830040.073 843574.798 844826.965 2.1335755352 2.13674252511 2.17158448445 1.0667877676 1.06837126256 1.08579224223
15120 65536 912029.683 927398.983 929205.877 2.13279821948 2.13695364814 2.17296506566 1.06639910974 1.06847682407 1.08648253283
16632 32768 509827.862 510742.209 523302.792 2.08291407702 2.1341387745 2.13796622986 1.04145703851 1.06706938725 1.06898311493
18288 32768 551952.391 560765.226 561362.308 2.13502465506 2.13729795007 2.17142345525 1.06751232753 1.06864897503 1.08571172763
20112 32768 606221.419 617168.811 618163.414 2.13221941343 2.13565560752 2.17422214176 1.06610970671 1.06782780376 1.08711107088
22120 32768 667265.525 679557.724 679957.361 2.13198121404 2.133234998 2.17253292083 1.06599060702 1.066617499 1.08626646042
24328 32768 733140.259 747364.569 754150.146 2.11411456519 2.13330933005 2.17469957273 1.0570572826 1.06665466503 1.08734978637
26760 32768 808721.153 822281.849 824253.394 2.12767502417 2.13277644658 2.1685389995 1.06383751208 1.06638822329 1.08426949975
29432 32768 887073.694 905213.669 906302.408 2.12826925646 2.13082901646 2.17440283152 1.06413462823 1.06541450823 1.08720141576
32368 32768 975432.813 993950.39 995627.309 2.13058564066 2.13418020592 2.17469539647 1.06529282033 1.06709010296 1.08734769824
35600 16384 538703.999 554177.803 555379.166 2.10044033233 2.10499372888 2.16545784358 1.05022016616 1.05249686444 1.08272892179
39160 16384 600885.912 611334.639 616854.903 2.08022157846 2.09900568059 2.13550501746 1.04011078923 1.04950284029 1.06775250873
43072 16384 649221.747 665310.008 670333.432 2.10549441311 2.12139195116 2.17396182818 1.05274720656 1.06069597558 1.08698091409
47376 16384 712891.151 731046.267 734078.121 2.11478414026 2.12355474349 2.17763506508 1.05739207013 1.06177737175 1.08881753254
52112 16384 786877.186 803783.409 808430.711 2.11224783122 2.12446039179 2.17010487327 1.05612391561 1.0622301959 1.08505243663
57320 16384 865336.761 885429.829 890820.05 2.10846372396 2.12129939435 2.17055583982 1.05423186198 1.06064969718 1.08527791991
63048 16384 950799.052 973548.937 977626.323 2.11323776314 2.12208835682 2.17286382402 1.05661888157 1.06104417841 1.08643191201
69352 8192 522638.491 534528.005 540054.235 2.10397973826 2.12573178088 2.17409009778 1.05198986913 1.06286589044 1.08704504889
76280 8192 575798.485 588025.934 600139.153 2.08246956352 2.12536802841 2.17050157747 1.04123478176 1.06268401421 1.08525078874
83904 8192 631728.999 648705.382 650978.497 2.11171819397 2.11911782166 2.17606463876 1.05585909699 1.05955891083 1.08803231938
92288 8192 695046.51 710867.96 712800.795 2.12127512007 2.12704282241 2.17546102346 1.06063756004 1.06352141121 1.08773051173
101512 8192 765734.634 780876.539 782361.076 2.12583762028 2.12987908451 2.17199605993 1.06291881014 1.06493954225 1.08599802997
111656 8192 841000.55 858984.789 860233.818 2.12659845 2.12969068536 2.17523270823 1.063299225 1.06484534268 1.08761635412
122816 8192 924982.084 942263.158 943765.681 2.13211540164 2.13551525061 2.17541223642 1.06605770082 1.06775762531 1.08770611821
135096 4096 508689.107 518107.774 518650.707 2.13381841973 2.13605448043 2.17560473926 1.06690920986 1.06802724022 1.08780236963
148600 4096 560614.791 567941.985 570796.54 2.13268847075 2.14340765809 2.17142183821 1.06634423537 1.07170382905 1.0857109191
163456 4096 615647.348 624201.535 637902.045 2.09911782302 2.14519105917 2.1749976774 1.04955891151 1.07259552958 1.0874988387
179800 4096 677144.175 686664.212 689614.291 2.13586292979 2.1450391243 2.17519644173 1.06793146489 1.07251956215 1.08759822087
197776 4096 745497.712 753643.912 758578.027 2.13581323784 2.14979643065 2.17328767872 1.06790661892 1.07489821533 1.08664383936
217552 4096 818926.971 829087.216 833802.646 2.13741943918 2.14957600311 2.17624531504 1.06870971959 1.07478800156 1.08812265752
239304 4096 901905.259 912619.892 915039.124 2.14239841399 2.14807762266 2.1735967813 1.071199207 1.07403881133 1.08679839065
263232 2048 496094.118 500750.116 503915.878 2.13963941021 2.15316629502 2.17337443215 1.06981970511 1.07658314751 1.08668721607
289552 2048 545746.006 551143.977 554219.662 2.13995473874 2.15189685725 2.17318125824 1.06997736937 1.07594842863 1.08659062912
318504 2048 599670.224 606757.898 607805.152 2.1463990223 2.15010367117 2.17551636181 1.07319951115 1.07505183558 1.0877581809
350352 2048 660454.832 665130.829 668054.875 2.14808969398 2.15753311895 2.17280837761 1.07404484699 1.07876655947 1.0864041888
385384 2048 725905.787 731562.032 745461.499 2.11752433374 2.15775668358 2.17456988533 1.05876216687 1.07887834179 1.08728494267
423920 2048 798380.559 805306.098 806210.358 2.15375094449 2.1561693427 2.17487299813 1.07687547224 1.07808467135 1.08743649906
466312 2048 880902.101 883844.065 886809.486 2.1538041509 2.16103046639 2.16824769725 1.07690207545 1.08051523319 1.08412384863
512936 2048 967111.166 973215.073 975144.284 2.15453845187 2.15880940841 2.17243470023 1.07726922594 1.07940470421 1.08621735012
564224 1024 531177.893 534417.696 536878.817 2.15231205891 2.16222396947 2.17541198011 1.07615602945 1.08111198473 1.08770599005
620640 1024 584899.993 587853.581 589213.769 2.15723186876 2.16222331731 2.1731419648 1.07861593438 1.08111165865 1.0865709824
682704 1024 647023.276 647380.716 648197.209 2.15702531974 2.15974581486 2.1609389397 1.07851265987 1.07987290743 1.08046946985
750968 1024 707218.855 712319.635 721922.364 2.13039869755 2.15911844688 2.17469097879 1.06519934878 1.07955922344 1.0873454894
826064 1024 778762.073 781699.386 783310.877 2.15977988009 2.16423231526 2.17239530616 1.07988994004 1.08211615763 1.08619765308
908664 1024 856705.138 860061.889 861566.76 2.15995319039 2.16373251251 2.17221047179 1.0799765952 1.08186625625 1.0861052359
999528 1024 941829.457 944922.892 948287.355 2.15866354561 2.16634961575 2.17346498221 1.0793317728 1.08317480788 1.0867324911
1099480 512 519886.833 520977.663 526982.447 2.13644216503 2.16106677879 2.16560114343 1.06822108251 1.08053338939 1.08280057172
1209424 512 569148.096 572911.619 583521.921 2.12237129648 2.16167753442 2.17597174567 1.06118564824 1.08083876721 1.08798587284
1330360 512 626667.904 628875.262 631368.792 2.15767497105 2.16623028813 2.17386055885 1.07883748552 1.08311514406 1.08693027942
1463392 512 690847.136 693627.815 700208.248 2.14009676733 2.16039982191 2.16909549148 1.07004838366 1.08019991096 1.08454774574
1609728 512 757844.472 761320.649 767150.042 2.14868198104 2.16513432831 2.17506564065 1.07434099052 1.08256716415 1.08753282032
1770696 512 833953.69 835473.389 838627.867 2.16209450622 2.1702578776 2.17421269999 1.08104725311 1.0851289388 1.08710634999
1947760 512 921275.844 925272.475 929215.526 2.14644093237 2.15558799585 2.1649392557 1.07322046618 1.07779399792 1.08246962785
2142536 256 504313.203 505523.477 508597.031 2.15687148201 2.169985138 2.17519276805 1.07843574101 1.084992569 1.08759638403
2356784 256 555107.997 556053.766 557883.958 2.16294695464 2.17006606516 2.17376332988 1.08147347732 1.08503303258 1.08688166494
2592456 256 611822.171 612687.084 614385.131 2.16043228429 2.16641986858 2.16948246552 1.08021614214 1.08320993429 1.08474123276
2851696 256 671274.136 673443.806 675877.685 2.16025530122 2.16806263417 2.17507017431 1.08012765061 1.08403131708 1.08753508716
3136864 256 739593.676 740545.391 743772.979 2.15936100577 2.16877235011 2.17156314354 1.07968050289 1.08438617505 1.08578157177
3450544 256 813645.888 814828.962 818049.451 2.15962314484 2.16815873072 2.17131132112 1.07981157242 1.08407936536 1.08565566056
3795592 256 894331.128 896335.818 901657.688 2.15530032058 2.16809711826 2.17295702135 1.07765016029 1.08404855913 1.08647851068
4175144 256 984518.023 986324.225 993626.771 2.15138499725 2.16731341867 2.17128958339 1.07569249863 1.08365670933 1.0856447917
4592656 128 540909.103 542703.507 544949.452 2.15748438995 2.16641300606 2.17359983309 1.07874219497 1.08320650303 1.08679991655
5051920 128 595070.378 599555.912 618228.752 2.09193039925 2.15708242403 2.17334212526 1.04596519963 1.07854121202 1.08667106263
5557112 128 655817.233 656434.293 659145.441 2.15828037867 2.16719432115 2.16923343946 1.07914018933 1.08359716058 1.08461671973
6112816 128 720042.796 722212.052 725019.033 2.15839974507 2.16678867608 2.17331650937 1.07919987254 1.08339433804 1.08665825469
6724096 128 792652.015 793331.36 797042.214 2.15969561682 2.16979771983 2.17165735206 1.07984780841 1.08489885992 1.08582867603
7396504 128 872173.022 874402.448 877161.862 2.15867231127 2.16548458702 2.17101994242 1.07933615563 1.08274229351 1.08550997121
8136152 128 957858.404 960407.673 994346.118 2.09469808781 2.16871956624 2.17449145229 1.04734904391 1.08435978312 1.08724572614
8949760 64 526943.514 528219.254 529989.836 2.16149292342 2.16873821112 2.17398876647 1.08074646171 1.08436910556 1.08699438323
9844736 64 579807.412 581904.157 583871.755 2.15822429705 2.16552192116 2.17335305124 1.07911214852 1.08276096058 1.08667652562
10829208 64 637498.844 639335.928 643078.741 2.1554726282 2.16809123857 2.17433903927 1.0777363141 1.08404561929 1.08716951964
11912128 64 701339.878 706477.041 710300.549 2.14662988244 2.15824760822 2.17405630541 1.07331494122 1.07912380411 1.0870281527
13103336 64 772305.174 774227.282 788228.959 2.12784241032 2.16632382634 2.17171535873 1.06392120516 1.08316191317 1.08585767936
14413664 64 848320.973 850935.076 853879.92 2.16066562615 2.16814307464 2.17482421244 1.08033281307 1.08407153732 1.08741210622
15855024 64 935747.232 940234.556 940894.958 2.15692841666 2.15844340016 2.16879409588 1.07846420833 1.07922170008 1.08439704794
17440520 32 513252.703 514869.649 516666.231 2.16037591201 2.16791431029 2.17474408508 1.080187956 1.08395715514 1.08737204254
19184568 32 564486.74 566368.434 568344.409 2.16033153939 2.16786861395 2.17509511738 1.0801657697 1.08393430697 1.08754755869
21103024 32 621838.527 622606.451 625613.139 2.15883179525 2.1692572151 2.17193608527 1.07941589763 1.08462860755 1.08596804263
23213320 32 682769.663 686410.271 688336.956 2.15832154158 2.16437973435 2.17592046119 1.07916077079 1.08218986717 1.08796023059
25534648 32 751981.432 753200.378 756719.319 2.15960849811 2.169698157 2.17321519183 1.07980424906 1.0848490785 1.08660759592
28088112 32 827596.31 828965.885 832485.926 2.15936283348 2.16853214412 2.17212081093 1.07968141674 1.08426607206 1.08606040547
30896920 32 911390.426 911939.829 916930.919 2.15654509956 2.16834797332 2.16965509357 1.07827254978 1.08417398666 1.08482754678
33986608 16 500601.978 501326.826 504114.094 2.15739148924 2.16938611619 2.17252728474 1.07869574462 1.0846930581 1.08626364237
37385264 16 552707.768 553964.893 559057.169 2.13990359902 2.15957448408 2.16448640179 1.06995179951 1.07978724204 1.0822432009
41123784 16 604807.819 608011.667 608902.702 2.16120093354 2.16436815184 2.1758334576 1.08060046677 1.08218407592 1.0879167288
45236160 16 666194.249 667737.455 669760.303 2.16130623675 2.16785371131 2.17287543712 1.08065311837 1.08392685565 1.08643771856
49759776 16 734127.792 736340.913 736975.734 2.16060415362 2.16246687355 2.16898590321 1.08030207681 1.08123343677 1.0844929516
54735752 16 807288.832 811871.131 826686.749 2.11875183208 2.15741636464 2.1696622009 1.05937591604 1.07870818232 1.08483110045
60209320 16 886608.088 891510.921 892101.014 2.15973102795 2.16116055857 2.17311150899 1.07986551397 1.08058027929 1.0865557545
66230248 16 975304.574 978507.025 980953.05 2.1605192379 2.16592000042 2.17303188409 1.08025961895 1.08296000021 1.08651594204
72853272 8 536098.712 537865.727 551122.12 2.11505274366 2.16718094031 2.1743241047 1.05752637183 1.08359047015 1.08716205235
80138592 8 589131.797 591489.703 593317.28 2.16109915423 2.16777648959 2.17645266905 1.08054957712 1.0838882448 1.08822633452
88152448 8 650343.583 650806.937 652273.363 2.16234365529 2.16721594042 2.16876002911 1.08117182765 1.08360797021 1.08438001456
96967688 8 713508.671 714674.316 718909.477 2.15810621175 2.17089515219 2.17444170065 1.07905310588 1.0854475761 1.08722085033
106664456 8 784672.455 786902.979 789968.193 2.16037976101 2.16879506311 2.17496011887 1.08018988051 1.08439753155 1.08748005943
117330896 8 862994.894 866281.199 869297.452 2.15955347813 2.16707269899 2.17532496316 1.07977673907 1.08353634949 1.08766248158
129063984 8 949048.666 951555.531 956782.691 2.15829964675 2.17015578884 2.17588814776 1.07914982337 1.08507789442 1.08794407388
141970376 4 522182.862 523003.822 525715.112 2.16041536961 2.17161512063 2.17502926781 1.0802076848 1.08580756031 1.08751463391
156167408 4 574988.23 577124.993 582178.006 2.14597468665 2.16476374989 2.17280841383 1.07298734332 1.08238187494 1.08640420692
171784144 4 632555.2 633235.514 637130.709 2.15697208216 2.17024017386 2.1725742702 1.07848604108 1.08512008693 1.0862871351
188962552 4 695533.32 698607.734 699666.754 2.16060061073 2.16387586685 2.17344068577 1.08030030537 1.08193793343 1.08672034289
207858800 4 765802.759 766577.239 769390.683 2.16128221558 2.16921441885 2.17140821244 1.08064110779 1.08460720942 1.08570410622
228644680 4 841713.68 843409.205 848041.112 2.15692071306 2.1687662752 2.17313497863 1.07846035653 1.0843831376 1.08656748932
251509144 4 926454.652 927680.36 933731.447 2.1548735008 2.16892934114 2.17179885454 1.0774367504 1.08446467057 1.08589942727
276660056 2 509515.996 510492.869 512563.462 2.15903064897 2.16778782075 2.17194402666 1.07951532448 1.08389391038 1.08597201333
304326056 2 560352.655 562592.942 563988.897 2.158383313 2.16373888317 2.17238949997 1.0791916565 1.08186944158 1.08619474998
334758656 2 617248.146 618704.475 621370.587 2.15496943694 2.16425559877 2.16936192142 1.07748471847 1.08212779938 1.08468096071
368234520 2 677245.567 682132.017 684447.216 2.15201120783 2.15931526932 2.1748951219 1.07600560391 1.07965763466 1.08744756095
405057968 2 746794.743 748259.204 750297.066 2.15945382892 2.1653350381 2.16958124998 1.07972691446 1.08266751905 1.08479062499
445563760 2 819200.503 823300.878 824389.489 2.16190898087 2.16476756873 2.17560296103 1.08095449043 1.08238378436 1.08780148051
490120136 2 901705.13 903538.804 907084.779 2.16129802791 2.16978013044 2.17419251458 1.08064901396 1.08489006522 1.08709625729
539132144 1 495491.749 498017.242 499149.516 2.1602030122 2.16511437168 2.17614983534 1.0801015061 1.08255718584 1.08807491767
593045352 1 545759.894 546439.347 549273.727 2.15938000617 2.17058070674 2.17328300786 1.07969000309 1.08529035337 1.08664150393
652349880 1 600793.879 601737.339 603528.068 2.16178804131 2.16822137408 2.17162625254 1.08089402066 1.08411068704 1.08581312627
717584864 1 659946.874 664168.136 664385.832 2.16014499238 2.16085302834 2.17467463601 1.08007249619 1.08042651417 1.087337318
789343344 1 726355.113 729082.976 730901.236 2.15991793452 2.16530455376 2.17343646344 1.07995896726 1.08265227688 1.08671823172
868277672 1 797609.849 801038.387 854966.283 2.03113898002 2.16788030659 2.17719897288 1.01556949001 1.0839401533 1.08859948644
955105432 1 877742.331 881179.153 884725.553 2.15909991242 2.16778944156 2.17627747522 1.07954995621 1.08389472078 1.08813873761
1050615968 1 967230.42 968999.243 972656.315 2.16030256895 2.16845570436 2.17242126855 1.08015128448 1.08422785218 1.08621063428

META_DATA
ERT_VERSION  1.1.0
FLOPS          8
MPI_PROCS      1
OPENMP_THREADS 1
TIMESTAMP_DATA  1535288915.42
HOSTNAME  ('atajo-Inspiron-15-7568', [], ['127.0.1.1'])
TIMESTAMP_DATA  1535288383.78
UNAME  ('Linux', 'atajo-Inspiron-15-7568', '4.15.0-33-generic', '#36-Ubuntu SMP Wed Aug 15 16:00:05 UTC 2018', 'x86_64', 'x86_64')
TIMESTAMP_DATA  1535288650.27
CONFIG  {'ERT_WORKING_SET_MIN': ['1'], 'ERT_CFLAGS': [], 'ERT_CC': ['mpicc'], 'ERT_MPI_CFLAGS': ['-I/usr/include/mpi'], 'ERT_MPI_LDFLAGS': ['-lmpi'], 'ERT_MEMORY_MAX': ['1073741824'], 'ERT_PROCS_THREADS': ['1-4'], 'ERT_LDFLAGS': [], 'ERT_LDLIBS': [], 'ERT_RUN': ['export', 'OMP_NUM_THREADS=ERT_OPENMP_THREADS;', 'mpirun', '-np', 'ERT_MPI_PROCS', 'ERT_CODE'], 'ERT_FLOPS': ['1,2,4,8,16'], 'ERT_OPENMP_CFLAGS': ['-fopenmp'], 'ERT_MPI': ['True'], 'ERT_TRIALS_MIN': ['1'], 'ERT_DRIVER': ['driver1'], 'ERT_RESULTS': ['Results/myLaptop'], 'ERT_OPENMP': ['True'], 'ERT_MPI_PROCS': ['1,2,4'], 'ERT_KERNEL': ['kernel1'], 'ERT_GPU': [False], 'ERT_OPENMP_THREADS': ['1,2,4'], 'ERT_LD': ['mpicc'], 'ERT_NUM_EXPERIMENTS': ['3'], 'ERT_OPENMP_LDFLAGS': ['-fopenmp'], 'ERT_ALIGN': ['64'], 'ERT_GNUPLOT': ['gnuplot']}
