32 33554432 265030.275 272986.729 284375.46 7.55157863481 7.86662287895 8.10278617415 0.471973664676 0.491663929934 0.506424135884
64 16777216 211717.455 215201.465 256557.152 8.37039089053 9.97894530132 10.1431582389 0.523149430658 0.623684081333 0.633947389931
96 8388608 147524.93 149148.506 159270.436 10.1124400513 10.7987185336 10.9175631264 0.632027503208 0.67491990835 0.682347695403
128 8388608 188287.691 190534.816 207593.129 10.3446759454 11.2708201739 11.4053321096 0.646542246589 0.704426260868 0.712833256848
160 4194304 114793.017 115978.125 127105.329 10.5595673333 11.5726761404 11.6921509259 0.659972958333 0.723292258777 0.730759432867
192 4194304 135008.34 136561.701 154441.872 10.428601487 11.7940295427 11.929727719 0.65178759294 0.737126846421 0.74560798244
224 4194304 155637.25 157261.02 175997.603 10.6765555892 11.9485947122 12.0732549052 0.667284724327 0.74678716951 0.754578431577
256 4194304 175641.391 177177.985 193510.851 11.0974843886 12.1204880392 12.2265238038 0.693592774288 0.757530502449 0.76415773774
288 2097152 97694.681 101710.396 107306.177 11.2571296991 11.876461006 12.3646399132 0.703570606192 0.742278812876 0.772789994575
320 2097152 107780.246 108922.649 116743.944 11.4967614937 12.3222974498 12.4529060733 0.718547593355 0.770143590614 0.778306629584
352 2097152 117939.783 119921.024 126975.88 11.6273658273 12.3113942723 12.5182103142 0.726710364205 0.769462142018 0.782388144635
384 2097152 129393.476 132598.532 137225.795 11.7369532164 12.1465351969 12.4474029587 0.733559576026 0.759158449808 0.777962684919
416 2097152 138167.898 139734.004 147359.247 11.8406581163 12.4867993048 12.6283347236 0.740041132268 0.780424956548 0.789270920225
448 2097152 148358.895 149900.832 157885.99 11.9012978416 12.5352752679 12.6655580173 0.743831115098 0.783454704241 0.791597376079
480 2097152 160044.743 162719.511 167427.618 12.0246942771 12.3726153528 12.579394251 0.751543392321 0.77328845955 0.786212140689
512 2097152 170177.728 177761.993 179377.629 11.9718588097 12.080668155 12.6190640411 0.748241175604 0.755041759686 0.788691502568
544 1048576 91127.439 94421.219 95149.888 11.9900371086 12.0825668222 12.5192883781 0.749377319288 0.755160426387 0.782455523632
576 1048576 99149.01 99970.25 100032.092 12.0757201799 12.0831902691 12.1832739631 0.754732511242 0.755199391819 0.761454622694
608 1048576 111778.17 112010.096 115546.162 11.0351429587 11.3835132862 11.4071326807 0.689696434919 0.711469580385 0.712945792546
640 1048576 115394.831 115976.236 117199.264 11.452096491 11.5728646341 11.6311733235 0.715756030686 0.723304039631 0.72694833272
704 1048576 115704.519 118508.819 120608.921 12.2411758248 12.4581024472 12.7600462001 0.76507348905 0.778631402951 0.797502887506
768 1048576 130539.599 130890.116 168512.506 9.5578231802 12.3050753198 12.3381161604 0.597363948762 0.769067207489 0.771132260028
832 1048576 136060.913 139348.625 140486.54 12.4199120001 12.5213324782 12.8238920755 0.776244500007 0.782583279885 0.801493254716
896 1048576 146321.957 149573.323 150577.49 12.478944841 12.5627227791 12.841874388 0.77993405256 0.785170173695 0.80261714925
960 1048576 156571.216 160531.29 160879.838 12.5140971363 12.541267936 12.8584676765 0.782131071017 0.783829245999 0.803654229779
1056 524288 95051.296 95267.638 95614.732 11.5808122121 11.6230052434 11.6494598453 0.723800763255 0.726437827712 0.728091240334
1152 524288 93555.637 98544.159 102372.52 11.7996465458 12.2580532855 12.911670432 0.737477909111 0.766128330346 0.806979402
1248 524288 101235.196 103308.369 107001.429 12.229956742 12.6671523388 12.9265601264 0.764372296374 0.791697021177 0.807910007899
1344 524288 117142.361 118571.632 119114.215 11.8313850618 11.8855254012 12.0305424269 0.739461566363 0.742845337576 0.751908901682
1472 524288 119017.168 120277.253 120844.132 12.7726836749 12.8328826399 12.9687497857 0.798292729679 0.802055164994 0.810546861609
1600 524288 130297.098 130885.24 133636.465 12.5543697972 12.8182643054 12.8761240715 0.784648112325 0.80114151909 0.804757754467
1760 524288 143003.122 143560.147 146769.188 12.574122574 12.85519553 12.9052690192 0.785882660876 0.803449720625 0.806579313702
1920 524288 156747.511 157827.013 158354.299 12.7136802266 12.7561555005 12.8440056697 0.794605014165 0.797259718778 0.802750354358
2112 262144 85869.149 86513.95 86549.624 12.7937731538 12.7990486621 12.8951581435 0.799610822111 0.799940541381 0.805947383967
2304 262144 93435.929 93773.712 94213.254 12.8215458093 12.8816437596 12.9282125723 0.801346613078 0.805102734975 0.808013285767
2528 262144 107988.721 108176.269 108601.46 12.2042564069 12.2522257077 12.2735046005 0.762766025429 0.765764106728 0.767094037534
2752 262144 116888.908 117265.145 117733.506 12.255139807 12.3040872546 12.3436911225 0.765946237938 0.769005453411 0.771480695157
3008 262144 126768.394 127918.961 129573.572 12.1711416893 12.3285734317 12.440469223 0.760696355581 0.770535839484 0.777529326434
3296 262144 137455.858 137660.004 139348.526 12.4009438607 12.553052432 12.5716959113 0.775058991295 0.784565776999 0.785730994455
3616 262144 151613.89 151857.154 152484.687 12.4328904449 12.4842679983 12.5042989663 0.777055652808 0.780266749896 0.781518685392
3968 262144 164302.237 164575.328 165391.01 12.5785239718 12.6408667039 12.6618774156 0.786157748236 0.790054168994 0.791367338474
4352 131072 89789.065 89994.004 90389.481 12.6214983799 12.676963323 12.7058978507 0.788843648743 0.792310207689 0.794118615669
4768 131072 98201.605 98404.937 98823.922 12.6477736028 12.7016248382 12.7279242737 0.790485850177 0.793851552387 0.795495267109
5216 131072 107361.461 107367.99 107709.2 12.6947661295 12.7351094493 12.7358839128 0.793422883096 0.79594434058 0.795992744547
5728 131072 117438.33 117447.713 118189.41 12.704698602 12.784930363 12.7859518438 0.794043662626 0.799058147688 0.799121990239
6272 131072 128632.115 128783.643 129214.552 12.7243189142 12.7668943796 12.7819337185 0.795269932136 0.797930898724 0.798870857406
6880 131072 140662.656 140699.038 141363.661 12.758234381 12.8185007207 12.8218161898 0.797389648815 0.801156295042 0.801363511862
7552 131072 154202.312 154229.231 155034.071 12.7695252742 12.8361626079 12.8384034086 0.798095329639 0.802260162991 0.80240021304
8288 65536 84320.531 84428.011 84841.906 12.8041057446 12.8668758524 12.8832767431 0.800256609039 0.804179740773 0.805204796445
9088 65536 92623.863 92951.369 141071.889 8.44379659508 12.815113417 12.8604260006 0.527737287193 0.800944588562 0.803776625037
9984 65536 101088.508 101111.366 101659.224 12.8726425061 12.9423911452 12.9453176616 0.804540156632 0.808899446577 0.809082353852
10976 65536 111191.725 111266.28 111901.691 12.8563407679 12.9297597799 12.9384292941 0.803521297994 0.808109986242 0.80865183088
12064 65536 122046.785 122131.235 123002.77 12.8554227519 12.9471597335 12.9561184918 0.803463921991 0.809197483347 0.809757405736
13248 65536 133766.434 134569.513 138237.262 12.5613154578 12.903679424 12.9811478416 0.78508221611 0.806479964002 0.811321740101
14560 65536 146955.451 147596.066 147862.18 12.9066697109 12.9299402872 12.986305081 0.806666856934 0.808121267948 0.811644067562
16000 65536 161624.693 161694.529 162868.398 12.8763592308 12.9698389486 12.9754430531 0.804772451928 0.810614934288 0.81096519082
17600 32768 88495.878 89226.864 89726.132 12.8550465098 12.9269767903 13.0337550863 0.803440406859 0.807936049394 0.814609692894
19360 32768 97102.441 97988.586 98763.148 12.8466638184 12.9482117438 13.0663755404 0.802916488648 0.809263233985 0.816648471278
21280 32768 106505.192 108233.876 108969.569 12.7981242176 12.8851163013 13.0942544097 0.7998827636 0.805319768831 0.818390900605
23392 32768 117200.572 117918.758 118703.212 12.9147146583 13.0006297387 13.0802954784 0.807169666142 0.812539358666 0.817518467401
25728 32768 128627.054 129611.18 130189.743 12.9511754855 13.0089874037 13.1085192078 0.809448467841 0.813061712732 0.819282450487
28288 32768 141147.654 142362.365 143012.138 12.9631120402 13.0222785214 13.1343477236 0.810194502511 0.81389240759 0.820896732722
31104 32768 155340.726 156507.041 156924.354 12.9899004969 13.0245369855 13.1223266203 0.811868781056 0.814033561595 0.820145413766
34208 16384 85225.276 86000.504 86256.13 12.9953400877 13.0339671498 13.1525270038 0.812208755482 0.814622946861 0.82203293774
37600 16384 93757.67 94562.782 94922.422 12.9798289386 13.0291936631 13.141077418 0.811239308664 0.814324603944 0.821317338624
41344 16384 103716.645 103879.685 104685.366 12.9412566796 13.0416278409 13.0621289572 0.808828542473 0.815101740056 0.816383059826
45472 16384 114100.874 114782.644 114885.038 12.9697175711 12.9812874497 13.0588526079 0.810607348191 0.811330465606 0.816178287995
50016 16384 125574.679 126056.599 157461.217 10.4084314806 13.001495368 13.0513914194 0.650526967539 0.812593460498 0.815711963715
55008 16384 138462.158 138914.723 139024.532 12.9653530788 12.9756019022 13.0180127916 0.810334567427 0.810975118886 0.813625799477
60480 16384 151794.436 152380.828 152652.918 12.9824484587 13.0056298158 13.0558714286 0.811403028667 0.81285186349 0.81599196429
66528 8192 83679.681 84065.141 96494.664 11.2959070151 12.9660729648 13.0257995606 0.705994188445 0.810379560298 0.814112472537
73152 8192 92520.032 92697.909 92845.829 12.9087367834 12.9293355258 12.9541931849 0.806796048964 0.808083470362 0.809637074055
80448 8192 101007.745 101841.041 102192.262 12.8978457488 12.9423267777 13.0490986805 0.806115359302 0.808895423604 0.815568667531
88480 8192 111050.844 112159.837 112210.039 12.9191321286 12.9249146466 13.053987415 0.80744575804 0.807807165412 0.815874213437
97312 8192 122056.476 123401.385 124106.252 12.8467323951 12.9201127524 13.0624761606 0.802920774692 0.807507047024 0.816404760039
107040 8192 134949.488 135953.193 136564.303 12.8418870926 12.8996114126 12.9955540105 0.802617943285 0.806225713286 0.812222125659
117728 8192 148161.649 148926.95 149423.166 12.9086781095 12.9516890798 13.0185885823 0.806792381845 0.809480567486 0.813661786391
129472 8192 162490.896 163653.134 164115.164 12.9254920526 12.961983655 13.0546959874 0.80784325329 0.810123978438 0.815918499212
142400 4096 89283.911 90035.116 90113.934 12.9451767137 12.9565091025 13.0655208417 0.809073544609 0.809781818907 0.816595052607
156640 4096 98756.443 99035.451 99043.667 12.9558498677 12.9569246875 12.9935307613 0.809740616732 0.809807792969 0.812095672583
172288 4096 107865.761 108790.514 108840.908 12.9673972951 12.9734040598 13.084627438 0.810462330946 0.81083775374 0.817789214874
189504 4096 118696.497 119553.723 119659.315 12.973639102 12.9850976535 13.0788760177 0.810852443874 0.811568603347 0.817429751107
208448 4096 130552.561 131797.933 132033.504 12.9331265495 12.956242766 13.0798354542 0.808320409341 0.809765172873 0.817489715885
229280 4096 143979.585 144677.525 144766.416 12.9744302021 12.9824017932 13.0453338923 0.810901887631 0.811400112077 0.815333368269
252192 4096 158505.058 159054.389 159093.341 12.9858160688 12.9889962609 13.0340122269 0.811613504301 0.811812266306 0.814625764182
277408 2048 86993.783 87415.319 87565.313 12.9761789123 12.9984444488 13.0614295507 0.811011182019 0.812402778053 0.816339346916
305120 2048 95653.416 96014.986 96327.329 12.9742154482 13.0164214157 13.0656235006 0.810888465515 0.813526338482 0.816601468786
335616 2048 105466.171 105618.44 106046.668 12.9630016853 13.0155599344 13.0343514225 0.810187605329 0.813472495901 0.814646963907
369152 2048 115923.474 116118.503 116776.518 12.9482075497 13.0215818576 13.0434892936 0.809262971859 0.813848866102 0.815218080852
406048 2048 127932.242 127976.762 128415.802 12.951463777 12.9958953642 13.0004178931 0.809466486064 0.812243460262 0.812526118318
446624 2048 140168.602 140644.446 141248.439 12.9514486457 13.0070682208 13.0512245817 0.809465540359 0.812941763801 0.815701536354
491264 2048 154285.405 154506.536 156431.258 12.863268951 13.0235095297 13.0421755966 0.803954309439 0.813969345607 0.815135974786
540384 1024 84754.027 84912.265 85932.781 12.8787456791 13.0335285721 13.0578625131 0.804921604946 0.814595535757 0.816116407071
594400 1024 93551.63 93751.421 94395.374 12.8960895902 12.9846693204 13.0123996771 0.806005599385 0.811541832523 0.813274979816
653824 1024 102970.041 107517.854 108290.789 12.3651472518 12.4540390473 13.0040887524 0.772821703238 0.778377440457 0.812755547024
719200 1024 113057.941 113337.958 114225.607 12.8948458991 12.9958367522 13.0280242765 0.805927868696 0.812239797015 0.814251517282
791104 1024 124672.457 125610.396 126480.809 12.8096982049 12.8984625763 12.9955006181 0.800606137805 0.806153911019 0.812218788629
870208 1024 137117.177 138191.327 139331.229 12.7910016785 12.8965111103 12.9975399362 0.799437604903 0.806031944393 0.812346246014
957216 1024 150525.964 150811.801 152089.34 12.8896500438 12.998839315 13.0235230913 0.805603127741 0.812427457186 0.813970193209
1052928 512 82946.197 82986.586 83649.53 12.8894719671 12.9924403927 12.998766803 0.805591997947 0.812027524545 0.812422925188
1158208 512 91615.12 92012.958 93586.344 12.6728424395 12.8895431446 12.945515893 0.792052652468 0.805596446535 0.809094743313
1274016 512 100437.628 101153.926 102711.643 12.7015043854 12.8971008402 12.989079989 0.79384402409 0.80606880251 0.811817499314
1401408 512 111298.72 113753.023 113970.701 12.5913219749 12.6154167525 12.8936055329 0.786957623433 0.78846354703 0.805850345808
1541536 512 122117.552 125696.478 126947.17 12.4345652132 12.5582903285 12.9263389099 0.777160325827 0.784893145534 0.807896181869
1695680 512 133501.57 134841.209 136524.335 12.7184382184 12.8771933512 13.0064112355 0.794902388647 0.804824584449 0.812900702216
1865248 512 147238.939 147882.544 148869.75 12.8301011589 12.9157498941 12.9722067068 0.801881322431 0.807234368378 0.810762919176
2051744 512 162481.667 162668.77 163937.02 12.8158109498 12.9157296511 12.9306025399 0.800988184365 0.807233103195 0.808162658745
2256896 256 90836.388 91733.875 92867.74 12.4427573235 12.5965544571 12.7210116721 0.777672332717 0.78728465357 0.795063229507
2482560 256 99492.755 100569.996 103134.059 12.324451615 12.6386673019 12.7755103374 0.770278225935 0.78991670637 0.798469396088
2730816 256 107732.566 108578.966 108679.67 12.8651273233 12.8770593745 12.9782278833 0.804070457704 0.804816210904 0.811139242706
3003872 256 121708.268 122519.959 123360.806 12.4673509672 12.5529136359 12.6366309313 0.779209435451 0.784557102243 0.789789433204
3304256 256 135016.04 135263.521 136338.538 12.4086637338 12.5072825215 12.5302080553 0.775541483363 0.781705157594 0.783138003455
3634656 256 147226.628 148206.414 150691.658 12.3493489733 12.5564327601 12.6399952052 0.771834310828 0.784777047503 0.789999700326
3998112 256 162243.241 163898.855 165788.15 12.3472838318 12.4896134509 12.6170639306 0.771705239488 0.780600840683 0.788566495661
4397920 128 88681.077 90519.422 90628.343 12.4229074783 12.4378558228 12.6956906489 0.776431717393 0.777365988926 0.793480665554
4837696 128 98403.166 100271.209 101021.317 12.2592954911 12.3510047236 12.5854708374 0.766205968192 0.771937795225 0.786591927337
5321440 128 109952.978 110101.608 110941.62 12.2793288939 12.3730131171 12.3897384571 0.767458055868 0.77331331982 0.774358653569
5853568 128 120930.578 121084.076 121545.35 12.3288419343 12.3758090866 12.3915177847 0.770552620894 0.773488067911 0.774469861543
6438912 128 132042.284 133283.092 134457.085 12.2593872387 12.3673711891 12.4835879997 0.766211702418 0.772960699321 0.780224249983
7082784 128 146246.976 147727.52 147739.006 12.272945061 12.2738992978 12.3981551865 0.76705906631 0.767118706115 0.774884699154
7791040 128 160589.403 161165.476 163483.858 12.200019405 12.3755179428 12.4199119166 0.762501212811 0.773469871426 0.776244494788
8570144 64 88424.567 88587.371 89322.428 12.2811085252 12.3830114791 12.405810616 0.767569282823 0.773938217446 0.775363163497
9427136 64 97770.742 97783.172 98151.161 12.2940309183 12.3402972446 12.3418661178 0.768376932393 0.771268577788 0.771366632361
10369824 64 107008.277 107021.9 107895.617 12.3020518248 12.4024846503 12.4040635847 0.768878239048 0.775155290646 0.775253974045
11406784 64 117603.145 117708.378 118609.289 12.3098988647 12.4041158056 12.4152151883 0.769368679042 0.775257237849 0.775950949271
12547456 64 129532.921 129748.782 130413.712 12.3152262394 12.3783386884 12.3989666534 0.769701639963 0.773646168023 0.774935415839
13802176 64 142520.541 143328.721 143894.604 12.2775870595 12.32606079 12.3959572115 0.767349191218 0.770378799375 0.774747325721
15182368 64 157330.713 157720.953 160323.193 12.1214096828 12.3214009745 12.3519627347 0.757588105172 0.770087560909 0.771997670919
16700576 64 172293.263 172722.969 173498.49 12.320993272 12.3763141658 12.4071811676 0.770062079503 0.773519635365 0.775448822976
18370624 32 94873.932 94986.56 95608.168 12.2972750194 12.3777504523 12.3924444915 0.768579688714 0.773609403267 0.774527780719
20207680 32 104664.505 105416.742 107133.153 12.0718142217 12.2683692881 12.3565436057 0.754488388856 0.766773080504 0.772283975355
22228448 32 115736.269 116117.698 117506.958 12.1066930522 12.2515404327 12.2919175146 0.756668315761 0.765721277044 0.768244844665
24451264 32 127865.948 127884.067 128294.093 12.1976067597 12.2367151179 12.2384490983 0.762350422478 0.76479469487 0.764903068642
26896384 32 141017.208 141049.337 141534.664 12.1621695163 12.2040174921 12.2067980243 0.760135594769 0.762751093258 0.762924876516
29586016 32 156133.136 156147.454 161243.776 11.7431200817 12.1263906359 12.1275026718 0.733945005108 0.757899414742 0.757968916989
32544608 32 173625.685 173958.433 176653.928 11.7905949535 11.9732908378 11.9962372618 0.736912184596 0.748330677364 0.749764828862
35799040 16 95613.493 96015.805 96588.238 11.8603393511 11.9310490601 11.9812512236 0.741271209441 0.745690566256 0.748828201476
39378944 16 105994.613 106061.046 106104.094 11.8763203237 11.8811406782 11.8885872813 0.742270020231 0.742571292386 0.743036705082
43316832 16 117333.761 119128.188 181136.683 7.65244566171 11.6356896489 11.8136383952 0.478277853857 0.727230603054 0.738352399698
47648512 16 129540.765 129891.244 130593.828 11.6755317411 11.7386848955 11.7704444929 0.729720733816 0.733667805969 0.735652780806
52413344 16 143162.704 144369.297 186005.165 9.0170991112 11.6176156763 11.71553038 0.56356869445 0.726100979767 0.732220648752
57654656 16 157828.234 158289.996 159465.397 11.5695883039 11.6554996438 11.6896004298 0.723099268991 0.728468727739 0.730600026862
63420096 16 174820.598 174866.062 176430.808 11.5027703778 11.6057000929 11.6087182816 0.718923148615 0.725356255807 0.725544892599
69762080 8 96847.105 96961.338 97347.8 11.4660349797 11.5117355332 11.5253138439 0.716627186233 0.719483470824 0.720332115245
76738272 8 106657.388 106693.97 106784.684 11.4980192478 11.5077951641 11.5117421777 0.718626202986 0.719237197754 0.719483886105
84412096 8 117689.255 118057.944 121297.476 11.1345559738 11.4400902662 11.4759290132 0.695909748361 0.715005641636 0.717245563327
92853280 8 129920.526 130010.59 130112.445 11.4182196791 11.4271651255 11.4350867083 0.713638729946 0.714197820347 0.71469291927
102138592 8 143658.663 145118.978 184931.866 8.83686250157 11.2612250618 11.37569735 0.552303906348 0.703826566364 0.710981084378
112352448 8 157760.494 158063.974 160086.941 11.2291430942 11.3728582327 11.3947359217 0.701821443387 0.710803639544 0.712170995104
123587680 8 173990.032 174069.533 176344.167 11.2133160605 11.3598448041 11.3650354407 0.700832253782 0.709990300255 0.710314715041
135946432 4 96131.413 96150.729 105693.224 10.2898881767 11.3111098305 11.3133826089 0.643118011047 0.706944364405 0.707086413054
149541056 4 105834.303 107864.771 109173.665 10.9580313897 11.0910025295 11.3037872796 0.684876961857 0.693187658091 0.706486704977
164495136 4 116488.792 116510.724 116784.252 11.2683094293 11.2947636305 11.2968901592 0.704269339328 0.705922726907 0.706055634949
180944640 4 128046.287 128378.279 128558.46 11.2599133499 11.2757168212 11.3049519351 0.70374458437 0.704732301326 0.706559495942
199039104 4 141159.717 141310.096 141475.559 11.2550382784 11.2682170423 11.2802211979 0.703439892399 0.704263565145 0.705013824872
218943008 4 155579.745 156507.853 157449.267 11.1244980518 11.1914132769 11.2581754392 0.695281128238 0.699463329805 0.703635964952
240837280 4 171192.837 172500.179 173752.017 11.0887820082 11.1692535693 11.2545493945 0.693048875513 0.698078348081 0.703409337156
264920992 4 188438.413 188989.407 189049.3 11.2106627002 11.214215493 11.2470058639 0.70066641876 0.700888468315 0.702937866495
291413088 2 103624.334 103667.253 104933.836 11.1084507765 11.2441713103 11.2488284074 0.694278173534 0.702760706894 0.703051775464
320554368 2 114010.05 114226.623 114749.675 11.1740401182 11.2252068592 11.2465302138 0.698377507387 0.701575428698 0.702908138361
352609792 2 125600.143 125613.768 125697.432 11.2209067883 11.2283803795 11.2295984249 0.701306674268 0.701773773716 0.701849901556
387870752 2 138076.784 138262.491 138282.491 11.2196634352 11.2212863863 11.2363785066 0.7012289647 0.701330399146 0.702273656663
426657824 2 152128.044 152491.083 154942.497 11.0146107688 11.1916792931 11.2183871634 0.68841317305 0.699479955821 0.701149197711
469323584 2 167324.375 167345.382 167405.238 11.2140716648 11.2180827075 11.2194910992 0.700879479052 0.701130169221 0.701218193703
516255936 2 184070.369 184256.555 185216.269 11.1492567859 11.2073285208 11.2186646619 0.696828549116 0.700458032551 0.701166541368
567881504 1 101444.929 101573.398 101620.512 11.1765133401 11.1816974756 11.1958578827 0.698532083759 0.698856092222 0.699741117666
624669632 1 111371.105 111448.799 111575.158 11.1972887728 11.2099840932 11.2178043308 0.699830548302 0.700624005827 0.701112770678
687136576 1 122681.734 122757.777 122817.153 11.1895864578 11.1949986843 11.2019377881 0.699349153615 0.699687417767 0.700121111754
755850208 1 134872.325 135195.552 135348.623 11.1689382758 11.1815839622 11.2083810819 0.698058642237 0.698848997636 0.700523817618
831435200 1 148300.145 148352.802 148411.431 11.2044630848 11.2088910865 11.2128710326 0.700278942799 0.700555692908 0.700804439537
914578720 1 162873.416 163114.86 163599.932 11.1806735959 11.2139227536 11.2305463035 0.698792099742 0.700870172098 0.70190914397
1006036576 1 180915.665 182312.239 220030.943 9.1445008805 11.0364129311 11.1216082477 0.571531305031 0.689775808195 0.695100515481

META_DATA
ERT_VERSION  1.1.0
HOSTNAME  ('atajo-Inspiron-15-7568', [], ['127.0.1.1'])
TIMESTAMP_DATA  1535277144.81
UNAME  ('Linux', 'atajo-Inspiron-15-7568', '4.15.0-33-generic', '#36-Ubuntu SMP Wed Aug 15 16:00:05 UTC 2018', 'x86_64', 'x86_64')
FLOPS          1
TIMESTAMP_DATA  1535277101.9
TIMESTAMP_DATA  1535277058.67
MPI_PROCS      4
CONFIG  {'ERT_WORKING_SET_MIN': ['1'], 'ERT_CFLAGS': [], 'ERT_CC': ['mpicc'], 'ERT_MPI_CFLAGS': ['-I/usr/include/mpi'], 'ERT_MPI_LDFLAGS': ['-lmpi'], 'ERT_MEMORY_MAX': ['1073741824'], 'ERT_PROCS_THREADS': ['1-4'], 'ERT_LDFLAGS': [], 'ERT_LDLIBS': [], 'ERT_RUN': ['export', 'OMP_NUM_THREADS=ERT_OPENMP_THREADS;', 'mpirun', '-np', 'ERT_MPI_PROCS', 'ERT_CODE'], 'ERT_FLOPS': ['1,2,4,8,16'], 'ERT_OPENMP_CFLAGS': ['-fopenmp'], 'ERT_MPI': ['True'], 'ERT_TRIALS_MIN': ['1'], 'ERT_DRIVER': ['driver1'], 'ERT_RESULTS': ['Results/myLaptop'], 'ERT_OPENMP': ['False'], 'ERT_MPI_PROCS': ['1,2,4,8'], 'ERT_KERNEL': ['kernel1'], 'ERT_GPU': [False], 'ERT_OPENMP_THREADS': ['1,2,4,8'], 'ERT_LD': ['mpicc'], 'ERT_NUM_EXPERIMENTS': ['3'], 'ERT_OPENMP_LDFLAGS': ['-fopenmp'], 'ERT_ALIGN': ['64'], 'ERT_GNUPLOT': ['gnuplot']}
