8 134217728 4776210.066 4795438.425 4797146.477 0.447658552495 0.447818000708 0.449620853841 0.447658552495 0.447818000708 0.449620853841
16 67108864 2435638.84 2447757.245 3025074.122 0.709894555106 0.877327052095 0.881692151042 0.709894555106 0.877327052095 0.881692151042
24 33554432 1705681.791 1732077.845 2229522.568 0.722402526495 0.929873181306 0.944263311304 0.722402526495 0.929873181306 0.944263311304
32 33554432 2255363.608 2276599.704 3006055.07 0.714385996927 0.943285569363 0.952167375754 0.714385996927 0.943285569363 0.952167375754
40 16777216 1404753.206 1413315.123 1825192.192 0.735362163986 0.949665971982 0.955454149716 0.735362163986 0.949665971982 0.955454149716
48 16777216 1682976.218 1686182.809 2203571.401 0.730910164866 0.955182752074 0.957002671086 0.730910164866 0.955182752074 0.957002671086
56 16777216 1951367.662 1957078.218 2567138.957 0.731962010423 0.960129326829 0.962939085541 0.731962010423 0.960129326829 0.962939085541
64 16777216 2231420.563 2236689.278 2920976.954 0.73519362933 0.96011711109 0.962384090031 0.73519362933 0.96011711109 0.962384090031
72 8388608 1258718.213 1260234.381 1650493.287 0.731877894636 0.958519756493 0.959674325456 0.731877894636 0.958519756493 0.959674325456
80 8388608 1396778.417 1401636.648 1814516.779 0.739688547129 0.957578614911 0.960909234897 0.739688547129 0.957578614911 0.960909234897
88 8388608 1531651.439 1535561.123 2002272.844 0.737359552383 0.961469384635 0.963923625446 0.737359552383 0.961469384635 0.963923625446
96 8388608 1674963.388 1680226.821 2204341.36 0.730654863728 0.958568638395 0.961580860536 0.730654863728 0.958568638395 0.961580860536
104 8388608 1806364.394 1812454.699 2362726.293 0.738481841578 0.962689144707 0.965934929738 0.738481841578 0.962689144707 0.965934929738
112 8388608 1927998.342 1939332.988 2568399.127 0.731602877546 0.968914675111 0.974610896216 0.731602877546 0.968914675111 0.974610896216
120 8388608 2096075.995 2108989.145 2761565.57 0.729030641847 0.954611798156 0.96049280885 0.729030641847 0.954611798156 0.96049280885
128 8388608 2222916.519 2225671.96 2974181.691 0.722041849191 0.964869795098 0.966065810229 0.722041849191 0.964869795098 0.966065810229
136 4194304 1178019.739 1189550.133 1573550.074 0.725017085157 0.959060619936 0.968447853827 0.725017085157 0.959060619936 0.968447853827
144 4194304 1243819.83 1248824.355 1641766.286 0.735768277313 0.967277381454 0.971169234374 0.735768277313 0.967277381454 0.971169234374
152 4194304 1322820.234 1341148.223 1744968.574 0.73071139217 0.950728930728 0.963901506212 0.73071139217 0.950728930728 0.963901506212
160 4194304 1395519.132 1410153.743 1833413.776 0.732064576785 0.95179499871 0.961776337725 0.732064576785 0.95179499871 0.961776337725
176 4194304 1520715.712 1639571.139 2009345.104 0.734764279695 0.900476333647 0.97085536524 0.734764279695 0.900476333647 0.97085536524
192 4194304 1665613.939 1778642.113 2181851.161 0.738186345975 0.90552940596 0.966978420562 0.738186345975 0.90552940596 0.966978420562
208 4194304 1798464.217 2200785.246 2369973.086 0.736223746298 0.792821774488 0.970178026066 0.736223746298 0.792821774488 0.970178026066
224 4194304 1937588.521 2385750.69 2539725.893 0.739862595873 0.787612972251 0.969787017024 0.739862595873 0.787612972251 0.969787017024
240 4194304 2134695.288 2718798.155 2755629.203 0.730601170073 0.740498486913 0.943116299229 0.730601170073 0.740498486913 0.943116299229
264 2097152 1167734.028 1509092.371 1546269.299 0.716108285094 0.733749820275 0.948243546432 0.716108285094 0.733749820275 0.948243546432
288 2097152 1283921.601 1539798.187 1634066.064 0.739235443788 0.784492125136 0.940835913236 0.739235443788 0.784492125136 0.940835913236
312 2097152 1403708.115 1555887.394 1787888.074 0.731937791314 0.841078122393 0.932261368312 0.731937791314 0.841078122393 0.932261368312
336 2097152 1492541.987 1795934.251 1928600.226 0.730730052294 0.784709208155 0.944218759857 0.730730052294 0.784709208155 0.944218759857
368 2097152 1646293.579 2121220.897 2658921.17 0.580500049951 0.727648814974 0.93756295456 0.580500049951 0.727648814974 0.93756295456
400 2097152 1763222.557 2295756.211 2419477.988 0.693422964921 0.730792578045 0.951508698286 0.693422964921 0.730792578045 0.951508698286
440 2097152 1940678.553 2508244.883 2519967.481 0.73234824414 0.735770965789 0.95095282892 0.73234824414 0.735770965789 0.95095282892
480 2097152 2111276.565 2740959.909 3031398.045 0.664137764198 0.734511261325 0.953577543262 0.664137764198 0.734511261325 0.953577543262
528 1048576 1164702.887 1415791.126 1518712.958 0.729101737209 0.782104249465 0.950711351675 0.729101737209 0.782104249465 0.950711351675
576 1048576 1267551.161 1588923.543 1633786.003 0.739362162353 0.7602376825 0.952986821492 0.739362162353 0.7602376825 0.952986821492
632 1048576 1396309.742 1809852.465 1845385.736 0.718223858646 0.732324921302 0.949216369501 0.718223858646 0.732324921302 0.949216369501
688 1048576 1533021.329 1833114.852 1969196.134 0.732705366971 0.787097750272 0.941174495557 0.732705366971 0.787097750272 0.941174495557
752 1048576 1697508.386 2171736.804 2181644.301 0.722875999207 0.726173770733 0.929043012103 0.722875999207 0.726173770733 0.929043012103
824 1048576 1817152.217 2154261.741 2362927.537 0.731318764939 0.802155659691 0.950967801065 0.731318764939 0.802155659691 0.950967801065
904 1048576 1982192.591 2586899.585 2959466.372 0.640597043419 0.73285620323 0.956428460387 0.640597043419 0.73285620323 0.956428460387
992 1048576 2185836.885 2762593.932 2836585.678 0.733408054668 0.753051239237 0.951752071839 0.733408054668 0.753051239237 0.951752071839
1088 524288 1265410.64 1502249.425 1554711.757 0.733802058718 0.759428274036 0.901565588227 0.733802058718 0.759428274036 0.901565588227
1192 524288 1364086.732 1407731.32 1703245.617 0.733835789463 0.887884338611 0.916292610051 0.733835789463 0.887884338611 0.916292610051
1304 524288 1431457.281 1569161.312 1857991.243 0.735925483584 0.87138466488 0.95521055511 0.735925483584 0.87138466488 0.95521055511
1432 524288 1572467.072 1830986.028 2037679.863 0.736897320951 0.82008317324 0.954907647185 0.736897320951 0.82008317324 0.954907647185
1568 524288 1720667.541 1739261.461 2240659.943 0.73378701357 0.945324900751 0.955540293998 0.73378701357 0.945324900751 0.955540293998
1720 524288 1882709.216 2208154.063 2442603.391 0.73837231482 0.816768517297 0.957955006898 0.73837231482 0.816768517297 0.957955006898
1888 524288 2067646.635 2232062.654 2685884.825 0.737079814284 0.886942615366 0.957470901695 0.737079814284 0.886942615366 0.957470901695
2072 262144 1133343.805 1316558.087 1464763.646 0.741638242434 0.825124805906 0.958512969504 0.741638242434 0.825124805906 0.958512969504
2272 262144 1246941.668 1400082.869 1615362.539 0.737408666625 0.850794165385 0.955283127165 0.737408666625 0.850794165385 0.955283127165
2496 262144 1357354.137 1632173.636 1753872.436 0.746133425179 0.801766931616 0.96409832359 0.746133425179 0.801766931616 0.96409832359
2744 262144 1492507.038 1820595.933 1935587.972 0.743260597199 0.79020624287 0.963912554763 0.743260597199 0.79020624287 0.963912554763
3016 262144 1629036.301 2046367.965 2153419.117 0.734298583827 0.772711767896 0.970667508778 0.734298583827 0.772711767896 0.970667508778
3312 262144 1803694.444 2237949.364 2327227.998 0.746141700552 0.775907571428 0.962713979508 0.746141700552 0.775907571428 0.962713979508
3640 262144 2001968.61 2172629.508 2549523.574 0.748535271241 0.878386449679 0.953265855652 0.748535271241 0.878386449679 0.953265855652
4000 262144 2174238.184 2735842.263 2789915.444 0.751690164844 0.766547117267 0.964545658076 0.751690164844 0.766547117267 0.964545658076
4400 131072 1202865.016 1467435.296 1544357.985 0.746869321234 0.786020074033 0.958905267555 0.746869321234 0.786020074033 0.958905267555
4840 131072 1313514.073 1688164.381 1697379.928 0.747491436107 0.751571928824 0.965940895557 0.747491436107 0.751571928824 0.965940895557
5320 131072 1435942.312 1775160.337 1898733.733 0.734492707304 0.785622600354 0.971213166675 0.734492707304 0.785622600354 0.971213166675
5848 131072 1591354.03 2055999.435 2064782.935 0.742459696859 0.745631582336 0.963341961059 0.742459696859 0.745631582336 0.963341961059
6432 131072 1755127.147 1834465.954 2254633.339 0.747842311579 0.919128645764 0.960676957725 0.747842311579 0.919128645764 0.960676957725
7072 131072 1924633.301 2020612.602 2471236.307 0.750184174111 0.917485304291 0.963239265909 0.750184174111 0.917485304291 0.963239265909
7776 131072 2114219.415 2465574.939 2718194.738 0.749921157415 0.82675716392 0.964153355862 0.749921157415 0.82675716392 0.964153355862
8552 65536 1173308.927 1300284.001 1498526.061 0.748020186751 0.862063782326 0.955356017674 0.748020186751 0.862063782326 0.955356017674
9400 65536 1296158.763 1442918.903 1643663.32 0.749591954148 0.853878064414 0.950560097398 0.749591954148 0.853878064414 0.950560097398
10336 65536 1410581.943 1464678.841 1811501.351 0.747865957291 0.924953753736 0.960426438693 0.747865957291 0.924953753736 0.960426438693
11368 65536 1547108.241 1565832.305 1991209.288 0.748302303017 0.951587530313 0.963104233119 0.748302303017 0.951587530313 0.963104233119
12504 65536 1696528.389 1704661.263 2187339.815 0.749277399314 0.961436928012 0.966045896212 0.749277399314 0.961436928012 0.966045896212
13752 65536 1876220.888 1882864.639 2402899.614 0.750136265992 0.957319026904 0.960708920537 0.750136265992 0.957319026904 0.960708920537
15120 65536 2057370.375 2058034.388 2637664.241 0.751349853099 0.962961868643 0.963272663047 0.751349853099 0.962961868643 0.963272663047
16632 32768 1128709.762 1131064.266 1596774.816 0.682622709901 0.963689495606 0.965699765074 0.682622709901 0.963689495606 0.965699765074
18288 32768 1241047.293 1244049.118 1605640.465 0.746445044283 0.963404379022 0.965734645859 0.746445044283 0.963404379022 0.965734645859
20112 32768 1363306.912 1366045.028 1753071.177 0.751857682274 0.964873049558 0.96681093626 0.751857682274 0.964873049558 0.96681093626
22120 32768 1497860.806 1505151.227 1932287.343 0.75022813002 0.96313001245 0.967817779992 0.75022813002 0.96313001245 0.967817779992
24328 32768 1648843.661 1665898.749 2127010.583 0.749577750455 0.957056849318 0.966956325643 0.749577750455 0.957056849318 0.966956325643
26760 32768 1810979.079 2080867.635 2352643.502 0.745435234241 0.842794289508 0.968395151737 0.745435234241 0.842794289508 0.968395151737
29432 32768 1997756.735 2294406.167 2572893.585 0.749683377208 0.840677461446 0.965510724207 0.749683377208 0.840677461446 0.965510724207
32368 32768 2197422.692 2207695.583 2826507.293 0.750491340763 0.960852240832 0.965344198785 0.750491340763 0.960852240832 0.965344198785
35600 16384 1207818.256 1211626.244 1568289.125 0.743830191388 0.962789313765 0.965824778856 0.743830191388 0.962789313765 0.965824778856
39160 16384 1331750.725 1350021.973 1739773.981 0.737564128452 0.950499255318 0.963539839635 0.737564128452 0.950499255318 0.963539839635
43072 16384 1465412.163 1467859.221 1909201.537 0.739253173983 0.961524971747 0.963130600138 0.739253173983 0.961524971747 0.963130600138
47376 16384 1614107.985 1628050.761 2097803.222 0.740020203859 0.953543221863 0.96177999392 0.740020203859 0.953543221863 0.96177999392
52112 16384 1776233.508 1778283.228 2303800.443 0.741212643304 0.960255368275 0.961363474064 0.741212643304 0.960255368275 0.961363474064
57320 16384 1950551.941 1954406.614 2545469.188 0.737884303945 0.961039400166 0.962938602413 0.737884303945 0.961039400166 0.962938602413
63048 16384 2137913.048 2147702.398 2792087.892 0.739932603812 0.961938146516 0.966342792067 0.739932603812 0.961938146516 0.966342792067
69352 8192 1173896.756 1182894.053 1531975.056 0.741698217311 0.960578984329 0.967941313572 0.741698217311 0.960578984329 0.967941313572
76280 8192 1290826.919 1298807.741 1760280.884 0.709984145917 0.962245204235 0.968194497345 0.709984145917 0.962245204235 0.968194497345
83904 8192 1426775.287 1427517.049 1882557.034 0.730221242264 0.962988944309 0.963489589794 0.730221242264 0.962988944309 0.963489589794
92288 8192 1574591.084 1601714.138 2057279.166 0.734973948596 0.944017759554 0.960278898671 0.734973948596 0.944017759554 0.960278898671
101512 8192 1729082.953 1737464.823 2283323.803 0.728399802873 0.95724102496 0.961881328547 0.728399802873 0.95724102496 0.961881328547
111656 8192 1906206.741 1907405.972 2516253.653 0.727022055912 0.959088904436 0.959692285549 0.727022055912 0.959088904436 0.959692285549
122816 8192 2094683.427 2097020.396 3018961.809 0.666526266745 0.959560215932 0.960630765519 0.666526266745 0.959560215932 0.960630765519
135096 4096 1151722.16 1152272.63 1520081.054 0.728057513175 0.960455367234 0.96091442054 0.728057513175 0.960455367234 0.96091442054
148600 4096 1266642.662 1271670.748 1682186.584 0.72366003366 0.957269168859 0.961069160641 0.72366003366 0.957269168859 0.961069160641
163456 4096 1394178.948 1403651.383 1853792.823 0.722319956894 0.953963048245 0.960444535417 0.722319956894 0.953963048245 0.960444535417
179800 4096 1534707.815 1537920.032 2034150.412 0.724096699689 0.957736143201 0.959740730844 0.724096699689 0.957736143201 0.959740730844
197776 4096 1697536.303 1941313.245 2317833.018 0.699006778926 0.834579888729 0.954430835521 0.699006778926 0.834579888729 0.954430835521
217552 4096 1855371.106 2199446.17 2426594.745 0.73443906844 0.810288520951 0.960554995298 0.73443906844 0.810288520951 0.960554995298
239304 4096 2044420.961 2093770.472 2670780.833 0.734009449139 0.936290961314 0.958891737757 0.734009449139 0.936290961314 0.958891737757
263232 2048 1115983.801 1125746.564 1513890.774 0.712203476312 0.957762880634 0.96614150764 0.712203476312 0.957762880634 0.96614150764
289552 2048 1240771.979 1249530.417 1616655.538 0.733616385261 0.949160561331 0.955860554617 0.733616385261 0.949160561331 0.955860554617
318504 2048 1356254.615 1359500.099 2000347.812 0.652182773503 0.959611834497 0.96190816206 0.652182773503 0.959611834497 0.96190816206
350352 2048 1491773.467 1505616.165 2129520.005 0.673880399635 0.953125919713 0.961970315028 0.673880399635 0.953125919713 0.961970315028
385384 2048 1647458.629 1652019.165 2400634.329 0.657548234203 0.955517282997 0.958162369733 0.657548234203 0.955517282997 0.958162369733
423920 2048 1797878.764 1808955.221 2383750.503 0.728422004658 0.959878000208 0.965791662246 0.728422004658 0.959878000208 0.965791662246
466312 2048 1984388.916 1992303.667 2785409.34 0.685721098357 0.958696198595 0.962519966021 0.685721098357 0.958696198595 0.962519966021
512936 2048 2190534.674 2196883.195 2938597.773 0.714962039141 0.956348458025 0.959120109322 0.714962039141 0.956348458025 0.959120109322
564224 1024 1203509.048 1205201.787 1596233.979 0.723910634156 0.958786125663 0.960134661156 0.723910634156 0.958786125663 0.960134661156
620640 1024 1320842.284 1352923.682 1818880.869 0.698820215036 0.939499202291 0.962318314152 0.698820215036 0.939499202291 0.962318314152
682704 1024 1454864.199 1468063.562 1984476.184 0.704557607329 0.952395950823 0.961036633495 0.704557607329 0.952395950823 0.961036633495
750968 1024 1600185.167 1608433.507 2096881.932 0.733461641559 0.956198970804 0.961127809279 0.733461641559 0.956198970804 0.961127809279
826064 1024 1753945.024 1768845.454 2324673.079 0.72774924237 0.956431251907 0.964556499121 0.72774924237 0.956431251907 0.964556499121
908664 1024 1938633.109 1962418.855 2532565.778 0.734805740552 0.948290864236 0.959925765923 0.734805740552 0.948290864236 0.959925765923
999528 1024 2137802.676 2145060.903 2774869.874 0.737704266128 0.954300803831 0.957540827777 0.737704266128 0.954300803831 0.957540827777
1099480 512 1177011.409 1180267.245 1523601.804 0.738951290977 0.953908976776 0.956547669284 0.738951290977 0.953908976776 0.956547669284
1209424 512 1279633.844 1293488.164 1686786.916 0.734206653047 0.957449948494 0.967816052855 0.734206653047 0.957449948494 0.967816052855
1330360 512 1416799.051 1420234.235 1841995.309 0.739572263482 0.959199973095 0.961525658165 0.739572263482 0.959199973095 0.961525658165
1463392 512 1559390.494 1562582.111 2028656.626 0.738672769356 0.958998184768 0.960960974025 0.738672769356 0.958998184768 0.960960974025
1609728 512 1710708.928 1730309.543 2242366.599 0.735099012238 0.952639646859 0.963554608864 0.735099012238 0.952639646859 0.963554608864
1770696 512 1886007.305 1893497.782 2461746.323 0.736547339204 0.957589029803 0.961392195668 0.736547339204 0.957589029803 0.961392195668
1947760 512 2074760.997 2098295.057 2695755.354 0.739869156539 0.950536595579 0.961318553262 0.739869156539 0.950536595579 0.961318553262
2142536 256 1140026.424 1145081.084 1484112.589 0.739147717047 0.95799192505 0.962239478758 0.739147717047 0.95799192505 0.962239478758
2356784 256 1257625.738 1264947.459 1634502.253 0.738251296861 0.953931643101 0.959485299592 0.738251296861 0.953931643101 0.959485299592
2592456 256 1380676.039 1386796.92 1801517.99 0.736788352583 0.957124617785 0.961367789769 0.736788352583 0.957124617785 0.961367789769
2851696 256 1510516.597 1537517.779 1983037.84 0.736278613826 0.949626971435 0.966601992259 0.736278613826 0.949626971435 0.966601992259
3136864 256 1678488.59 1698793.218 2184554.765 0.735195287265 0.945420755736 0.956857483315 0.735195287265 0.945420755736 0.956857483315
3450544 256 1842839.627 1845932.078 2395208.052 0.737588756236 0.957065836309 0.958671879048 0.737588756236 0.957065836309 0.958671879048
3795592 256 2025808.011 2028799.327 2646388.309 0.734337851097 0.957878425006 0.95929283202 0.734337851097 0.957878425006 0.95929283202
4175144 256 2221541.934 2233127.466 2907171.353 0.73531053675 0.957255580143 0.962247750215 0.73531053675 0.957255580143 0.962247750215
4592656 128 1225790.085 1239044.658 1593052.441 0.738029650337 0.948892300539 0.959152754119 0.738029650337 0.948892300539 0.959152754119
5051920 128 1347991.002 1350150.069 1755651.941 0.736644598965 0.957887237645 0.959421478394 0.736644598965 0.957887237645 0.959421478394
5557112 128 1481727.277 1520456.116 1928735.776 0.737592307719 0.935653885061 0.96010965991 0.737592307719 0.935653885061 0.96010965991
6112816 128 1626422.068 1639210.793 2129566.56 0.734835400496 0.954655071015 0.962161622613 0.734835400496 0.954655071015 0.962161622613
6724096 128 1792273.227 1812853.986 2335582.677 0.737018900231 0.949535146953 0.960438704361 0.737018900231 0.949535146953 0.960438704361
7396504 128 1978955.921 1981241.865 2566342.347 0.73782246013 0.955716239118 0.956820212066 0.73782246013 0.955716239118 0.956820212066
8136152 128 2168277.73 2183376.208 2823159.394 0.737774465171 0.953960615843 0.960603378055 0.737774465171 0.953960615843 0.960603378055
8949760 64 1198703.363 1199766.468 1550846.248 0.7386736638 0.954826885527 0.955673701568 0.7386736638 0.954826885527 0.955673701568
9844736 64 1312863.691 1317536.712 1708759.874 0.73745072504 0.956425879084 0.959830191541 0.73745072504 0.956425879084 0.959830191541
10829208 64 1447316.813 1469641.456 1881809.64 0.736598747576 0.943181493922 0.957729925853 0.736598747576 0.943181493922 0.957729925853
11912128 64 1589248.039 1592412.734 2431903.341 0.626979024328 0.95751079569 0.959417502229 0.626979024328 0.95751079569 0.959417502229
13103336 64 1763077.235 1769426.829 2277354.346 0.736480473909 0.947892832024 0.951306598885 0.736480473909 0.947892832024 0.951306598885
14413664 64 1914948.725 1932921.763 2575391.614 0.716376096734 0.954487153757 0.963445635862 0.716376096734 0.954487153757 0.963445635862
15855024 64 2115596.157 2125160.549 2752458.554 0.737320120243 0.954959884304 0.959277159436 0.737320120243 0.954959884304 0.959277159436
17440520 32 1168463.998 1178046.536 1512991.371 0.737739356215 0.947495065679 0.955265444131 0.737739356215 0.947495065679 0.955265444131
19184568 32 1278677.499 1285442.496 1669506.608 0.735434257113 0.955167077345 0.960220503575 0.735434257113 0.955167077345 0.960220503575
21103024 32 1403535.432 1414008.497 1836627.728 0.73536597287 0.955152347999 0.96227961561 0.73536597287 0.955152347999 0.96227961561
23213320 32 1539969.999 1568181.386 2017655.017 0.736326313211 0.947372857032 0.96472819663 0.736326313211 0.947372857032 0.96472819663
25534648 32 1704689.293 1710789.393 2220381.187 0.736007619578 0.955241760726 0.958660020164 0.736007619578 0.955241760726 0.958660020164
28088112 32 1873878.252 1879336.261 2441032.769 0.736425660003 0.956528751828 0.959314814653 0.736425660003 0.956528751828 0.959314814653
30896920 32 2061717.016 2072373.335 2683689.311 0.736822579236 0.954173095457 0.959104893957 0.736822579236 0.954173095457 0.959104893957
33986608 16 1134073.991 1136954.762 1472649.904 0.738513242724 0.956565285049 0.958995149021 0.738513242724 0.956565285049 0.958995149021
37385264 16 1248940.714 1250613.0 1622969.895 0.737123006216 0.956593644877 0.957874488829 0.737123006216 0.956593644877 0.957874488829
41123784 16 1370934.956 1377636.077 1785516.844 0.737019699602 0.955231290738 0.959900454971 0.737019699602 0.955231290738 0.959900454971
45236160 16 1513191.883 1528738.777 1965245.474 0.736578274394 0.946896318572 0.956624956995 0.736578274394 0.946896318572 0.956624956995
49759776 16 1673347.961 1675381.905 2159868.764 0.737226658647 0.950417828465 0.951573055402 0.737226658647 0.950417828465 0.951573055402
54735752 16 1833366.117 1836638.596 2377910.726 0.736589496338 0.953668330729 0.955370587336 0.736589496338 0.953668330729 0.955370587336
60209320 16 2004991.766 2014505.658 2613915.433 0.737092797906 0.956412424234 0.960950699485 0.737092797906 0.956412424234 0.960950699485
66230248 16 2223625.219 2566330.18 2876012.384 0.736911964563 0.825836033304 0.953113824169 0.736911964563 0.825836033304 0.953113824169
72853272 8 1219433.696 1371329.838 1585364.212 0.735258398781 0.850016035311 0.955896459007 0.735258398781 0.850016035311 0.955896459007
80138592 8 1349198.779 1384521.208 1745799.487 0.734458614261 0.926108942637 0.95035475273 0.734458614261 0.926108942637 0.95035475273
88152448 8 1475545.999 1528108.754 1914602.359 0.736674725888 0.922996589286 0.955876108882 0.736674725888 0.922996589286 0.955876108882
96967688 8 1626478.01 1642666.683 2111974.073 0.734612715106 0.944490458141 0.953891167579 0.734612715106 0.944490458141 0.953891167579
106664456 8 1773330.914 1786562.848 2316740.669 0.736651848364 0.955259591293 0.962387382144 0.736651848364 0.955259591293 0.962387382144
117330896 8 1946661.25 1971212.341 2552987.866 0.735332259507 0.952355206465 0.964366212149 0.735332259507 0.952355206465 0.964366212149
129063984 8 2139870.581 2159482.049 2801061.921 0.737228880418 0.956258814449 0.965022727232 0.737228880418 0.956258814449 0.965022727232
141970376 4 1181747.901 1187539.83 1537433.792 0.738739459162 0.956399928077 0.961087391853 0.738739459162 0.956399928077 0.961087391853
156167408 4 1306695.323 1321634.415 1696459.71 0.736439101168 0.945298677017 0.956106019521 0.736439101168 0.945298677017 0.956106019521
171784144 4 1441757.82 1451949.629 1864456.046 0.737090667784 0.94650194783 0.953192785179 0.737090667784 0.94650194783 0.953192785179
188962552 4 1565735.621 1578064.291 2051625.834 0.73683046438 0.957946025787 0.965488934227 0.73683046438 0.957946025787 0.965488934227
207858800 4 1726270.657 1737578.539 2260193.283 0.73572044148 0.957004453426 0.963273281196 0.73572044148 0.957004453426 0.963273281196
228644680 4 1901579.957 1913467.139 2479381.075 0.737747600981 0.955938778732 0.961914555981 0.737747600981 0.955938778732 0.961914555981
251509144 4 2094650.18 2106284.345 2730616.651 0.736856691789 0.955271379563 0.960577174753 0.736856691789 0.955271379563 0.960577174753
276660056 2 1154693.27 1158935.707 1498699.59 0.738400298088 0.954876286334 0.958384579482 0.738400298088 0.954876286334 0.958384579482
304326056 2 1269044.817 1269176.842 1674283.474 0.727059809706 0.959128928071 0.95922871099 0.727059809706 0.959128928071 0.95922871099
334758656 2 1393485.042 1397091.454 1817375.014 0.736795990748 0.958444502803 0.960925007188 0.736795990748 0.958444502803 0.960925007188
368234520 2 1526404.345 1538103.934 2000937.567 0.736123957235 0.95763234684 0.964972410374 0.736123957235 0.95763234684 0.964972410374
405057968 2 1680219.539 1694961.201 2203878.309 0.735173019936 0.955910891084 0.964297720859 0.735173019936 0.955910891084 0.964297720859
445563760 2 1857600.761 1864255.908 2418111.133 0.737044305234 0.956014156829 0.959439227964 0.737044305234 0.956014156829 0.959439227964
490120136 2 2043403.084 2052115.275 2681788.031 0.731034862315 0.955346206855 0.959419391774 0.731034862315 0.955346206855 0.959419391774
539132144 1 1121925.061 1140292.043 1467066.257 0.734979952579 0.945603623755 0.961084055863 0.734979952579 0.945603623755 0.961084055863
593045352 1 1234177.598 1241352.32 1607154.752 0.738006531433 0.955482730318 0.961037297972 0.738006531433 0.955482730318 0.961037297972
652349880 1 1357349.004 1364484.7 1771374.415 0.736546575897 0.956184968582 0.961211712062 0.736546575897 0.956184968582 0.961211712062
717584864 1 1494744.93 1501125.745 1945023.907 0.737867397329 0.9560622971 0.960143566434 0.737867397329 0.9560622971 0.960143566434
789343344 1 1647503.102 1658270.097 2140419.017 0.737559643912 0.952008174577 0.958229872881 0.737559643912 0.952008174577 0.958229872881
868277672 1 1806808.618 1817644.145 2355154.009 0.737342584546 0.955387966768 0.961117479018 0.737342584546 0.955387966768 0.961117479018
955105432 1 1993495.51 1997451.674 2586746.619 0.738460756059 0.956323944586 0.958221804071 0.738460756059 0.956323944586 0.958221804071
1050615968 1 2184433.438 2196125.187 2847594.964 0.737897054379 0.956790600298 0.961911633217 0.737897054379 0.956790600298 0.961911633217

META_DATA
ERT_VERSION  1.1.0
TIMESTAMP_DATA  1535261898.66
MPI_PROCS      1
UNAME  ('Linux', 'atajo-Inspiron-15-7568', '4.15.0-33-generic', '#36-Ubuntu SMP Wed Aug 15 16:00:05 UTC 2018', 'x86_64', 'x86_64')
TIMESTAMP_DATA  1535261127.22
HOSTNAME  ('atajo-Inspiron-15-7568', [], ['127.0.1.1'])
FLOPS          16
TIMESTAMP_DATA  1535260499.11
CONFIG  {'ERT_WORKING_SET_MIN': ['1'], 'ERT_CFLAGS': [], 'ERT_CC': ['mpicc'], 'ERT_MPI_CFLAGS': ['-I/usr/include/mpi'], 'ERT_MPI_LDFLAGS': ['-lmpi'], 'ERT_MEMORY_MAX': ['1073741824'], 'ERT_PROCS_THREADS': ['1-4'], 'ERT_LDFLAGS': [], 'ERT_LDLIBS': [], 'ERT_RUN': ['export', 'OMP_NUM_THREADS=ERT_OPENMP_THREADS;', 'mpirun', '-np', 'ERT_MPI_PROCS', 'ERT_CODE'], 'ERT_FLOPS': ['1,2,4,8,16,32'], 'ERT_OPENMP_CFLAGS': ['-fopenmp'], 'ERT_MPI': ['True'], 'ERT_TRIALS_MIN': ['1'], 'ERT_DRIVER': ['driver1'], 'ERT_RESULTS': ['Results/myLaptop'], 'ERT_OPENMP': ['False'], 'ERT_MPI_PROCS': ['1,2,4,8'], 'ERT_KERNEL': ['kernel1'], 'ERT_GPU': [False], 'ERT_OPENMP_THREADS': ['1,2,4,8'], 'ERT_LD': ['mpicc'], 'ERT_NUM_EXPERIMENTS': ['3'], 'ERT_OPENMP_LDFLAGS': ['-fopenmp'], 'ERT_ALIGN': ['64'], 'ERT_GNUPLOT': ['gnuplot']}
