32 33554432 283014.463 290733.924 339795.945 6.31992135162 7.38642267285 7.58789365475 0.789990168953 0.923302834106 0.948486706844
64 16777216 231325.795 242869.25 268365.281 8.00209192485 8.84213892043 9.28337303672 1.00026149061 1.10526736505 1.16042162959
96 8388608 160415.316 168160.269 186117.099 8.65376015774 9.57784347978 10.0402678258 1.08172001972 1.19723043497 1.25503347822
128 8388608 205635.687 219814.044 236058.751 9.09724227084 9.76954706315 10.4431467093 1.13715528386 1.22119338289 1.30539333866
160 4194304 125452.49 134305.127 144729.22 9.27371321424 9.99349250457 10.6986898387 1.15921415178 1.24918656307 1.33733622983
192 4194304 147974.147 161729.342 170468.325 9.4481642616 9.95869219576 10.8844198034 1.1810205327 1.24483652447 1.36055247543
224 4194304 170190.792 182983.42 195849.791 9.59433340422 10.2689532855 11.0408334665 1.19929167553 1.28361916069 1.38010418331
256 4194304 204814.185 209163.559 219516.841 9.78277401505 10.2670066347 10.4850337783 1.22284675188 1.28337582934 1.31062922229
288 2097152 107484.521 113049.83 123680.046 9.76681033899 10.6851956522 11.2384512743 1.22085129237 1.33564945653 1.40480640929
320 2097152 118600.719 124308.58 136333.75 9.8447910367 10.7971411145 11.3167718654 1.23059887959 1.34964263931 1.41459648318
352 2097152 129827.375 135079.342 149169.112 9.89745791341 10.9298356517 11.3719853613 1.23718223918 1.36622945646 1.42149817017
384 2097152 141564.885 145821.544 161929.773 9.94636567545 11.0450945163 11.3772051311 1.24329570943 1.38063681454 1.42215064138
416 2097152 156629.161 159664.772 174756.367 9.98435990604 10.928086654 11.1398825919 1.24804498825 1.36601083174 1.39248532398
448 2097152 166625.483 167633.618 187656.417 10.0132370746 11.2092563199 11.27707574 1.25165463433 1.40115703999 1.4096344675
480 2097152 177345.656 178425.749 200548.529 10.0387967443 11.2834942898 11.3522144574 1.25484959304 1.41043678623 1.41902680717
512 2097152 189243.447 193670.514 213226.038 10.0713949766 11.0883355636 11.3477305663 1.25892437208 1.38604194545 1.41846632079
544 1048576 98808.662 102313.785 130189.21 8.76302028409 11.1505080962 11.546059474 1.09537753551 1.39381351203 1.44325743425
576 1048576 104231.479 107401.847 119444.756 10.1131233589 11.2471022216 11.5892009169 1.26414041986 1.4058877777 1.44865011462
608 1048576 116181.54 116730.913 131011.737 9.73247470187 10.923142664 10.9747935515 1.21655933773 1.365392833 1.37184919394
640 1048576 121961.913 123736.819 137597.892 9.75434478313 10.8470323615 11.0048887147 1.21929309789 1.35587904519 1.37561108934
704 1048576 126600.488 129368.466 145081.671 10.176302753 11.4123252261 11.6618429465 1.27203784412 1.42654065327 1.45773036831
768 1048576 137768.836 141226.031 157808.59 10.2061157507 11.4045032959 11.6906898742 1.27576446884 1.42556291198 1.46133623427
832 1048576 149224.059 149574.764 170666.244 10.2236413195 11.6652730537 11.6926886703 1.27795516494 1.45815913171 1.46158608378
896 1048576 160152.405 160257.028 183566.491 10.2363355194 11.7252155207 11.7328752697 1.27954193993 1.46565194008 1.46660940871
960 1048576 171660.998 172099.211 196976.477 10.2208443905 11.6982867516 11.7281499202 1.27760554881 1.46228584395 1.46601874003
1056 524288 98908.637 99658.316 113753.168 9.73420147736 11.1109268192 11.1951421998 1.21677518467 1.3888658524 1.39939277497
1152 524288 102131.194 103021.098 117602.166 10.2715757123 11.7253608771 11.8275279539 1.28394696404 1.46567010963 1.47844099424
1248 524288 110371.731 111148.852 127158.95 10.2912366609 11.7736065146 11.8565037999 1.28640458261 1.47170081433 1.48206297498
1344 524288 123593.268 125190.379 142685.375 9.87687872005 11.2571441612 11.4026125112 1.23460984001 1.40714302015 1.4253265639
1472 524288 129430.739 130791.703 149534.881 10.3220323023 11.8012369026 11.9253268885 1.29025403779 1.47515461283 1.49066586107
1600 524288 140305.981 142224.373 165266.962 10.1515849248 11.7963016086 11.9575914586 1.26894811559 1.47453770107 1.49469893233
1760 524288 156000.985 174049.384 181443.561 10.1711725113 10.6032765965 11.8300135092 1.27139656392 1.32540957456 1.47875168865
1920 524288 167614.98 170367.109 194364.158 10.3582159423 11.8172218324 12.0112529322 1.29477699278 1.47715272905 1.50140661652
2112 262144 92020.633 95234.583 106818.158 10.3661800272 11.6270394758 12.0331301785 1.2957725034 1.45337993447 1.50414127232
2304 262144 100113.654 103657.965 144182.456 8.37799261791 11.6533211124 12.0658821623 1.04724907724 1.45666513905 1.50823527029
2528 262144 112328.943 113551.676 130925.034 10.1233509246 11.6722192986 11.7992747782 1.26541886558 1.45902741233 1.47490934727
2752 262144 121800.296 123384.773 142172.61 10.148512966 11.6938301293 11.8459529524 1.26856412075 1.46172876616 1.48074411905
3008 262144 133304.637 135021.87 153561.596 10.2698744027 11.6800211995 11.8304834662 1.28373430034 1.46000264994 1.47881043328
3296 262144 144729.377 147038.55 167878.935 10.2934489547 11.7523822698 11.9398928111 1.28668111934 1.46904778373 1.49248660139
3616 262144 158224.211 161163.388 184233.746 10.2903265507 11.76337524 11.9818920001 1.28629081884 1.470421905 1.49773650001
3968 262144 173191.572 176451.494 201549.512 10.3219043468 11.7900661357 12.0119862646 1.29023804334 1.47375826696 1.50149828307
4352 131072 94807.863 96965.761 111981.231 10.1878741447 11.765500278 12.03329188 1.27348426809 1.47068753475 1.504161485
4768 131072 103700.761 106088.26 120820.397 10.3451289934 11.7817239344 12.0529741532 1.29314112418 1.4727154918 1.50662176915
5216 131072 113661.718 116099.678 132103.733 10.3505258553 11.7773203815 12.0299352153 1.29381573191 1.47216504769 1.50374190191
5728 131072 124405.623 127321.696 144860.323 10.3655769979 11.793440389 12.0698791244 1.29569712474 1.47418004862 1.50873489054
6272 131072 135955.455 139566.942 158455.985 10.3761758699 11.7804914576 12.0934255121 1.29702198374 1.47256143221 1.51167818901
6880 131072 148837.87 152417.295 173688.254 10.383838161 11.8329794529 12.1175526094 1.29797977012 1.47912243161 1.51469407618
7552 131072 163130.774 167117.588 190558.104 10.3890175566 11.8462186517 12.1357328201 1.29862719457 1.48077733147 1.51696660251
8288 65536 89475.34 92167.493 104485.641 10.3968806202 11.7864194917 12.1410517803 1.29961007752 1.47330243647 1.51763147254
9088 65536 97991.904 100714.564 114515.78 10.4019056238 11.827309663 12.1559260243 1.30023820298 1.47841370787 1.51949075303
9984 65536 107526.653 110117.102 125747.196 10.4067755753 11.8839201562 12.1702183737 1.30084694692 1.48549001952 1.52127729671
10976 65536 118267.855 120950.146 138146.187 10.4139412259 11.8945393584 12.1643051022 1.30174265324 1.4868174198 1.52053813777
12064 65536 129621.878 133113.359 151638.277 10.4277932939 11.8789926111 12.1989638817 1.30347416174 1.48487407639 1.52487048521
13248 65536 144386.004 146195.068 166447.239 10.4323860608 11.8775679628 12.0263862694 1.3040482576 1.48469599535 1.50329828368
14560 65536 156818.07 160599.181 183189.271 10.4176860882 11.8830513837 12.1695689789 1.30221076102 1.48538142296 1.52119612236
16000 65536 171632.138 176296.856 201143.832 10.426131287 11.8955723181 12.2188770963 1.30326641087 1.48694653976 1.52735963704
17600 32768 94526.156 96811.075 110632.505 10.4258111122 11.9142732379 12.2022691793 1.30322638903 1.48928415473 1.52528364742
19360 32768 103857.186 106402.72 121537.318 10.4394023241 11.9242906572 12.216554375 1.30492529052 1.49053633215 1.52706929687
21280 32768 114288.535 117040.191 133567.198 10.441231836 11.9156169183 12.202502027 1.3051539795 1.48945211479 1.52531275337
23392 32768 125440.7 128583.286 146703.1 10.4498003928 11.9223746701 12.2210583327 1.3062250491 1.49029683376 1.52763229159
25728 32768 137778.249 141870.884 161229.373 10.4578351737 11.884822033 12.2378548155 1.30722939672 1.48560275412 1.52973185194
28288 32768 151302.495 155322.308 177152.144 10.464916349 11.9357122095 12.2528208672 1.30811454362 1.49196402618 1.5316026084
31104 32768 168830.659 170836.808 195047.139 10.4509697217 11.9320406876 12.0738244823 1.30637121522 1.49150508595 1.50922806029
34208 16384 92187.992 93901.584 107167.308 10.4596053117 11.9372612926 12.1591513133 1.30745066397 1.49215766158 1.51989391417
37600 16384 101283.978 103612.0 117768.862 10.4618213938 11.8912558391 12.1645775011 1.30772767423 1.48640697989 1.52057218764
41344 16384 111215.662 113422.909 129443.614 10.4660257091 11.944325921 12.1813795615 1.30825321363 1.49304074012 1.52267244518
45472 16384 122213.33 124711.317 142331.624 10.4686959519 11.9478049935 12.1920129007 1.30858699399 1.49347562419 1.52400161259
50016 16384 134902.036 137358.336 156685.865 10.4599370722 11.9317424463 12.1489959425 1.30749213402 1.49146780578 1.51862449281
55008 16384 147796.476 151455.414 174113.475 10.3524563162 11.9012064105 12.195839798 1.29405703953 1.48765080131 1.52447997475
60480 16384 162350.517 166095.642 189427.15 10.4621150664 11.9317317188 12.2069746165 1.3077643833 1.49146646485 1.52587182707
66528 8192 89789.01 92255.145 104355.278 10.4450371164 11.8150023178 12.1395118623 1.30562963955 1.47687528972 1.51743898279
73152 8192 98457.408 100845.276 114930.347 10.428249799 11.884764617 12.1730034575 1.30353122487 1.48559557713 1.52162543219
80448 8192 108226.75 111346.356 126527.712 10.4171648342 11.8374779324 12.178689945 1.30214560428 1.47968474155 1.52233624312
88480 8192 119026.436 139158.634 153952.124 9.41628008978 10.4172934034 12.1792802399 1.17703501122 1.30216167543 1.52241002999
97312 8192 130914.293 134234.508 153181.162 10.408328199 11.877421326 12.1786534645 1.30104102487 1.48467766575 1.52233168307
107040 8192 143903.19 166204.001 168369.329 10.4160500634 10.5517517596 12.1869665294 1.30200625792 1.31896896995 1.52337081617
117728 8192 158549.219 185235.016 185706.08 10.3866042081 10.4130179793 12.165657858 1.29832552601 1.30162724741 1.52070723224
129472 8192 174828.787 203713.57 203943.367 10.4012661907 10.4129992322 12.1334094024 1.30015827384 1.30162490403 1.5166761753
142400 4096 112013.842 113277.023 116428.001 10.0194179234 10.2981237422 10.4142557667 1.25242724042 1.28726546777 1.30178197084
156640 4096 123298.45 123488.53 127123.831 10.0940545129 10.3912070214 10.4072263682 1.26175681411 1.29890087768 1.30090329603
172288 4096 116142.507 135579.107 135749.058 10.3970025044 10.4100353456 12.1521683357 1.29962531305 1.3012544182 1.51902104197
189504 4096 127444.607 149281.427 149323.758 10.3963146173 10.3992626491 12.1811099312 1.29953932716 1.29990783113 1.52263874139
208448 4096 140384.834 164120.87 164243.452 10.3967981384 10.4045635147 12.163749939 1.2995997673 1.30057043934 1.52046874237
229280 4096 154124.935 180589.817 180673.722 10.3958768282 10.4007069236 12.1866183431 1.29948460352 1.30008836545 1.52332729289
252192 4096 169575.44 198761.768 198764.023 10.3940181569 10.3941360795 12.1831136867 1.29925226961 1.29926700994 1.52288921084
277408 2048 93646.521 109224.503 109346.661 10.3913842234 10.4030060727 12.1335331614 1.29892302793 1.30037575909 1.51669164517
305120 2048 102556.272 120143.734 120261.084 10.3921524606 10.4023029616 12.1862027122 1.29901905757 1.30028787019 1.52327533903
335616 2048 113342.239 132143.718 132268.729 10.3931076256 10.4029397447 12.1286040238 1.2991384532 1.30036746809 1.51607550297
369152 2048 124290.594 145400.39 145549.316 10.3885516851 10.3991921342 12.1654144802 1.29856896064 1.29989901678 1.52067681002
406048 2048 136643.483 159960.863 161042.229 10.3275558115 10.3973720622 12.1716204204 1.29094447643 1.29967150777 1.52145255255
446624 2048 152586.747 176047.544 176102.426 10.3881130178 10.3913514636 11.9890615664 1.29851412723 1.29891893294 1.4986326958
491264 2048 165661.059 193570.59 193739.04 10.3862254298 10.3952637846 12.1465923021 1.29827817873 1.29940797308 1.51832403776
540384 1024 92773.527 106515.383 106580.35 10.3837755459 10.3901089291 11.9291188746 1.29797194323 1.29876361614 1.49113985933
594400 1024 100800.125 117214.505 117217.625 10.385223212 10.3854996444 12.0766834367 1.29815290149 1.29818745555 1.50958542958
653824 1024 110386.104 128887.82 130617.706 10.2515316874 10.3891240615 12.1304358382 1.28144146093 1.29864050769 1.51630447977
719200 1024 125169.288 141841.24 141974.101 10.3745795157 10.3842972608 11.7674361142 1.29682243947 1.2980371576 1.47092951428
791104 1024 137376.413 156057.337 156077.232 10.3806363762 10.3819597537 11.7937348677 1.29757954703 1.29774496921 1.47421685846
870208 1024 150016.307 171582.347 171598.066 10.3858162597 10.386767725 11.8799483845 1.29822703247 1.29834596563 1.48499354807
957216 1024 164762.903 188666.283 188754.034 10.3858885898 10.3907191938 11.8981781233 1.29823607373 1.29883989923 1.48727226541
1052928 512 90131.859 103824.128 103871.187 10.3801477882 10.3848526616 11.9624546078 1.29751847353 1.2981065827 1.49530682597
1158208 512 101152.023 114258.674 114438.874 10.3636548539 10.3799996139 11.7249755054 1.29545685673 1.29749995173 1.46562193818
1274016 512 108350.921 125593.806 125713.185 10.3775302805 10.3873942955 12.0404364998 1.29719128507 1.29842428694 1.50505456248
1401408 512 118367.984 138219.08 138290.166 10.3770342715 10.3823711748 12.1235636826 1.29712928394 1.29779639685 1.51544546032
1541536 512 133697.535 152051.338 152486.653 10.3519411892 10.3815782535 11.8067462052 1.29399264865 1.29769728169 1.47584327564
1695680 512 147907.623 167226.515 167229.541 10.3831913286 10.3833792147 11.7395999258 1.29789891608 1.29792240184 1.46744999073
1865248 512 162823.796 183998.811 184263.422 10.3656706864 10.3805776875 11.7305578111 1.2957088358 1.29757221094 1.46631972639
2051744 512 177971.426 202364.407 202565.416 10.3718882398 10.3821906587 11.8051863899 1.29648602997 1.29777383233 1.47564829873
2256896 256 97728.744 111383.75 111475.236 10.365806734 10.3743207784 11.8238575951 1.29572584175 1.2967900973 1.47798219938
2482560 256 104946.519 122428.514 122795.753 10.3510967517 10.3821461069 12.1116043878 1.29388709396 1.29776826336 1.51395054847
2730816 256 118467.174 134671.281 135087.489 10.3501649364 10.3821526135 11.8022380782 1.29377061706 1.29776907669 1.47527975978
3003872 256 131423.096 148409.925 148657.481 10.3458127614 10.3630701518 11.7025280245 1.29322659517 1.29538376898 1.46281600306
3304256 256 143010.98 163480.587 163557.523 10.3436334873 10.34850133 11.8297145576 1.29295418591 1.29356266625 1.4787143197
3634656 256 157437.617 180243.464 180911.07 10.2865118868 10.3246122256 11.8201984218 1.28581398584 1.2905765282 1.47752480273
3998112 256 173564.227 198189.789 198836.738 10.2950458984 10.3286519166 11.7940970866 1.2868807373 1.29108148957 1.47426213583
4397920 128 93782.016 109334.398 109392.944 10.2919574045 10.2974685057 12.0051537386 1.28649467556 1.28718356322 1.50064421733
4837696 128 107096.83 120659.065 120771.094 10.2545247789 10.2640458552 11.5638359791 1.28181559736 1.28300573189 1.44547949739
5321440 128 114507.438 132571.101 132609.164 10.2729600196 10.2759095287 11.8969445461 1.28412000245 1.28448869109 1.48711806826
5853568 128 129523.51 145740.71 145818.605 10.2765583857 10.2820509657 11.5694317425 1.28456979821 1.28525637071 1.44617896782
6438912 128 141687.567 160339.074 160457.572 10.2728805594 10.2804726938 11.633776392 1.28411006992 1.28505908672 1.454222049
7082784 128 156832.165 176371.873 176453.037 10.2757806543 10.2805094325 11.5613573529 1.28447258179 1.28506367906 1.44516966912
7791040 128 173105.22 193800.298 194003.885 10.2807541199 10.2915540409 11.5219300724 1.28509426499 1.28644425511 1.44024125904
8570144 64 93074.398 106601.341 106603.123 10.2903029586 10.2904749763 11.7860384335 1.28628786982 1.28630937204 1.47325480418
9427136 64 104254.246 117174.835 118912.616 10.1475642248 10.2980593743 11.5743334617 1.2684455281 1.28725742178 1.44679168271
10369824 64 114706.019 128877.764 128891.031 10.2981368192 10.2991969352 11.5716462272 1.28726710239 1.2873996169 1.4464557784
11406784 64 126337.308 141759.672 141805.758 10.2962557557 10.2996030634 11.5569056767 1.28703196946 1.28745038293 1.44461320958
12547456 64 138811.943 155813.145 155971.597 10.2972233336 10.3076949509 11.5701454305 1.28715291669 1.28846186886 1.44626817881
13802176 64 152742.266 171194.919 171233.411 10.3173704108 10.3196902006 11.5664025045 1.28967130136 1.28996127508 1.44580031306
15182368 64 168020.434 188182.237 188223.576 10.3246529755 10.3269210473 11.566111679 1.29058162193 1.29086513091 1.44576395988
16700576 64 184723.278 206877.244 206907.437 10.3315461203 10.3330539728 11.5723029125 1.29144326504 1.2916317466 1.44653786406
18370624 32 101617.845 113901.707 113995.676 10.3137239697 10.3222328003 11.5700144596 1.28921549621 1.29027910003 1.44625180745
20207680 32 111773.001 125201.209 125202.583 10.3295913631 10.3297047235 11.5706969342 1.29119892039 1.29121309044 1.44633711678
22228448 32 122943.037 137602.391 137628.395 10.3366799562 10.3386333745 11.5713805899 1.29208499452 1.29232917181 1.44642257373
24451264 32 135296.973 151360.079 151396.188 10.3363295779 10.3387954495 11.5662668669 1.29204119723 1.29234943119 1.44578335836
26896384 32 148843.071 166354.362 166463.825 10.3407967227 10.3476010806 11.5649896528 1.29259959033 1.29345013508 1.44562370659
29586016 32 164938.386 183016.089 184865.579 10.2426045684 10.3461123792 11.4800748929 1.28032557105 1.2932640474 1.43500936162
32544608 32 182508.097 201495.708 203147.301 10.252929287 10.3369691229 11.4123972922 1.28161616088 1.29212114037 1.42654966152
35799040 16 99172.443 110790.94 110825.108 10.3367305539 10.3399184085 11.5512862782 1.29209131923 1.29248980106 1.44391078477
39378944 16 109424.522 121750.921 121901.199 10.337274927 10.3500342967 11.5159398 1.29215936588 1.29375428708 1.439492475
43316832 16 120391.202 133904.339 134108.643 10.335938035 10.3517080503 11.5136206049 1.29199225437 1.29396350629 1.43920257562
47648512 16 134094.123 147313.047 147751.032 10.3197410086 10.3504232317 11.3707621922 1.28996762608 1.29380290396 1.42134527402
52413344 16 145480.159 162253.156 162450.096 10.3245676629 10.3370994398 11.528905519 1.29057095787 1.29213742998 1.44111318987
57654656 16 160285.502 178204.103 178465.781 10.3378304886 10.3530107385 11.5103922 1.29222881108 1.29412634231 1.438799025
63420096 16 177215.789 196016.967 196337.772 10.3364882433 10.3534051315 11.4518186187 1.29206103042 1.29417564144 1.43147732734
69762080 8 97236.723 107791.624 107950.492 10.3398628327 10.3551021738 11.4791330432 1.29248285408 1.29438777173 1.4348916304
76738272 8 107748.486 118606.469 118851.29 10.3306607105 10.3519846966 11.3951703414 1.29133258882 1.29399808707 1.42439629268
84412096 8 119946.366 130427.208 130701.118 10.3334505218 10.355151787 11.2599787808 1.29168131523 1.29439397338 1.40749734761
92853280 8 130057.916 143495.247 143792.304 10.3319332028 10.3533218769 11.4230069625 1.29149165035 1.29416523462 1.42787587032
102138592 8 143693.683 157953.029 163052.056 10.0226732008 10.3462243323 11.3729249462 1.25283415009 1.29327804154 1.42161561827
112352448 8 157520.116 173853.935 180414.494 9.96393985951 10.33993949 11.4121244553 1.24549248244 1.29249243625 1.42651555691
123587680 8 173337.074 192860.403 197011.937 10.0369698918 10.2530267968 11.4078473483 1.25462123648 1.2816283496 1.42598091854
135946432 4 95624.153 105122.411 105250.282 10.3331927985 10.345762104 11.3733970119 1.29164909981 1.29322026299 1.42167462649
149541056 4 105644.253 115621.454 119573.912 10.0049285667 10.3469417363 11.3241223638 1.25061607084 1.29336771703 1.41551529547
164495136 4 115925.075 127109.77 130158.556 10.1104462775 10.3529499581 11.35182434 1.26380578469 1.29411874477 1.4189780425
180944640 4 127569.346 140714.265 142250.62 10.1761041182 10.2872094738 11.3472175361 1.27201301478 1.28590118422 1.41840219201
199039104 4 141867.157 154014.645 157202.594 10.1290493463 10.3387105298 11.2239708307 1.26613116829 1.29233881622 1.40299635384
218943008 4 155504.95 169456.252 173368.182 10.1030306934 10.33626109 11.263590413 1.26287883667 1.29203263625 1.40794880163
240837280 4 170375.747 186109.301 192142.914 10.0274228172 10.3525091419 11.3085240941 1.25342785215 1.29406364274 1.41356551176
264920992 4 187482.028 204745.902 210108.623 10.0870107363 10.3512105263 11.3043791909 1.26087634204 1.29390131579 1.41304739887
291413088 2 103477.964 112623.841 113811.416 10.2419633545 10.349960911 11.2647399209 1.28024541932 1.29374511388 1.40809249011
320554368 2 114052.685 124094.629 125369.561 10.2275022882 10.3325783101 11.2423260531 1.27843778603 1.29157228876 1.40529075664
352609792 2 124992.152 136363.242 141008.961 10.0024789772 10.343250478 11.2842218126 1.25030987215 1.29290630975 1.41052772657
387870752 2 138030.978 149904.703 153142.339 10.1309867547 10.3497954164 11.240107333 1.26637334434 1.29372442704 1.40501341663
426657824 2 153085.588 164897.85 166925.575 10.2239054501 10.349627336 11.1482166172 1.27798818126 1.29370341699 1.39352707715
469323584 2 166628.056 181470.867 184615.76 10.1686569771 10.3448799636 11.2663760297 1.27108212213 1.29310999545 1.40829700372
516255936 2 184185.204 199568.857 204918.594 10.0772882718 10.3474248189 11.211670097 1.25966103398 1.29342810236 1.40145876213
567881504 1 102739.049 109756.287 109956.021 10.3292479818 10.3480451011 11.0548327929 1.29115599772 1.29350563763 1.38185409912
624669632 1 110932.49 122639.543 122930.921 10.1629374761 10.1870834923 11.2621583091 1.27036718451 1.27338543654 1.40776978863
687136576 1 121993.013 132811.191 137072.887 10.0258569151 10.3475704242 11.2651791951 1.25323211439 1.29344630303 1.40814739939
755850208 1 134126.54 146118.744 146551.837 10.3151243065 10.3456981262 11.2707031435 1.28939053831 1.29321226577 1.40883789293
831435200 1 147548.242 160839.95 164623.777 10.1010341902 10.3386652383 11.2700116075 1.26262927378 1.29233315479 1.40875145093
914578720 1 162577.304 176984.787 179652.455 10.1816445536 10.3351111189 11.2510011853 1.27270556921 1.29188888986 1.40637514816
1006036576 1 180760.131 194652.58 197869.835 10.1686704899 10.3367402169 11.1311777706 1.27108381123 1.29209252711 1.39139722133

META_DATA
ERT_VERSION  1.1.0
HOSTNAME  ('atajo-Inspiron-15-7568', [], ['127.0.1.1'])
FLOPS          2
OPENMP_THREADS 2
TIMESTAMP_DATA  1535286699.15
MPI_PROCS      2
UNAME  ('Linux', 'atajo-Inspiron-15-7568', '4.15.0-33-generic', '#36-Ubuntu SMP Wed Aug 15 16:00:05 UTC 2018', 'x86_64', 'x86_64')
TIMESTAMP_DATA  1535286602.44
CONFIG  {'ERT_WORKING_SET_MIN': ['1'], 'ERT_CFLAGS': [], 'ERT_CC': ['mpicc'], 'ERT_MPI_CFLAGS': ['-I/usr/include/mpi'], 'ERT_MPI_LDFLAGS': ['-lmpi'], 'ERT_MEMORY_MAX': ['1073741824'], 'ERT_PROCS_THREADS': ['1-4'], 'ERT_LDFLAGS': [], 'ERT_LDLIBS': [], 'ERT_RUN': ['export', 'OMP_NUM_THREADS=ERT_OPENMP_THREADS;', 'mpirun', '-np', 'ERT_MPI_PROCS', 'ERT_CODE'], 'ERT_FLOPS': ['1,2,4,8,16'], 'ERT_OPENMP_CFLAGS': ['-fopenmp'], 'ERT_MPI': ['True'], 'ERT_TRIALS_MIN': ['1'], 'ERT_DRIVER': ['driver1'], 'ERT_RESULTS': ['Results/myLaptop'], 'ERT_OPENMP': ['True'], 'ERT_MPI_PROCS': ['1,2,4'], 'ERT_KERNEL': ['kernel1'], 'ERT_GPU': [False], 'ERT_OPENMP_THREADS': ['1,2,4'], 'ERT_LD': ['mpicc'], 'ERT_NUM_EXPERIMENTS': ['3'], 'ERT_OPENMP_LDFLAGS': ['-fopenmp'], 'ERT_ALIGN': ['64'], 'ERT_GNUPLOT': ['gnuplot']}
TIMESTAMP_DATA  1535286647.79
