32 33554432 263772.98 266752.882 267507.706 8.02774499513 8.05046090561 8.14140875233 0.501734062196 0.503153806601 0.508838047021
64 16777216 211224.049 211871.412 214519.046 10.010689904 10.1357876824 10.1668520141 0.625668118998 0.633486730149 0.635428250881
96 8388608 147366.222 147478.235 149073.055 10.8041841364 10.921019878 10.9293209403 0.675261508527 0.682563742372 0.68308255877
128 8388608 188300.341 188349.008 190586.634 11.2677557861 11.4016191049 11.4045659004 0.704234736629 0.712601194056 0.712785368774
160 4194304 114970.802 115608.494 116642.967 11.5067141596 11.6096770537 11.6740707784 0.719169634977 0.725604815854 0.729629423651
192 4194304 135272.666 135442.452 136701.503 11.7819680154 11.8914912734 11.9064167479 0.736373000961 0.743218204585 0.744151046746
224 4194304 155728.823 156706.318 157203.379 11.9529758454 11.9908898121 12.0661554862 0.747060990337 0.749430613257 0.754134717887
256 4194304 175722.672 176159.909 179446.388 11.9672715173 12.1905356343 12.220868392 0.747954469833 0.761908477144 0.763804274499
288 2097152 98580.262 100687.328 101730.382 11.8741277507 11.9971358461 12.2535640248 0.742132984422 0.749820990383 0.765847751551
320 2097152 108115.052 108688.563 109651.79 12.2403590493 12.348836372 12.4143424544 0.765022440582 0.771802273253 0.775896403398
352 2097152 118284.998 118509.869 119504.87 12.3542664663 12.4579920682 12.4816758927 0.772141654143 0.77862450426 0.780104743291
384 2097152 128472.865 128567.546 153181.001 10.5144419052 12.5273662453 12.5365985728 0.657152619077 0.782960390331 0.783537410799
416 2097152 138625.958 138662.255 140082.326 12.4557502279 12.5833123369 12.5866070769 0.778484389244 0.786457021055 0.786662942304
448 2097152 148913.302 149455.052 150534.31 12.4825243627 12.5726642683 12.6184039086 0.78015777267 0.78579151677 0.788650244288
480 2097152 158973.159 159510.741 160781.175 12.5217763833 12.6215069116 12.6641876696 0.782611023958 0.788844181973 0.791511729348
512 2097152 170260.448 171356.793 180447.538 11.9008753004 12.5322352876 12.6129331458 0.743804706274 0.783264705473 0.788308321613
544 1048576 90102.891 90839.269 117301.841 9.72576967483 12.5590033975 12.6616435426 0.607860604677 0.784937712346 0.791352721413
576 1048576 95595.196 95928.542 96979.108 12.4558740219 12.5922851199 12.6361951494 0.778492126366 0.787017819994 0.789762196837
608 1048576 110901.92 110936.478 111596.86 11.4256657042 11.4936803384 11.4972618689 0.714104106513 0.71835502115 0.718578866804
640 1048576 114695.153 115174.466 140416.956 9.55851286222 11.6534274185 11.7021272904 0.597407053889 0.728339213659 0.731382955651
704 1048576 115098.924 116018.221 116215.072 12.7039891005 12.7255442746 12.8271834062 0.79399931878 0.795346517165 0.801698962885
768 1048576 125604.019 127590.994 133573.177 12.0579054281 12.6232478132 12.8229394953 0.753619089258 0.788952988328 0.801433718455
832 1048576 137475.986 139862.783 139925.943 12.4696709316 12.4753020537 12.6918927063 0.779354433223 0.779706378358 0.793243294142
896 1048576 146682.763 146997.545 151907.534 12.3696839947 12.7828542443 12.8102863184 0.773105249671 0.798928390267 0.800642894898
960 1048576 158440.802 158541.006 163923.625 12.2817313246 12.6987078662 12.7067390128 0.767608207786 0.793669241635 0.794171188303
1056 524288 94065.184 94595.228 94684.407 11.6945998933 11.7056248968 11.7715844366 0.730912493332 0.731601556053 0.735724027287
1152 524288 94785.306 94803.329 100032.801 12.0756345911 12.7417419276 12.7441647126 0.754727161944 0.796358870478 0.796510294539
1248 524288 102803.146 104325.491 107143.805 12.2137051974 12.5436538612 12.7294046818 0.763356574839 0.783978366323 0.795587792615
1344 524288 115329.891 115333.643 118265.827 11.9162583119 12.2192112149 12.2196087396 0.744766144492 0.763700700931 0.763725546225
1472 524288 120138.355 122807.521 123600.159 12.48787934 12.5684800038 12.8477193815 0.780492458752 0.785530000235 0.802982461346
1600 524288 130377.517 133118.235 133994.109 12.5208608984 12.6032440259 12.868181866 0.782553806153 0.787702751618 0.804261366628
1760 524288 143379.431 143435.695 146102.695 12.6314833549 12.8663493421 12.8713982691 0.789467709682 0.804146833883 0.80446239182
1920 524288 156376.099 157949.811 158941.472 12.6667124361 12.7462382339 12.8745117245 0.791669527258 0.796639889617 0.804656982778
2112 262144 86513.317 86699.639 87097.797 12.7132521618 12.7716362925 12.7991423101 0.794578260114 0.798227268282 0.79994639438
2304 262144 93727.066 94622.986 95101.088 12.7018478695 12.7660265551 12.8880546842 0.793865491844 0.797876659695 0.805503417764
2528 262144 107359.741 107663.432 110189.695 12.0283486037 12.3105871639 12.3454104085 0.751771787734 0.769411697743 0.771588150534
2752 262144 116388.954 116655.505 117483.554 12.2812132156 12.3683882385 12.3967140043 0.767575825975 0.773024264907 0.77479462527
3008 262144 125176.941 126209.247 126620.821 12.4549682394 12.4955844479 12.5986327146 0.778435514962 0.780974027997 0.787414544664
3296 262144 136901.636 138770.302 138807.355 12.4492916676 12.4526157477 12.6225901932 0.778080729224 0.778288484232 0.788911887072
3616 262144 149909.699 150909.663 150911.97 12.5624588162 12.5626508622 12.6464493001 0.785153676014 0.785165678887 0.790403081258
3968 262144 163836.887 165221.752 167288.109 12.4358796117 12.59140978 12.6978412621 0.777242475734 0.786963111249 0.79361507888
4352 131072 89659.694 90302.805 90450.574 12.6129734456 12.6336129647 12.7242313363 0.788310840349 0.789600810296 0.79526445852
4768 131072 98940.661 98988.309 100268.553 12.4655493134 12.6267698138 12.6328506336 0.779096832085 0.789173113362 0.789553164598
5216 131072 107988.776 108004.793 109408.014 12.4976503458 12.6600224492 12.661900196 0.781103146612 0.791251403074 0.79136876225
5728 131072 118793.668 119844.453 138778.459 10.8198407939 12.5292476574 12.6400746545 0.676240049617 0.783077978586 0.790004665905
6272 131072 129818.254 130923.047 151707.384 10.8377530787 12.558271486 12.6651462128 0.677359567416 0.784891967875 0.7915716383
6880 131072 142121.721 143294.578 166262.219 10.8476281073 12.586315164 12.6901835083 0.677976756704 0.78664469775 0.793136469266
7552 131072 155783.562 156992.46 182955.194 10.8207449306 12.6102329246 12.7080897534 0.676296558162 0.788139557785 0.794255609587
8288 65536 85326.105 85993.398 99964.523 10.867102682 12.6326527532 12.731446443 0.679193917626 0.789540797074 0.795715402689
9088 65536 93457.297 94338.207 109568.705 10.8715562167 12.6267222357 12.7457392225 0.679472263545 0.789170139729 0.796608701405
9984 65536 102478.132 103300.137 120196.458 10.8873661485 12.6681617857 12.7697765607 0.680460384282 0.791760111606 0.798111035045
10976 65536 112521.596 113391.479 131938.461 10.9039188505 12.687428409 12.7855124984 0.681494928154 0.792964275561 0.799094531151
12064 65536 123506.558 124525.669 144815.201 10.9191065377 12.6982060863 12.8029849881 0.682444158607 0.793637880396 0.800186561753
13248 65536 135617.893 136601.999 158974.543 10.9227667728 12.7116870083 12.8039288739 0.682672923299 0.794480438021 0.800245554619
14560 65536 150434.246 151234.071 175177.273 10.8941547457 12.6189046382 12.6859965117 0.680884671609 0.788681539889 0.792874781983
16000 65536 165076.824 165254.886 191922.568 10.9270734643 12.6904084397 12.7040970936 0.682942091521 0.793150527483 0.79400606835
17600 32768 90652.016 90666.711 105621.344 10.9204594102 12.7216878971 12.723750126 0.682528713136 0.79510549357 0.795234382874
19360 32768 99493.64 99573.021 116084.729 10.9297490801 12.7421760157 12.7523423608 0.683109317505 0.796386000983 0.797021397549
21280 32768 109155.424 109391.487 127475.684 10.9401733432 12.7487624334 12.7763333135 0.683760833949 0.796797652088 0.798520832094
23392 32768 120003.042 140089.22 143086.451 10.7139292455 10.9431554548 12.7748270915 0.669620577842 0.683947215924 0.798426693217
25728 32768 132179.986 132418.239 153893.915 10.9563149914 12.7332172723 12.7561687592 0.684769686963 0.795826079518 0.797260547448
28288 32768 144980.907 145241.705 169170.961 10.9586323624 12.7641187357 12.7870793911 0.684914522653 0.797757420983 0.799192461943
31104 32768 158933.337 159763.762 185829.437 10.9693694223 12.7590369586 12.8257027914 0.685585588897 0.797439809911 0.80160642446
34208 16384 87214.995 87652.662 102232.583 10.9644861854 12.7882909477 12.8524658403 0.685280386587 0.799268184234 0.803279115019
37600 16384 95821.719 96397.966 112243.302 10.9768402929 12.781149345 12.8580118668 0.686052518305 0.798821834062 0.803625741676
41344 16384 104687.884 105532.485 105959.233 12.7856738261 12.8373760174 12.9409454106 0.79910461413 0.80233600109 0.808809088165
45472 16384 115381.987 115570.699 116334.091 12.8081672637 12.8927704764 12.9138571344 0.800510453982 0.805798154773 0.807116070899
50016 16384 126990.609 127094.82 128066.996 12.797397762 12.8952878489 12.9058699766 0.799837360127 0.805955490554 0.806616873536
55008 16384 139271.734 140680.209 140821.623 12.7998961069 12.8127627675 12.9423400731 0.799993506679 0.800797672969 0.80889625457
60480 16384 152877.12 153792.897 155995.584 12.7042611668 12.8862169753 12.9634090438 0.794016322924 0.805388560955 0.810213065238
66528 8192 84558.489 85322.924 85943.585 12.6826772702 12.7749343424 12.8904237161 0.792667329388 0.798433396399 0.805651482254
73152 8192 93049.237 93312.516 93905.796 12.7630286846 12.8441758874 12.8805179563 0.797689292789 0.802760992963 0.80503237227
80448 8192 101950.137 102469.662 103150.747 12.7779979335 12.8629294395 12.9284773006 0.798624870841 0.803933089972 0.808029831289
88480 8192 111951.765 112248.153 113403.675 12.7831511633 12.9147454212 12.9489367139 0.798946947707 0.807171588828 0.809308544622
97312 8192 123210.036 123318.528 126021.101 12.6515305401 12.9287937008 12.9401780874 0.790720658757 0.808049606301 0.808761130465
107040 8192 135389.178 135523.87 137285.543 12.7744212659 12.9404757996 12.9533496392 0.798401329119 0.808779737474 0.809584352451
117728 8192 148854.666 148949.908 150644.497 12.8040226521 12.9496928054 12.9579784352 0.800251415755 0.809355800341 0.809873652197
129472 8192 163571.614 164504.842 165534.679 12.8146516537 12.8948742311 12.9684435834 0.800915728359 0.805929639445 0.810527723961
142400 4096 90360.235 90916.208 91784.956 12.7094989292 12.830944291 12.9098911706 0.794343683076 0.80193401819 0.806868198163
156640 4096 98736.451 99419.574 100099.743 12.8191625827 12.9068635921 12.9961616708 0.801197661417 0.806678974505 0.812260104427
172288 4096 108589.27 109341.676 109834.563 12.8500834114 12.908008617 12.9974471327 0.80313021321 0.80675053856 0.812340445792
189504 4096 119467.722 120664.786 120704.114 12.8613409813 12.865532849 12.9944452109 0.803833811331 0.804095803062 0.812152825681
208448 4096 131308.682 132494.996 132733.065 12.8649633458 12.8880793053 13.0045172184 0.804060209112 0.80550495658 0.812782326153
229280 4096 144411.749 145328.526 146158.2 12.8508818527 12.9242469575 13.006294661 0.803180115792 0.807765434847 0.812893416311
252192 4096 158822.6 160711.806 193091.098 10.6993894871 12.855041054 13.0079526717 0.668711842946 0.803440065878 0.812997041983
277408 2048 87306.709 87847.512 88359.782 12.8595062401 12.9344945819 13.0146145813 0.803719140004 0.808405911371 0.813413411334
305120 2048 95945.959 96512.914 97106.0 12.8701781558 12.9492672867 13.025785901 0.804386134739 0.809329205416 0.814111618812
335616 2048 105663.828 106842.64 123586.076 11.1232849241 12.8664280104 13.009969088 0.695205307757 0.804151750649 0.813123068
369152 2048 116508.52 116777.186 117458.077 12.8730746375 12.9481334822 12.9779915838 0.804567164845 0.809258342636 0.811124473987
406048 2048 127950.434 128300.866 129206.061 12.8722491432 12.9630661106 12.9985694929 0.804515571448 0.81019163191 0.812410593308
446624 2048 140739.164 141440.343 142400.746 12.8466455084 12.9338763269 12.9983144137 0.802915344278 0.808367270433 0.812394650859
491264 2048 155285.57 155517.772 156437.28 12.8627737838 12.9388256925 12.9581734092 0.80392336149 0.808676605784 0.809885838072
540384 1024 85348.898 85608.288 86016.355 12.8662326136 12.92756178 12.9668508667 0.804139538347 0.80797261125 0.810428179166
594400 1024 93872.042 93935.298 94495.093 12.8824805749 12.9592520162 12.967984653 0.805155035934 0.809953251013 0.810499040811
653824 1024 103380.129 103492.619 104043.486 12.8699220247 12.9384256089 12.9525041703 0.804370126545 0.808651600555 0.809531510645
719200 1024 113679.645 114428.258 115664.398 12.7344422784 12.8720092899 12.9567751553 0.795902642402 0.804500580617 0.809798447207
791104 1024 125046.669 125147.227 126041.066 12.8543897907 12.9461996949 12.9566105595 0.803399361919 0.809137480929 0.809788159971
870208 1024 137542.338 137840.066 138635.21 12.855218988 12.9293755852 12.957362874 0.803451186751 0.808085974074 0.809835179623
957216 1024 151464.957 151523.593 152423.94 12.8613547714 12.9377764161 12.9427849638 0.803834673215 0.808611026007 0.808924060237
1052928 512 83366.722 83408.978 83863.985 12.8565113141 12.9266452827 12.9331973974 0.803531957133 0.80791533017 0.808324837337
1158208 512 91656.703 91705.471 92297.91 12.8497491655 12.9327615797 12.939642745 0.803109322844 0.808297598733 0.808727671559
1274016 512 100845.779 101127.963 101418.503 12.8634553401 12.9004119662 12.9365095588 0.803965958756 0.806275747886 0.808531847426
1401408 512 110966.77 111345.529 111529.302 12.8669485621 12.8881851376 12.9321759298 0.804184285131 0.805511571102 0.808260995612
1541536 512 121956.375 122083.127 122725.785 12.862275552 12.9299838789 12.9434223016 0.803892221997 0.808123992433 0.808963893851
1695680 512 134254.649 134276.293 135035.927 12.8586248014 12.9313692031 12.9334539469 0.803664050086 0.808210575191 0.808340871682
1865248 512 147518.846 147993.724 148569.445 12.8560347789 12.9060469618 12.9475928249 0.80350217368 0.806627935114 0.809224551553
2051744 512 162186.663 163725.865 165615.812 12.6859013679 12.8323393252 12.9541222264 0.792868835495 0.802021207828 0.809632639152
2256896 256 89389.841 89430.403 89967.765 12.8438308098 12.9210057568 12.9268688597 0.802739425615 0.807562859803 0.807929303734
2482560 256 98375.09 98790.323 99118.778 12.8237125764 12.866348458 12.9206562352 0.801482036028 0.804146778627 0.807541014702
2730816 256 108211.343 108637.644 127428.175 10.9722813813 12.8701041418 12.9208062042 0.685767586329 0.804381508863 0.807550387763
3003872 256 119006.399 119420.782 139957.003 10.9889639749 12.8786835779 12.9235274483 0.68681024843 0.804917723617 0.807720465519
3304256 256 131596.298 132602.236 154278.763 10.9657287828 12.7582997318 12.8558257163 0.685358048923 0.79739373324 0.80348910727
3634656 256 144977.889 145315.204 170009.095 10.9461430402 12.8062571622 12.8360530343 0.684133940011 0.800391072637 0.802253314642
3998112 256 159621.884 160660.554 187040.563 10.9443283915 12.7413561888 12.8242650237 0.684020524468 0.796334761798 0.801516563982
4397920 128 87964.977 88332.895 103347.764 10.8939707684 12.7457332854 12.7990429646 0.680873173028 0.796608330339 0.799940185285
4837696 128 96730.849 96989.383 113798.261 10.8828567776 12.7689251926 12.8030528916 0.680178548598 0.798057824535 0.800190805727
5321440 128 106768.184 106815.831 124979.74 10.9000758043 12.7536211369 12.7593126432 0.681254737768 0.797101321058 0.797457040198
5853568 128 117414.488 117671.512 137813.556 10.8734833604 12.7347170316 12.7625937269 0.679592710023 0.795919814475 0.797662107933
6438912 128 129391.428 131248.539 152793.09 10.7881938378 12.5590843491 12.7393405999 0.674262114864 0.78494277182 0.796208787494
7082784 128 142305.302 142427.957 166649.724 10.8802622679 12.7305954687 12.7415681532 0.680016391746 0.795662216794 0.796348009577
7791040 128 156528.1 156534.814 183311.762 10.8804051537 12.741614399 12.7421609283 0.680025322107 0.796350899935 0.796385058018
8570144 64 86048.301 86501.703 100837.323 10.8786945088 12.6815819106 12.7484031556 0.679918406799 0.792598869412 0.796775197223
9427136 64 94628.191 97126.406 110822.059 10.8883864719 12.4237419842 12.7517328108 0.680524154492 0.776483874015 0.796983300674
10369824 64 104034.31 107564.062 121889.221 10.8897034628 12.3399716162 12.7586511796 0.680606466424 0.771248226011 0.797415698725
11406784 64 114476.47 118250.785 133945.524 10.9004639229 12.3472191073 12.7543097022 0.681278995183 0.771701194203 0.79714435639
12547456 64 125940.548 129251.363 147304.933 10.9030589492 12.4259762584 12.7526391897 0.681441184322 0.776623516148 0.797039949358
13802176 64 138506.025 142748.886 161921.62 10.9107019063 12.3761283013 12.75524677 0.681918869142 0.77350801883 0.797202923122
15182368 64 154451.068 157596.361 177771.626 10.9316832372 12.3311419862 12.5822574694 0.683230202327 0.770696374138 0.786391091838
16700576 64 170135.747 172920.458 195437.79 10.9378730081 12.3621794247 12.5645184254 0.683617063005 0.772636214045 0.785282401587
18370624 32 93074.299 95392.116 107754.601 10.9110880193 12.3251269109 12.6320579218 0.681943001209 0.770320431932 0.789503620113
20207680 32 103232.763 105245.845 118295.032 10.9327627554 12.2882905259 12.5279173241 0.683297672213 0.768018157866 0.782994832755
22228448 32 114082.461 115992.946 129995.926 10.9435788934 12.264717132 12.4701085472 0.683973680837 0.766544820751 0.779381784199
24451264 32 126143.335 126897.103 142959.783 10.9463015623 12.3318882701 12.405577322 0.684143847644 0.770743016884 0.775348582626
26896384 32 141385.33 143483.203 157600.823 10.9223324043 11.9970041093 12.1750154418 0.68264577527 0.749812756828 0.760938465115
29586016 32 156330.367 156588.332 173209.152 10.9318993952 12.092248508 12.1122022569 0.683243712203 0.755765531751 0.757012641056
32544608 32 172557.631 173851.911 190433.027 10.9374668082 11.9806270752 12.0704885662 0.683591675513 0.748789192199 0.754405535389
35799040 16 95589.819 98179.816 105028.432 10.9072301489 11.6680732015 11.9842185285 0.681701884305 0.729254575095 0.749013658034
39378944 16 105593.294 105734.251 115458.502 10.9141049483 11.9178619613 11.933771173 0.682131559268 0.744866372582 0.745860698313
43316832 16 117355.801 117532.296 127283.053 10.8902056584 11.7936828529 11.8114197354 0.68063785365 0.737105178308 0.738213733465
47648512 16 130153.129 140009.311 140786.766 10.8302252216 10.8903641701 11.7150651369 0.67688907635 0.680647760634 0.732191571053
52413344 16 143043.057 143259.731 154727.197 10.8398978364 11.7075956816 11.7253297236 0.677493614778 0.731724730099 0.732833107726
57654656 16 158004.963 158768.499 169635.335 10.875971047 11.620371822 11.6765255785 0.679748190434 0.726273238875 0.729782848656
63420096 16 175061.08 175560.338 190161.853 10.6721881386 11.559803855 11.5927713459 0.667011758662 0.722487740938 0.724548209116
69762080 8 96518.889 96946.538 102917.959 10.8454665332 11.5134929315 11.5645060937 0.677841658325 0.719593308221 0.722781630858
76738272 8 106633.116 106822.746 115793.174 10.6034950903 11.4939223899 11.5143624988 0.662718443144 0.718370149369 0.719647656175
84412096 8 117567.797 118271.623 126182.387 10.7035028272 11.4194216816 11.4877846695 0.668968926701 0.713713855098 0.717986541842
92853280 8 129988.458 130015.695 140246.2 10.5931745744 11.4267164437 11.4291107292 0.662073410902 0.714169777733 0.714319420575
102138592 8 143576.268 144041.26 153051.005 10.6776003986 11.3454816488 11.3822255918 0.667350024915 0.70909260305 0.711389099485
112352448 8 157609.889 158025.755 169304.868 10.6177642098 11.3756087924 11.4056242245 0.663610263114 0.710975549524 0.712851514032
123587680 8 174520.863 175795.947 219381.158 9.01354928576 11.2482848083 11.3304670055 0.56334683036 0.703017800518 0.708154187846
135946432 4 95875.954 96016.864 96284.982 11.2953384153 11.3268795782 11.3435268243 0.705958650956 0.707929973635 0.708970426516
149541056 4 105588.822 106119.733 106167.536 11.268307555 11.2733835092 11.3300671922 0.704269222185 0.704586469323 0.708129199509
164495136 4 116493.736 116602.509 116740.331 11.2725488846 11.285872828 11.2964107186 0.704534305286 0.70536705175 0.706025669912
180944640 4 128068.084 128416.251 129267.843 11.1981223358 11.2723826519 11.3030278488 0.699882645988 0.704523915746 0.706439240553
199039104 4 141125.647 141265.534 141384.168 11.2623135569 11.2717715844 11.2829444247 0.703894597307 0.704485724027 0.705184026543
218943008 4 155668.826 155871.175 156428.668 11.1970784281 11.2371261973 11.2517329835 0.699817401757 0.702320387333 0.703233311466
240837280 4 170826.415 171119.793 171279.951 11.2488252639 11.2593534986 11.2786903595 0.703051578991 0.703709593665 0.704918147466
264920992 4 188063.163 188327.515 188930.755 11.2176968541 11.2536287435 11.2694474675 0.701106053379 0.70335179647 0.704340466719
291413088 2 103599.941 103676.093 103837.103 11.225778824 11.2432125697 11.2514769868 0.701611176498 0.702700785609 0.703217311678
320554368 2 114001.678 114144.193 114193.151 11.2284971627 11.2333132181 11.247356131 0.701781072667 0.702082076133 0.702959758189
352609792 2 125550.307 125721.975 125855.765 11.2067903127 11.2187162825 11.2340559072 0.700424394544 0.701169767656 0.702128494198
387870752 2 138031.608 138198.075 138474.635 11.204095306 11.2265167804 11.2400560312 0.700255956623 0.701657298772 0.702503501952
426657824 2 151647.474 152061.892 152443.398 11.1951801022 11.2232675364 11.2539381698 0.699698756387 0.701454221022 0.703371135612
469323584 2 167232.065 167354.436 168555.095 11.1375709883 11.2174758009 11.2256841175 0.696098186768 0.701092237555 0.701605257341
516255936 2 183823.618 184208.072 185405.69 11.1378660709 11.2102782553 11.2337237536 0.69611662943 0.700642390959 0.7021077346
567881504 1 101272.66 101659.483 102291.702 11.1031783204 11.1722288417 11.2149025018 0.693948645023 0.698264302603 0.700931406364
624669632 1 111212.147 111353.131 111478.061 11.2070415721 11.2196150461 11.2338381886 0.700440098254 0.701225940382 0.702114886785
687136576 1 122434.336 122484.377 122675.506 11.2025064889 11.2199872805 11.2245730805 0.700156655559 0.701249205031 0.701535817534
755850208 1 134591.054 134960.018 135170.457 11.1836598733 11.2010982097 11.2318045745 0.698978742078 0.700068638106 0.701987785904
831435200 1 148365.341 149903.579 150322.998 11.0619826781 11.0929332781 11.2079437744 0.691373917383 0.693308329883 0.700496485901
914578720 1 162854.075 163365.248 163664.013 11.1762959155 11.1967353057 11.2318800742 0.698518494716 0.699795956604 0.70199250464
1006036576 1 179003.331 179573.315 179632.531 11.2010510613 11.2047447139 11.2404229617 0.700065691331 0.700296544617 0.702526435109

META_DATA
ERT_VERSION  1.1.0
OPENMP_THREADS 2
UNAME  ('Linux', 'atajo-Inspiron-15-7568', '4.15.0-33-generic', '#36-Ubuntu SMP Wed Aug 15 16:00:05 UTC 2018', 'x86_64', 'x86_64')
FLOPS          1
HOSTNAME  ('atajo-Inspiron-15-7568', [], ['127.0.1.1'])
MPI_PROCS      2
TIMESTAMP_DATA  1535285660.54
TIMESTAMP_DATA  1535285574.4
TIMESTAMP_DATA  1535285617.89
CONFIG  {'ERT_WORKING_SET_MIN': ['1'], 'ERT_CFLAGS': [], 'ERT_CC': ['mpicc'], 'ERT_MPI_CFLAGS': ['-I/usr/include/mpi'], 'ERT_MPI_LDFLAGS': ['-lmpi'], 'ERT_MEMORY_MAX': ['1073741824'], 'ERT_PROCS_THREADS': ['1-4'], 'ERT_LDFLAGS': [], 'ERT_LDLIBS': [], 'ERT_RUN': ['export', 'OMP_NUM_THREADS=ERT_OPENMP_THREADS;', 'mpirun', '-np', 'ERT_MPI_PROCS', 'ERT_CODE'], 'ERT_FLOPS': ['1,2,4,8,16'], 'ERT_OPENMP_CFLAGS': ['-fopenmp'], 'ERT_MPI': ['True'], 'ERT_TRIALS_MIN': ['1'], 'ERT_DRIVER': ['driver1'], 'ERT_RESULTS': ['Results/myLaptop'], 'ERT_OPENMP': ['True'], 'ERT_MPI_PROCS': ['1,2,4'], 'ERT_KERNEL': ['kernel1'], 'ERT_GPU': [False], 'ERT_OPENMP_THREADS': ['1,2,4'], 'ERT_LD': ['mpicc'], 'ERT_NUM_EXPERIMENTS': ['3'], 'ERT_OPENMP_LDFLAGS': ['-fopenmp'], 'ERT_ALIGN': ['64'], 'ERT_GNUPLOT': ['gnuplot']}
