32 33554432 375394.347 375657.868 376077.906 5.71020954366 5.71659435601 5.72060731644 1.42755238591 1.429148589 1.43015182911
64 16777216 302161.624 303513.225 303546.162 7.07465261247 7.07542034783 7.10706945366 1.76866315312 1.76885508696 1.77676736342
96 8388608 216020.175 216407.152 216809.22 7.42870960931 7.44251158575 7.4558440479 1.85717740233 1.86062789644 1.86396101197
128 8388608 280174.964 280501.766 280918.912 7.64449653002 7.65586498304 7.66479494578 1.9111241325 1.91396624576 1.91619873644
160 4194304 171893.59 171908.651 172551.238 7.77842741412 7.80750283475 7.80818691378 1.94460685353 1.95187570869 1.95204672844
192 4194304 203798.98 208677.998 265375.655 6.06918044536 7.7181722627 7.90294797354 1.51729511134 1.92954306568 1.97573699338
224 4194304 235579.132 238033.739 241697.595 7.77437686958 7.8940414073 7.9762930445 1.94359421739 1.97351035182 1.99407326112
256 4194304 267363.768 267580.174 276451.233 7.76803787307 8.02557086311 8.03206681318 1.94200946827 2.00639271578 2.0080167033
288 2097152 149492.002 151101.806 154817.632 7.8024675639 7.99434225161 8.0804292928 1.95061689098 1.9985855629 2.0201073232
320 2097152 165323.408 165753.584 174413.085 7.69539326708 8.09742539262 8.11849511353 1.92384831677 2.02435634816 2.02962377838
352 2097152 181252.49 181504.032 191110.396 7.72535162347 8.13422705673 8.14551572781 1.93133790587 2.03355676418 2.03637893195
384 2097152 197136.683 202919.916 211550.095 7.61338696634 7.93718412539 8.17003061779 1.90334674158 1.98429603135 2.04250765445
416 2097152 213049.45 213536.379 227441.177 7.67156803801 8.17111572356 8.18979098045 1.9178920095 2.04277893089 2.04744774511
448 2097152 229466.679 229673.562 245678.152 7.64841389722 8.18138655419 8.18876274407 1.9121034743 2.04534663855 2.04719068602
480 2097152 245267.288 250693.412 259349.378 7.76275592224 8.03078909788 8.20845672661 1.94068898056 2.00769727447 2.05211418165
512 2097152 261165.151 263302.367 275445.785 7.79639321037 8.15596028425 8.22270367918 1.94909830259 2.03899007106 2.05567591979
544 1048576 138324.958 138896.413 146165.299 7.80520886835 8.21367998899 8.24761275547 1.95130221709 2.05341999725 2.06190318887
576 1048576 146217.157 146717.653 153533.372 7.86773283401 8.23322570461 8.26140773617 1.9669332085 2.05830642615 2.06535193404
608 1048576 162910.97 163332.715 169998.38 7.50047392216 7.8065708759 7.82678057837 1.87511848054 1.95164271897 1.95669514459
640 1048576 171010.406 171096.028 178970.688 7.49942515726 7.84458467966 7.84851232971 1.87485628932 1.96114616992 1.96212808243
704 1048576 177963.066 178365.709 185306.963 7.96729374924 8.27734779447 8.29607536656 1.99182343731 2.06933694862 2.07401884164
768 1048576 193890.097 194360.694 202021.212 7.97249318552 8.28672044153 8.30683341192 1.99312329638 2.07168011038 2.07670835298
832 1048576 209803.83 209831.022 217164.547 8.03460089643 8.31540754732 8.31648528056 2.00865022411 2.07885188683 2.07912132014
896 1048576 225659.54 228303.635 233771.853 8.03795738403 8.23047864306 8.32691669938 2.00948934601 2.05761966076 2.08172917484
960 1048576 241853.579 249191.066 258254.527 7.79566555284 8.07920585724 8.32431725147 1.94891638821 2.01980146431 2.08107931287
1056 524288 137998.411 138001.123 141773.087 7.81034171881 8.02382061775 8.02397830508 1.9525854297 2.00595515444 2.00599457627
1152 524288 144763.563 148468.799 149963.44 8.05502695857 8.13611721881 8.34436184746 2.01375673964 2.0340293047 2.08609046187
1248 524288 156741.518 157581.958 160329.617 8.16207805199 8.30439515163 8.34892289355 2.040519513 2.07609878791 2.08723072339
1344 524288 173998.948 174359.118 177321.518 7.94763184917 8.08266387308 8.09939462393 1.98690796229 2.02066596827 2.02484865598
1472 524288 184665.093 185489.239 188206.832 8.20110436799 8.321258313 8.35839544402 2.050276092 2.08031457825 2.089598861
1600 524288 200406.302 203840.656 204027.545 8.2230151816 8.23055436007 8.37160100883 2.0557537954 2.05763859002 2.09290025221
1760 524288 220213.315 223834.081 223976.897 8.23966125399 8.2449185207 8.38048217021 2.0599153135 2.06122963017 2.09512054255
1920 524288 240116.566 243752.628 244096.603 8.24782440745 8.25946344258 8.38453570088 2.06195610186 2.06486586065 2.09613392522
2112 262144 132396.055 133771.772 133814.246 8.27487572586 8.27750308937 8.36351397328 2.06871893147 2.06937577234 2.09087849332
2304 262144 143953.694 146007.388 146992.93 8.21780715576 8.27327691117 8.39130638773 2.05445178894 2.06831922779 2.09782659693
2528 262144 162068.331 162164.128 168467.781 7.86738007786 8.17320131367 8.17803241276 1.96684501946 2.04330032842 2.04450810319
2752 262144 175027.173 175603.575 177055.562 8.14908359671 8.21646470466 8.24352328424 2.03727089918 2.05411617617 2.06088082106
3008 262144 189710.625 191347.544 191579.051 8.23189328775 8.24185286643 8.31296773178 2.05797332194 2.06046321661 2.07824193294
3296 262144 207830.335 209250.213 210336.086 8.21567654349 8.25831058055 8.31473060947 2.05391913587 2.06457764514 2.07868265237
3616 262144 227330.483 229036.223 229224.316 8.27061212825 8.2774042602 8.33951251491 2.06765303206 2.06935106505 2.08487812873
3968 262144 250496.47 250897.397 274178.536 7.58766464491 8.29173522275 8.30500638991 1.89691616123 2.07293380569 2.07625159748
4352 131072 137431.936 137524.909 137858.127 8.27554176766 8.29559311324 8.30120509981 2.06888544192 2.07389827831 2.07530127495
4768 131072 150221.678 150349.96 150480.566 8.30607317094 8.3132884904 8.32038763407 2.07651829273 2.0783221226 2.08009690852
5216 131072 164323.96 164329.543 166106.055 8.23174750613 8.32073818887 8.32102089068 2.05793687653 2.08018454722 2.08025522267
5728 131072 180667.473 180691.265 186656.364 8.04451988575 8.31009087241 8.3111852237 2.01112997144 2.0775227181 2.07779630592
6272 131072 197082.879 197889.902 203402.589 8.08331484906 8.30849452844 8.34251649023 2.02082871226 2.07712363211 2.08562912256
6880 131072 215882.821 221784.493 222166.815 8.11800232181 8.13199649626 8.35430402311 2.02950058045 2.03299912406 2.08857600578
7552 131072 236783.637 237927.896 242995.776 8.14710247474 8.32063629899 8.36084584679 2.03677561868 2.08015907475 2.0902114617
8288 65536 130043.31 130064.946 132905.208 8.17368071837 8.35217150669 8.35356110207 2.04342017959 2.08804287667 2.08839027552
9088 65536 142170.749 142473.124 145366.7 8.19432742162 8.36075115472 8.37853316789 2.0485818554 2.09018778868 2.09463329197
9984 65536 156195.288 156466.351 159160.573 8.22202900715 8.36360559083 8.37811988285 2.05550725179 2.09090139771 2.09452997071
10976 65536 172196.77 174472.943 205203.229 7.01083642305 8.24566977127 8.35466467809 1.75270910576 2.06141744282 2.08866616952
12064 65536 188675.023 189014.776 191343.247 8.26395826763 8.36576188097 8.38082636937 2.06598956691 2.09144047024 2.09520659234
13248 65536 206979.6 207164.556 209669.394 8.28180891294 8.38194471838 8.38943478488 2.07045222824 2.0954861796 2.09735869622
14560 65536 227268.502 227317.42 230001.633 8.29736856694 8.39534568006 8.39715272115 2.07434214174 2.09883642002 2.09928818029
16000 65536 249673.67 249740.128 252273.251 8.31301769683 8.39733693097 8.39957212949 2.07825442421 2.09933423274 2.09989303237
17600 32768 137265.962 137475.744 176484.394 6.53561243494 8.39008807255 8.40291054821 1.63390310874 2.09752201814 2.10072763705
19360 32768 150928.635 151066.09 152667.123 8.31074127204 8.39882041033 8.40646945492 2.07768531801 2.09970510258 2.10161736373
21280 32768 165965.484 166047.92 167135.017 8.34418845932 8.39881691984 8.40298865998 2.08604711483 2.09970422996 2.10074716499
23392 32768 182921.268 184954.676 185005.736 8.28632746825 8.28861505507 8.38075380059 2.07158186706 2.07215376377 2.09518845015
25728 32768 201054.621 201382.093 201851.952 8.35320239063 8.37269184604 8.38632904637 2.08830059766 2.09317296151 2.09658226159
28288 32768 221093.488 221152.132 221687.06 8.36260974366 8.38283742162 8.38506092952 2.09065243592 2.0957093554 2.09626523238
31104 32768 242984.81 243511.122 244231.017 8.34632623259 8.37100058206 8.38913240708 2.08658155815 2.09275014551 2.09728310177
34208 16384 133579.703 133650.821 133920.95 8.37007013466 8.38698734219 8.39145258468 2.09251753366 2.09674683555 2.09786314617
37600 16384 146907.84 147125.637 147175.67 8.37147063778 8.37431752292 8.38673279792 2.09286765944 2.09357938073 2.09668319948
41344 16384 161428.443 161853.675 174788.587 7.75085041451 8.37027761032 8.39232645018 1.93771260363 2.09256940258 2.09808161254
45472 16384 177647.857 177764.166 177840.428 8.37844641265 8.38204082143 8.38752868266 2.09461160316 2.09551020536 2.09688217066
50016 16384 195639.927 195653.443 217162.13 7.54700779551 8.37666980386 8.37724851533 1.88675194888 2.09416745097 2.09431212883
55008 16384 215108.397 215335.948 217104.386 8.3024676618 8.37065135079 8.37950618915 2.07561691545 2.0926628377 2.09487654729
60480 16384 236372.061 236625.469 238822.225 8.29825884086 8.37529725086 8.38427617721 2.07456471021 2.09382431272 2.0960690443
66528 8192 130047.086 130087.603 130246.931 8.36867896718 8.37892871314 8.38153922188 2.0921697418 2.09473217828 2.09538480547
73152 8192 143118.33 143161.633 143483.411 8.35303788533 8.37181263502 8.37434567606 2.08825947133 2.09295315876 2.09358641901
80448 8192 157217.186 157302.638 158552.863 8.31306358687 8.37913495132 8.38368924883 2.07826589672 2.09478373783 2.09592231221
88480 8192 172984.819 173019.232 173302.071 8.3649105382 8.37858487315 8.38025167977 2.09122763455 2.09464621829 2.09506291994
97312 8192 190070.806 190279.274 190411.134 8.37324884584 8.37905135165 8.38824142199 2.09331221146 2.09476283791 2.0970603555
107040 8192 209352.684 211411.57 253908.603 6.90698676326 8.29539915909 8.37698054065 1.72674669082 2.07384978977 2.09424513516
117728 8192 230056.07 230277.695 230338.43 8.37400668225 8.37621529953 8.3842845442 2.09350167056 2.09405382488 2.09607113605
129472 8192 253200.012 253421.387 253527.84 8.3670071421 8.37052181393 8.37784023486 2.09175178552 2.09263045348 2.09446005871
142400 4096 139147.834 139310.08 139805.049 8.34405343973 8.37369987872 8.38346359024 2.08601335993 2.09342496968 2.09586589756
156640 4096 153043.142 153297.596 155753.164 8.23864406376 8.37061319605 8.38453042215 2.05966101594 2.09265329901 2.09613260554
172288 4096 168406.022 168633.982 170895.505 8.25875025794 8.36950701905 8.38083626249 2.06468756449 2.09237675476 2.09520906562
189504 4096 185232.492 185242.006 187674.135 8.27187384133 8.38047914467 8.38090958686 2.06796846033 2.09511978617 2.09522739671
208448 4096 203686.279 203825.086 203924.005 8.37373714782 8.37780103279 8.38351029035 2.09343428695 2.0944502582 2.09587757259
229280 4096 223942.55 224388.996 224475.64 8.36733001407 8.37056091645 8.38724824737 2.09183250352 2.09264022911 2.09681206184
252192 4096 246342.328 246745.908 247137.659 8.35953885927 8.37281104577 8.38652813251 2.08988471482 2.09320276144 2.09663203313
277408 2048 135547.444 136168.788 136192.733 8.34305284115 8.34451994976 8.38277089164 2.08576321029 2.08612998744 2.09569272291
305120 2048 149067.114 149112.19 149194.978 8.37676667642 8.38141750852 8.38395194261 2.09419166911 2.09535437713 2.09598798565
335616 2048 163971.573 164064.708 164392.587 8.36219662387 8.37890825369 8.38366742996 2.09054915597 2.09472706342 2.09591685749
369152 2048 180361.164 180410.536 182144.105 8.30137539724 8.38114350483 8.38343775603 2.07534384931 2.09528587621 2.09585943901
406048 2048 198348.361 198432.55 198515.412 8.37805282343 8.38155135334 8.38510890443 2.09451320586 2.09538783834 2.09627722611
446624 2048 218269.724 218735.898 220296.922 8.3041192196 8.3633821459 8.38124440933 2.0760298049 2.09084553647 2.09531110233
491264 2048 240082.677 240895.405 242578.651 8.29511309303 8.3530748293 8.38135166245 2.07377827326 2.08826870733 2.09533791561
540384 1024 132157.829 132363.326 132587.277 8.34700324979 8.36112589072 8.37412690852 2.08675081245 2.09028147268 2.09353172713
594400 1024 145299.277 145423.605 145463.871 8.36861546191 8.37093262817 8.3780953707 2.09215386548 2.09273315704 2.09452384268
653824 1024 159851.745 159881.799 160057.635 8.36593363384 8.37513438287 8.37670900621 2.09148340846 2.09378359572 2.09417725155
719200 1024 175957.463 176031.534 176331.296 8.35314906323 8.36737354115 8.37089586817 2.08828726581 2.09184338529 2.09272396704
791104 1024 193486.814 193521.986 193767.207 8.36148188893 8.37207712409 8.37359899884 2.09037047223 2.09301928102 2.09339974971
870208 1024 212849.729 212924.306 212955.788 8.36880744467 8.37004481771 8.37297746336 2.09220186117 2.09251120443 2.09324436584
957216 1024 234178.14 234196.831 234574.537 8.3571660977 8.37064429792 8.37131240345 2.08929152442 2.09266107448 2.09282810086
1052928 512 129170.177 129450.756 163868.962 6.57963691745 8.3290225976 8.347114613 1.64490922936 2.0822556494 2.08677865325
1158208 512 141705.082 141751.737 141797.042 8.36410248953 8.36677572424 8.36953040259 2.09102562238 2.09169393106 2.09238260065
1274016 512 155929.582 155989.396 158857.959 8.21231993796 8.363340185 8.36654833077 2.05307998449 2.09083504625 2.09163708269
1401408 512 171506.056 171874.766 173986.388 8.24801186171 8.3493454298 8.36729515837 2.06200296543 2.08733635745 2.09182378959
1541536 512 188559.642 188567.384 191177.373 8.25690215965 8.3711871614 8.37153087085 2.06422553991 2.09279679035 2.09288271771
1695680 512 207547.203 208152.686 208284.601 8.33655638325 8.34183960518 8.36617547672 2.08413909581 2.0854599013 2.09154386918
1865248 512 228109.269 228283.513 229166.927 8.3345968679 8.36685018072 8.37324129955 2.08364921697 2.09171254518 2.09331032489
2051744 512 251042.08 251529.728 251757.945 8.34526138192 8.35283317286 8.36905851003 2.08631534548 2.08820829322 2.09226462751
2256896 256 138081.61 138155.982 138675.341 8.33263321126 8.36395742893 8.36846233181 2.08315830282 2.09098935723 2.09211558295
2482560 256 151901.841 151928.329 151935.363 8.36586489743 8.36625222147 8.36771109311 2.09146622436 2.09156305537 2.09192777328
2730816 256 167171.615 167346.118 199119.312 7.02180907495 8.35500583288 8.36372725118 1.75545226874 2.08875145822 2.0909318128
3003872 256 183964.572 184496.291 185101.658 8.30885298715 8.33611589514 8.36021005175 2.07721324679 2.08402897379 2.09005251294
3304256 256 202755.881 202768.881 203256.938 8.32335215047 8.34338614316 8.34392109199 2.08083803762 2.08584653579 2.085980273
3634656 256 223203.457 223644.759 224071.193 8.30514555256 8.32098136492 8.33743301745 2.07628638814 2.08024534123 2.08435825436
3998112 256 245902.983 246246.379 248978.316 8.22173342999 8.31294800075 8.32455677856 2.0554333575 2.07823700019 2.08113919464
4397920 128 135520.238 135863.626 136070.062 8.27417510841 8.2867471828 8.30774455989 2.0685437771 2.0716867957 2.07693613997
4837696 128 149557.418 149603.344 149670.798 8.27449437398 8.2782252247 8.28076729701 2.06862359349 2.06955630617 2.07019182425
5321440 128 164353.429 164500.157 164585.747 8.27707541407 8.281382005 8.28877528317 2.06926885352 2.07034550125 2.07219382079
5853568 128 180577.096 180683.912 181314.87 8.26470221665 8.2935630041 8.29846886008 2.06617555416 2.07339075103 2.07461721502
6438912 128 198601.688 199052.161 199064.703 8.28053113967 8.28105288442 8.29983616252 2.07013278492 2.07026322111 2.07495904063
7082784 128 218229.413 218769.901 220123.27 8.2371695823 8.28812691194 8.30865408596 2.05929239557 2.07203172798 2.07716352149
7791040 128 240154.135 240223.357 241293.548 8.26589130348 8.3027157097 8.30510888351 2.06647282587 2.07567892742 2.07627722088
8570144 64 132075.33 132093.922 132710.722 8.26593673418 8.30453373926 8.30570275312 2.06648418355 2.07613343481 2.07642568828
9427136 64 145200.895 145655.571 147739.191 8.16759182064 8.28443017809 8.31037169571 2.04189795516 2.07110754452 2.07759292393
10369824 64 159646.716 159758.914 159800.046 8.30623961147 8.30837816036 8.31421719943 2.07655990287 2.07709454009 2.07855429986
11406784 64 175555.977 175705.47 178183.07 8.19420359072 8.30974899074 8.31682507739 2.04855089768 2.07743724769 2.07920626935
12547456 64 193040.688 193226.222 193566.744 8.29726395563 8.31188619938 8.31987486493 2.07431598891 2.07797154984 2.07996871623
13802176 64 212212.908 212709.949 212794.054 8.3022927323 8.30557543879 8.32502859817 2.07557318307 2.0763938597 2.08125714954
15182368 64 233280.311 233327.445 233580.628 8.31979569813 8.32882348667 8.33050631521 2.07994892453 2.08220587167 2.0826265788
16700576 64 256516.795 256531.899 256660.739 8.32879129207 8.33297432535 8.33346498033 2.08219782302 2.08324358134 2.08336624508
18370624 32 141139.39 141141.328 145928.798 8.05680545659 8.33008979482 8.33020417617 2.01420136415 2.0825224487 2.08255104404
20207680 32 155247.231 158964.034 160369.583 8.06444399123 8.13574924753 8.33052874225 2.01611099781 2.03393731188 2.08263218556
22228448 32 170613.821 174956.744 175264.332 8.11700050869 8.13127084715 8.33824987719 2.02925012717 2.03281771179 2.0845624693
24451264 32 189924.273 191352.421 192235.61 8.14043192102 8.17800416541 8.23949920293 2.03510798025 2.04450104135 2.05987480073
26896384 32 212033.239 212141.5 213799.701 8.05131423453 8.11424721707 8.11839023032 2.01282855863 2.02856180427 2.02959755758
29586016 32 233324.499 233957.383 235594.333 8.03714164041 8.09337580939 8.11532878937 2.0092854101 2.02334395235 2.02883219734
32544608 32 253943.085 254437.896 256278.886 8.12729813411 8.18610334681 8.20205406263 2.03182453353 2.0465258367 2.05051351566
35799040 16 138288.421 138424.547 142016.785 8.06643580898 8.27576686959 8.28391322799 2.01660895224 2.0689417174 2.070978307
39378944 16 154123.627 154891.999 156444.627 8.05477460086 8.13551517274 8.17607418491 2.01369365021 2.03387879318 2.04401854623
43316832 16 170746.84 171164.599 171472.408 8.08374151951 8.0982786867 8.11809239925 2.02093537988 2.02456967168 2.02952309981
47648512 16 187112.456 187983.362 188629.122 8.08333500063 8.11110285388 8.14885559516 2.02083375016 2.02777571347 2.03721389879
52413344 16 205537.724 206329.709 206546.446 8.12033826038 8.12886818931 8.16019062272 2.0300845651 2.03221704733 2.04004765568
57654656 16 224814.426 224936.764 229059.716 8.05444547046 8.20207848282 8.20654183464 2.01361136761 2.05051962071 2.05163545866
63420096 16 247333.674 247675.824 247975.776 8.18403758922 8.1939490065 8.20528413774 2.04600939731 2.04848725163 2.05132103443
69762080 8 134167.674 135570.728 137728.422 8.10430602334 8.23329118658 8.31939055603 2.02607650584 2.05832279664 2.07984763901
76738272 8 149086.627 151165.287 151998.681 8.07778293813 8.12231681206 8.23556328764 2.01944573453 2.03057920302 2.05889082191
84412096 8 166575.469 167398.466 169628.381 7.96207290335 8.06813567814 8.10799779888 1.99051822584 2.01703391953 2.02699944972
92853280 8 181392.784 183915.818 183989.569 8.07465601487 8.07789398517 8.19025127262 2.01866400372 2.01947349629 2.04756281815
102138592 8 199763.321 201801.021 203058.799 8.04800126883 8.09816255588 8.18076844047 2.01200031721 2.02454063897 2.04519211012
112352448 8 218358.062 221463.949 221974.571 8.09840136148 8.1170735739 8.23252941309 2.02460034037 2.02926839348 2.05813235327
123587680 8 241249.835 242352.093 244490.094 8.08786502409 8.15921519605 8.19649422765 2.02196625602 2.03980379901 2.04912355691
135946432 4 131308.83 134570.375 134681.994 8.07510658032 8.08180445362 8.28254623851 2.01877664508 2.0204511134 2.07063655963
149541056 4 144581.83 146241.741 147724.88 8.09835450873 8.18048554277 8.27440383069 2.02458862718 2.04512138569 2.06860095767
164495136 4 159092.857 160776.916 163394.8 8.05387373405 8.18501262955 8.27165413215 2.01346843351 2.04625315739 2.06791353304
180944640 4 175882.917 178661.06 179273.145 8.07458986676 8.10225305951 8.23023147836 2.01864746669 2.02556326488 2.05755786959
199039104 4 195317.028 197474.487 254073.079 6.2671450209 8.06338507921 8.15245269859 1.56678625523 2.0158462698 2.03811317465
218943008 4 215448.617 216647.651 280127.822 6.25266013027 8.08475908193 8.12975310953 1.56316503257 2.02118977048 2.03243827738
240837280 4 237598.988 238203.454 305458.092 6.30756981223 8.08845634959 8.10903386508 1.57689245306 2.0221140874 2.02725846627
264920992 4 258273.245 259463.204 261786.334 8.095792869 8.16827936804 8.20591360905 2.02394821725 2.04206984201 2.05147840226
291413088 2 143845.543 144338.023 144908.006 8.04408523847 8.07585089343 8.10349996037 2.01102130962 2.01896272336 2.02587499009
320554368 2 155042.737 155405.742 156012.735 8.21867184112 8.25077281893 8.27009053639 2.05466796028 2.06269320473 2.0675226341
352609792 2 171516.307 172872.062 173064.906 8.1497699366 8.15886125081 8.22335317656 2.03744248415 2.0397153127 2.05583829414
387870752 2 190662.03 192104.704 192174.982 8.0732829625 8.07623642574 8.13734652883 2.01832074063 2.01905910643 2.03433663221
426657824 2 210720.547 211494.108 273428.896 6.2415908522 8.06940350319 8.09902650832 1.56039771305 2.0173508758 2.02475662708
469323584 2 230626.18 231020.342 242935.59 7.72753936959 8.12609971809 8.13998799269 1.9318848424 2.03152492952 2.03499699817
516255936 2 252731.563 253549.062 255199.303 8.091807931 8.14447400322 8.17081855344 2.02295198275 2.03611850081 2.04270463836
567881504 1 136679.268 137656.326 138843.384 8.18017377047 8.25071423161 8.30969483975 2.04504344262 2.0626785579 2.07742370994
624669632 1 152609.073 154366.161 154527.722 8.08488760353 8.09334931896 8.18653333934 2.02122190088 2.02333732974 2.04663333483
687136576 1 167285.556 168461.213 169415.211 8.11186400494 8.15780159436 8.21513336154 2.02796600123 2.03945039859 2.05378334039
755850208 1 183745.399 184982.683 185797.979 8.13625866189 8.17211855447 8.22714704274 2.03406466547 2.04302963862 2.05678676069
831435200 1 201958.345 203931.251 204484.348 8.13201800658 8.15407345292 8.23372958419 2.03300450165 2.03851836323 2.05843239605
914578720 1 223037.951 224093.703 227095.099 8.05458791517 8.16246693018 8.20110403543 2.01364697879 2.04061673255 2.05027600886
1006036576 1 245778.102 247842.374 315081.922 6.38587304288 8.11835813032 8.18654361649 1.59646826072 2.02958953258 2.04663590412

META_DATA
ERT_VERSION  1.1.0
TIMESTAMP_DATA  1535288189.68
TIMESTAMP_DATA  1535288253.78
OPENMP_THREADS 1
HOSTNAME  ('atajo-Inspiron-15-7568', [], ['127.0.1.1'])
FLOPS          4
UNAME  ('Linux', 'atajo-Inspiron-15-7568', '4.15.0-33-generic', '#36-Ubuntu SMP Wed Aug 15 16:00:05 UTC 2018', 'x86_64', 'x86_64')
MPI_PROCS      4
TIMESTAMP_DATA  1535288317.46
CONFIG  {'ERT_WORKING_SET_MIN': ['1'], 'ERT_CFLAGS': [], 'ERT_CC': ['mpicc'], 'ERT_MPI_CFLAGS': ['-I/usr/include/mpi'], 'ERT_MPI_LDFLAGS': ['-lmpi'], 'ERT_MEMORY_MAX': ['1073741824'], 'ERT_PROCS_THREADS': ['1-4'], 'ERT_LDFLAGS': [], 'ERT_LDLIBS': [], 'ERT_RUN': ['export', 'OMP_NUM_THREADS=ERT_OPENMP_THREADS;', 'mpirun', '-np', 'ERT_MPI_PROCS', 'ERT_CODE'], 'ERT_FLOPS': ['1,2,4,8,16'], 'ERT_OPENMP_CFLAGS': ['-fopenmp'], 'ERT_MPI': ['True'], 'ERT_TRIALS_MIN': ['1'], 'ERT_DRIVER': ['driver1'], 'ERT_RESULTS': ['Results/myLaptop'], 'ERT_OPENMP': ['True'], 'ERT_MPI_PROCS': ['1,2,4'], 'ERT_KERNEL': ['kernel1'], 'ERT_GPU': [False], 'ERT_OPENMP_THREADS': ['1,2,4'], 'ERT_LD': ['mpicc'], 'ERT_NUM_EXPERIMENTS': ['3'], 'ERT_OPENMP_LDFLAGS': ['-fopenmp'], 'ERT_ALIGN': ['64'], 'ERT_GNUPLOT': ['gnuplot']}
