64 16777216 257340.971 272661.832 281488.385 7.62903111615 7.87599654945 8.3448960329 0.476814444759 0.492249784341 0.521556002056
128 8388608 209982.89 214404.622 225650.428 9.51686051311 10.0160324342 10.2269458621 0.594803782069 0.626002027139 0.639184116382
192 4194304 145096.125 151112.392 154487.356 10.4255311095 10.6583762899 11.1003152979 0.651595694343 0.666148518118 0.693769706117
256 4194304 176499.893 179012.681 207067.138 10.3709534441 11.9962654936 12.1670535404 0.648184590256 0.749766593351 0.760440846273
320 2097152 106152.791 122852.521 123192.416 10.8949667811 10.9251097908 12.6438246923 0.680935423817 0.682819361924 0.790239043267
384 2097152 131584.365 135041.17 181387.197 8.87941796686 11.9268274705 12.2401528175 0.554963622929 0.745426716904 0.765009551097
448 2097152 156196.506 156759.423 173181.994 10.8501360251 11.9868276882 12.0300270481 0.678133501569 0.749176730511 0.751876690507
512 2097152 164417.93 167690.963 193218.287 11.11428779 12.8061978391 13.0611281142 0.694642986872 0.800387364941 0.816320507137
576 1048576 87873.375 101917.163 106122.186 11.3827239857 11.8523663379 13.7465933453 0.711420249108 0.740772896122 0.859162084078
640 1048576 107804.787 114266.006 115913.337 11.5791445121 11.7460767816 12.450071257 0.723696532005 0.734129798848 0.778129453565
704 1048576 105192.672 118955.744 126345.61 11.6853684746 12.4112964902 14.0351507375 0.730335529663 0.775706030639 0.877196921094
768 1048576 114740.513 125588.869 137175.103 11.7412905168 12.8244863484 14.037001351 0.733830657302 0.801530396774 0.87731258444
832 1048576 138154.803 138331.142 147274.286 11.8474888685 12.6134320788 12.6295317 0.740468054281 0.788339504925 0.789345731252
896 1048576 138523.983 157834.947 163402.276 11.4995227606 11.9051466593 13.5647860486 0.718720172539 0.744071666207 0.84779912804
960 1048576 147517.047 156500.373 167340.517 12.0309531493 12.8642883171 13.6476831725 0.751934571829 0.804018019816 0.852980198282
1024 1048576 164844.588 175983.879 178742.152 12.0144220262 12.2027293648 13.027322729 0.750901376638 0.762670585298 0.814207670561
1088 524288 84534.018 91258.306 100726.882 11.3261789241 12.5013353634 13.4957584531 0.707886182757 0.781333460211 0.84348490332
1152 524288 85771.603 90077.033 95066.393 12.7064834783 13.4102946308 14.0834438176 0.794155217396 0.838143414426 0.880215238603
1216 524288 103541.015 104400.195 116493.578 10.9453966295 12.2132761917 12.3146215633 0.684087289344 0.76332976198 0.769663847703
1280 524288 102277.439 116958.841 122636.078 10.9443917474 11.4756376562 13.122906607 0.684024484214 0.71722735351 0.820181662937
1408 524288 115846.916 118691.571 122220.405 12.0797751243 12.4389204352 12.7443617748 0.754985945268 0.777432527201 0.796522610926
1536 524288 127357.392 131153.49 134671.696 11.9595489166 12.2803650593 12.6464016788 0.747471807291 0.767522816206 0.790400104927
1664 524288 123828.019 136496.635 137758.431 12.665870621 12.7829558875 14.0907565032 0.791616913813 0.79893474297 0.880672281449
1792 524288 143649.776 145854.99 151358.171 12.414580459 12.8829887274 13.0807596386 0.775911278685 0.80518679546 0.817547477415
1920 524288 148653.592 148805.931 162806.979 12.365968169 13.5294736337 13.5433385289 0.772873010561 0.845592102105 0.846458658059
2112 262144 82677.047 94895.034 102176.854 10.8370556799 11.668642808 13.3930310307 0.677315979997 0.729290175501 0.837064439421
2304 262144 87168.885 92595.479 97957.328 12.3314873595 13.0455564899 13.8576919046 0.770717959967 0.815347280616 0.866105744039
2496 262144 93295.69 103984.917 109945.41 11.9024782208 12.5847371499 14.0266163206 0.743904888799 0.786546071869 0.87666352004
2688 262144 102463.192 111522.7 116194.646 12.128666789 12.6367649277 13.7540722331 0.758041674313 0.78979780798 0.859629514568
2944 262144 111417.277 114120.54 130563.246 11.8218864749 13.5252065229 13.853362006 0.738867904678 0.845325407679 0.865835125373
3200 262144 116326.011 137095.539 137466.76 12.2045620338 12.2376089859 14.4225834409 0.76278512711 0.764850561622 0.901411465059
3520 262144 135383.798 137482.023 140381.62 13.1462634496 13.4235278164 13.6315703006 0.821641465599 0.838970488527 0.851973143788
3840 262144 144951.798 150725.36 155865.7 12.9166706979 13.3571810344 13.8892097082 0.80729191862 0.834823814652 0.868075606761
4224 131072 73832.834 79130.292 92868.851 11.9232255388 13.9933295836 14.9973419143 0.745201596174 0.874583098973 0.937333869644
4608 131072 82934.527 83775.671 89894.813 13.4374777775 14.4189779393 14.5652190432 0.839842361094 0.901186121207 0.910326190201
5056 131072 95330.967 101269.75 108298.704 12.2383741914 13.0878180701 13.9031429735 0.764898386965 0.817988629378 0.868946435842
5504 131072 106225.074 114441.275 123647.804 11.6689543148 12.6076939985 13.582862517 0.729309644674 0.787980874907 0.848928907312
6016 131072 122945.175 131608.339 135546.776 11.6347902218 11.9829663985 12.8273297752 0.727174388862 0.748935399907 0.801708110953
6592 131072 123986.365 134630.08 139852.264 12.3562765348 12.8355657814 13.9374458474 0.772267283424 0.80222286134 0.871090365461
7232 131072 141558.051 144707.545 160290.903 11.8274048777 13.101081965 13.3925650615 0.739212804859 0.818817622813 0.837035316345
7936 131072 157150.996 157269.89 157406.148 13.216604373 13.2280551859 13.2380629901 0.826037773315 0.826753449119 0.827378936879
8704 65536 79487.816 84029.058 91572.502 12.4584418148 13.576859186 14.3525227564 0.778652613423 0.848553699126 0.897032672278
9536 65536 93018.229 95324.402 104550.904 11.9549668552 13.1120947604 13.4371789856 0.747185428449 0.819505922523 0.839823686602
10432 65536 100205.33 101785.075 109493.899 12.4878474188 13.4336306575 13.6454129137 0.780490463674 0.839601916096 0.852838307104
11456 65536 111383.859 112160.345 118552.302 12.6658091548 13.3876267232 13.4809553689 0.791613072178 0.836726670197 0.842559710559
12544 65536 117533.905 132898.895 137032.654 11.9983603908 12.3715638719 13.9888755334 0.749897524425 0.773222741995 0.874304720838
13760 65536 141062.644 144662.936 147539.118 12.2242205623 12.4672619668 12.7854594871 0.764013785144 0.779203872926 0.799091217941
15104 65536 145608.437 154698.208 164215.494 12.0555706394 12.7972490024 13.5961317132 0.753473164962 0.79982806265 0.849758232073
16576 32768 84188.399 92629.712 94286.848 11.5214874507 11.7276056737 12.903496787 0.72009296567 0.732975354603 0.806468549188
18176 32768 88079.152 93044.906 96101.942 12.3949871481 12.8022305273 13.523998687 0.774686696758 0.800139407954 0.845249917937
19968 32768 101364.749 108326.908 110092.939 11.8865284176 12.0803120126 12.9100388538 0.7429080261 0.755019500787 0.806877428365
21952 32768 102310.841 104471.441 111181.191 12.9396551616 13.7707133953 14.0615232749 0.808728447602 0.860669587203 0.878845204684
24128 32768 109829.082 113016.534 133758.983 11.8216554323 13.9913387186 14.3973943805 0.738853464518 0.874458669915 0.89983714878
26496 32768 122164.958 124611.285 124875.965 13.9053328317 13.9348683869 14.2139111283 0.869083301979 0.870929274183 0.888369445516
29120 32768 141513.122 144678.491 147200.21 12.9647119389 13.1906844397 13.4857339943 0.810294496183 0.824417777484 0.842858374646
32000 32768 162326.562 164258.021 165830.762 12.6463388017 12.7674252206 12.9193397196 0.790396175108 0.797964076287 0.807458732478
35200 16384 78663.592 84461.908 99504.91 11.5917254736 13.6562579193 14.6628646198 0.724482842103 0.853516119953 0.916429038735
38720 16384 89558.16 90647.722 95088.789 13.3430762274 13.9967881377 14.1670726598 0.833942264214 0.874799258607 0.885442041239
42560 16384 94263.375 104933.511 109277.538 12.7620561876 13.2903785141 14.7947819607 0.797628511726 0.830648657129 0.924673872541
46784 16384 111256.376 117774.999 121774.192 12.5890230666 13.0164986204 13.7791483699 0.78681394166 0.813531163774 0.861196773118
51456 16384 117971.752 123117.65 158970.556 10.6064308412 13.6951136413 14.2924910363 0.662901927575 0.855944602581 0.893280689771
56576 16384 130272.528 130501.876 137125.815 13.5195722848 14.205790942 14.2308005875 0.844973267798 0.887861933877 0.88942503672
62208 16384 143734.451 143976.08 153242.632 13.3019886007 14.1581278223 14.1819287569 0.831374287542 0.884882988896 0.886370547309
68416 8192 75101.308 82705.134 88602.23 12.6512362499 13.5533030392 14.9255422289 0.79070226562 0.84708143995 0.932846389307
75200 8192 87137.109 92412.053 96241.527 12.8019248905 13.332425371 14.1395189046 0.800120305656 0.833276585685 0.883719931539
82688 8192 92288.847 96361.434 106090.903 12.7698054564 14.0591534991 14.6795656901 0.798112841023 0.878697093694 0.917472855631
90944 8192 109906.678 111772.56 117268.434 12.7061174536 13.3308792068 13.5571970977 0.794132340848 0.833179950428 0.847324818607
100032 8192 114518.744 116066.524 124336.554 13.1813552433 14.1205597576 14.3114064192 0.823834702705 0.882534984851 0.8944629012
110016 8192 125675.463 128121.215 134959.637 13.3558609379 14.0687250273 14.3425144493 0.834741308618 0.879295314207 0.896407153081
120960 8192 143323.491 154132.629 157564.408 12.5777684514 12.8578137728 13.8275214075 0.78611052821 0.803613360802 0.864220087969
133056 4096 72111.052 74147.164 82220.593 13.2569556145 14.7004240378 15.1155020176 0.828559725907 0.918776502362 0.944718876102
146304 4096 78020.711 91433.085 94623.833 12.6661785937 13.1081912855 15.3615924879 0.791636162107 0.819261955341 0.960099530495
160896 4096 93165.887 100905.461 104815.375 12.5750638396 13.0623260519 14.1474532626 0.785941489977 0.816395378244 0.884215828912
176960 4096 101855.814 105592.931 111092.247 13.0491223208 13.7287250791 14.2324356664 0.815570145053 0.858045317446 0.889527229148
194624 4096 112696.854 123537.695 125299.929 12.724347258 12.9058568561 14.1473319921 0.795271703626 0.806616053505 0.884208249504
214080 4096 125890.456 128975.35 137669.22 12.7388196141 13.597508051 13.9307094098 0.796176225884 0.849844253185 0.870669338111
235456 4096 142103.354 152185.194 155645.593 12.3926126967 12.6743969062 13.5736103175 0.774538293545 0.792149806636 0.848350644841
258944 4096 155405.284 157829.393 178934.625 11.8549959126 13.4402674158 13.6499171289 0.740937244538 0.84001671349 0.853119820559
284800 2048 80871.349 88103.609 93974.727 12.413345984 13.2405563545 14.4246487096 0.775834123998 0.827534772157 0.901540544353
313280 2048 90452.383 91085.062 101993.936 12.5810899189 14.0878740358 14.1864131982 0.786318119932 0.880492127238 0.886650824888
344576 2048 103653.64 108299.582 138370.611 10.200022142 13.0322136977 13.616340883 0.637501383874 0.814513356109 0.851021305185
379008 2048 120432.256 121262.793 129272.169 12.008901684 12.8020865229 12.8903735557 0.750556355251 0.800130407684 0.805648347233
416896 2048 123328.555 124445.452 139227.808 12.2648344503 13.7217229602 13.8459906224 0.766552153145 0.857607685012 0.865374413898
458560 2048 144485.737 152330.092 157275.247 11.9425134967 12.330208269 12.9996344207 0.746407093546 0.770638016814 0.812477151291
504384 2048 148181.87 163364.947 173644.844 11.8975998159 12.64626777 13.9420353111 0.743599988491 0.790391735627 0.871377206942
554816 1024 89789.893 90001.047 91089.214 12.4741790834 12.6249994403 12.6546889637 0.779636192711 0.789062465018 0.790918060232
610240 1024 84888.165 88524.518 107547.316 11.6206667584 14.1178009012 14.7225649182 0.726291672402 0.882362556326 0.920160307388
671232 1024 107251.312 109886.27 113872.894 12.07208395 12.5100536764 12.8174015811 0.754505246876 0.781878354775 0.801087598817
738304 1024 110965.408 122587.244 125766.052 12.0226926739 12.3344529387 13.6262878608 0.751418292116 0.770903308667 0.8516429913
812096 1024 125948.785 129263.342 138127.274 12.0408704222 12.8665450101 13.2051500775 0.752554401385 0.804159063132 0.825321879842
893248 1024 136288.242 137254.341 144897.816 12.6252551936 13.3283354878 13.4228153299 0.789078449602 0.833020967985 0.838925958118
982528 1024 148537.517 154809.949 161481.116 12.4610071682 12.9979846709 13.546862669 0.778812948011 0.812374041929 0.846678916815
1080768 512 74914.981 79976.235 82796.595 13.3665693861 13.8379411334 14.7728320454 0.835410586631 0.864871320837 0.92330200284
1188800 512 84055.54 90200.191 100553.197 12.1063400898 13.4958827304 14.482462429 0.756646255613 0.843492670653 0.905153901813
1307648 512 94748.633 97469.164 99395.016 13.4718178626 13.7380018156 14.1324630193 0.841988616411 0.858625113477 0.883278938705
1438400 512 111063.665 113604.584 114923.135 12.8165804039 12.9653359762 13.2619574548 0.801036275246 0.810333498514 0.828872340923
1582208 512 112725.622 118373.037 137068.642 11.820216268 13.6870780125 14.3727837847 0.73876351675 0.855442375784 0.898298986543
1740416 512 131985.762 144412.781 149735.773 11.9022057875 12.3409158916 13.5028654379 0.74388786172 0.771307243228 0.843929089867
1914432 512 143067.361 163861.253 173226.484 11.3168513424 11.9636480993 13.7024849994 0.707303208902 0.747728006205 0.85640531246
2105856 256 74678.458 87919.328 93524.819 11.5284721588 12.2634953716 14.4378754044 0.720529509926 0.766468460723 0.902367212778
2316416 256 81983.677 94235.236 189073.269 6.27272696068 12.585578838 14.466355199 0.392045435042 0.786598677378 0.904147199936
2548032 256 99137.725 100548.778 144298.08 9.0409545574 12.9747214233 13.1593940047 0.565059659837 0.810920088954 0.822462125291
2802816 256 111006.422 112216.295 114565.723 12.5259262057 12.7881765478 12.9275564976 0.782870387856 0.799261034237 0.807972281099
3083072 256 115356.634 116935.64 121887.435 12.9507431508 13.4991595719 13.6839365823 0.809421446928 0.843697473243 0.855246036392
3391360 256 122482.58 130201.337 135815.419 12.7848246744 13.3360867101 14.1765165299 0.799051542152 0.83350541938 0.886032283121
3730496 256 143644.664 152794.575 158512.421 12.0496169319 12.500535127 13.296797102 0.753101058245 0.781283445436 0.831049818878
4103488 256 155512.242 173385.257 256801.976 8.18134614354 12.1174423498 13.5100994557 0.511334133971 0.757340146862 0.844381215982
4513792 128 86919.119 90046.721 138871.834 8.320843174 12.8325689061 13.2943219546 0.520052698375 0.802035556631 0.830895122165
4965120 128 94057.518 99595.385 101272.798 12.5509588468 12.7623455645 13.5137599527 0.784434927926 0.797646597782 0.844609997045
5461632 128 101735.837 108732.376 112215.331 12.4597751443 12.8588911917 13.743218056 0.778735946517 0.803680699482 0.8589511285
6007744 128 107445.352 122303.012 125002.35 12.3036284038 12.5751806014 14.3140902363 0.768976775237 0.78594878759 0.894630639769
6608512 128 125558.454 127813.553 129639.462 13.0498772974 13.2363042282 13.4740355436 0.815617331087 0.827269014265 0.842127221477
7269312 128 138485.09 138738.647 147362.623 12.6283302653 13.4133056091 13.4378644806 0.789270641579 0.838331600567 0.839866530036
7996224 128 150422.929 167771.766 175844.823 11.641135116 12.2012981851 13.6085193767 0.727570944753 0.762581136566 0.850532461045
8795840 64 83076.443 86196.896 93653.013 12.0216903219 13.0615784587 13.5521873511 0.75135564512 0.816348653668 0.847011709445
9675392 64 92549.781 95111.362 108645.921 11.3989569475 13.0210539515 13.3814490172 0.712434809218 0.813815871967 0.836340563572
10642880 64 95907.646 112865.859 119284.03 11.4205450637 12.0699798156 14.2041713755 0.713784066484 0.754373738475 0.887760710966
11707136 64 113223.635 113977.978 115027.478 13.0274386091 13.1473942098 13.2349876243 0.814214913066 0.821712138111 0.827186726517
12877824 64 127853.362 130875.03 139987.107 11.7750949164 12.5949271759 12.8925938764 0.735943432276 0.787182948497 0.805787117276
14165568 64 144665.485 149367.906 153734.925 11.7942796928 12.1391050632 12.5336924976 0.737142480799 0.758694066448 0.783355781097
15582080 64 150300.992 155568.728 160635.972 12.4163113353 12.8207401683 13.2700803465 0.776019458456 0.801296260518 0.829380021657
17140288 32 77779.566 80182.892 97937.478 11.2008033533 13.6809536877 14.1036841476 0.700050209584 0.855059605483 0.881480259224
18854272 32 92637.367 100149.846 106831.665 11.2950912822 12.0486796155 13.0257740162 0.705943205135 0.753042475971 0.814110876014
20739648 32 94116.735 98378.823 119852.193 11.0747866916 13.4921056333 14.1030973078 0.692174168227 0.843256602084 0.881443581739
22813568 32 113494.569 117851.762 118302.053 12.3418682514 12.3890243745 12.8646539201 0.771366765715 0.774314023408 0.804040870009
25094912 32 123955.075 125218.684 144103.531 11.1452811521 12.8261559433 12.9569069116 0.696580072004 0.801634746457 0.809806681977
27604352 32 144505.804 146567.141 148361.748 11.9079112495 12.0537148773 12.2256579258 0.744244453092 0.753357179833 0.764103620364
30364736 32 156469.469 164435.019 168802.517 11.5125244489 11.8183043723 12.4199507829 0.719532778057 0.738644023266 0.776246923929
33401152 32 172232.103 182494.94 216618.636 9.86837405808 11.7136054731 12.411586985 0.61677337863 0.73210034207 0.775724186565
36741248 16 92101.909 101196.976 108271.299 10.85901755 11.6181330952 12.7654241781 0.678688596874 0.72613331845 0.797839011133
40415360 16 99478.019 101716.679 106071.779 12.1926070458 12.7146455499 13.0007767847 0.762037940365 0.79466534687 0.812548549042
44456896 16 118560.32 122380.0 122968.669 11.5689686126 11.6246173558 11.9991298269 0.72306053829 0.726538584736 0.749945614182
48902528 16 135778.952 136209.226 145897.987 10.7258566631 11.4888024986 11.52520971 0.670366041445 0.718050156162 0.720325606873
53792768 16 148971.531 151533.798 157360.092 10.9390414947 11.3596346077 11.5550170187 0.68369009342 0.709977162982 0.722188563666
59172032 16 156485.155 172834.467 189085.084 10.0140369824 10.9555984802 12.1002214172 0.625877311401 0.684724905016 0.756263838573
65089216 16 179104.811 186348.824 201468.897 10.3383447421 11.1771830232 11.6292516118 0.646146546382 0.698573938948 0.726828225736
71598080 8 91388.617 92555.241 106413.727 10.7652397139 12.3771411281 12.5351418766 0.672827482116 0.773571320505 0.783446367287
78757888 8 100784.75 108036.896 111411.321 11.3105759513 11.6638505423 12.5031436601 0.706910996953 0.728990658895 0.781446478758
86633664 8 116210.233 126487.512 127743.614 10.8509426076 10.9586994169 11.9278534103 0.678183912974 0.684918713556 0.745490838143
95297024 8 124772.174 130681.699 132313.849 11.5237550379 11.6676810576 12.2202918737 0.72023468987 0.729230066101 0.763768242108
104826688 8 151133.986 158583.213 162200.273 10.3404696982 10.5763212655 11.0976164421 0.646279356139 0.661020079092 0.693601027634
115309312 8 161310.061 165366.636 199641.625 9.241304222 11.1567184084 11.4372840762 0.577581513875 0.697294900526 0.71483025476
126840192 8 171494.342 176083.358 181650.775 11.1722235812 11.5254677958 11.8338777148 0.698263973826 0.720341737236 0.739617357172
139524160 4 96066.882 105607.186 107089.239 10.4230200011 10.5692928888 11.618918578 0.651438750069 0.660580805552 0.726182411125
153476544 4 102245.054 106927.567 109679.051 11.1945931407 11.4826549079 12.0085256349 0.699662071292 0.717665931742 0.750532852181
168824192 4 114288.138 116467.09 117830.648 11.4621582663 11.5963534076 11.8174428216 0.716384891646 0.724772087978 0.738590176349
185706560 4 125315.88 126295.331 140024.976 10.6099106205 11.7633206884 11.8552611209 0.663119413782 0.735207543025 0.740953820059
204277184 4 142105.077 147097.433 147866.506 11.0519786814 11.1097620038 11.5000639421 0.690748667585 0.694360125238 0.718753996383
224704896 4 151351.139 163284.466 168684.079 10.6568395705 11.009247922 11.8772754528 0.666052473156 0.688077995123 0.742329715801
247175360 4 178623.967 178681.964 178887.259 11.0539056334 11.0666059166 11.0701991072 0.690869102086 0.69166286979 0.691887444197
271892864 2 93320.949 98508.8 100568.142 10.8142741267 11.0403482328 11.6540976882 0.675892132918 0.690021764553 0.728381105511
299082112 2 95802.844 108124.325 114044.174 10.4900443928 11.0643784181 12.4874001444 0.65562777455 0.69152365113 0.780462509025
328990272 2 111447.659 119413.695 125587.031 10.4784791672 11.0201856496 11.8078845245 0.654904947948 0.688761603098 0.737992782782
361889280 2 125741.826 130756.501 131333.163 11.022022823 11.070632121 11.51213694 0.688876426436 0.691914507562 0.719508558751
398078208 2 138007.436 143723.257 144879.249 10.9906204166 11.0790199529 11.537877075 0.686913776037 0.692438747057 0.721117317186
437886016 2 152726.976 156217.066 159220.941 11.0007141837 11.2122452998 11.4684655578 0.687544636481 0.700765331235 0.716779097361
481674560 2 169138.185 170109.339 174475.556 11.0427975366 11.326234358 11.3912670873 0.69017484604 0.707889647376 0.711954192958
529841984 2 186380.918 186504.43 192765.646 10.9945313388 11.3636332177 11.3711637368 0.687158208678 0.710227076108 0.710697733552
582826176 1 101189.018 103852.42 105508.67 11.0479295398 11.2241231548 11.51955395 0.690495596239 0.701507697173 0.719972121876
641108736 1 110921.465 115888.909 120204.923 10.6669297729 11.0641948661 11.559687496 0.666683110807 0.691512179134 0.722480468501
705219584 1 121079.016 128065.241 133898.248 10.5336640999 11.0134425 11.6489150193 0.658354006245 0.688340156249 0.728057188704
775741504 1 129568.572 135976.752 140371.353 11.0527039516 11.4099137182 11.9742232553 0.690793996977 0.713119607387 0.748388953457
853315648 1 154311.762 161138.062 164600.674 10.3683129268 10.5911122103 11.0596319677 0.648019557927 0.661944513147 0.691226997978
938647168 1 166227.385 169724.333 172948.542 10.8546410065 11.0608437978 11.2935322661 0.678415062904 0.691302737363 0.705845766629
1032511872 1 177654.696 187727.219 192348.395 10.735851183 11.0001296296 11.6238061278 0.670990698935 0.687508101849 0.726487882988

META_DATA
ERT_VERSION  1.1.0
TIMESTAMP_DATA  1535255693.24
HOSTNAME  ('atajo-Inspiron-15-7568', [], ['127.0.1.1'])
UNAME  ('Linux', 'atajo-Inspiron-15-7568', '4.15.0-33-generic', '#36-Ubuntu SMP Wed Aug 15 16:00:05 UTC 2018', 'x86_64', 'x86_64')
FLOPS          1
TIMESTAMP_DATA  1535255780.46
MPI_PROCS      8
CONFIG  {'ERT_WORKING_SET_MIN': ['1'], 'ERT_CFLAGS': [], 'ERT_CC': ['mpicc'], 'ERT_MPI_CFLAGS': ['-I/usr/include/mpi'], 'ERT_MPI_LDFLAGS': ['-lmpi'], 'ERT_MEMORY_MAX': ['1073741824'], 'ERT_PROCS_THREADS': ['1-4'], 'ERT_LDFLAGS': [], 'ERT_LDLIBS': [], 'ERT_RUN': ['export', 'OMP_NUM_THREADS=ERT_OPENMP_THREADS;', 'mpirun', '-np', 'ERT_MPI_PROCS', 'ERT_CODE'], 'ERT_FLOPS': ['1,2,4,8,16,32'], 'ERT_OPENMP_CFLAGS': ['-fopenmp'], 'ERT_MPI': ['True'], 'ERT_TRIALS_MIN': ['1'], 'ERT_DRIVER': ['driver1'], 'ERT_RESULTS': ['Results/myLaptop'], 'ERT_OPENMP': ['False'], 'ERT_MPI_PROCS': ['1,2,4,8'], 'ERT_KERNEL': ['kernel1'], 'ERT_GPU': [False], 'ERT_OPENMP_THREADS': ['1,2,4,8'], 'ERT_LD': ['mpicc'], 'ERT_NUM_EXPERIMENTS': ['3'], 'ERT_OPENMP_LDFLAGS': ['-fopenmp'], 'ERT_ALIGN': ['64'], 'ERT_GNUPLOT': ['gnuplot']}
TIMESTAMP_DATA  1535255736.09
