64 16777216 279739.901 287783.349 335211.929 6.4063461417 7.46215392747 7.67671555014 0.800793267712 0.932769240933 0.959589443767
128 8388608 220447.724 227429.993 255758.417 8.39653166918 9.44239420524 9.7414643664 1.04956645865 1.18029927565 1.2176830458
192 4194304 154981.92 158079.181 179178.209 8.98888734846 10.1886454991 10.3922621168 1.12361091856 1.27358068739 1.2990327646
256 4194304 202718.801 209272.05 228647.283 9.39212406036 10.2616840041 10.5934113531 1.17401550754 1.28271050052 1.32417641914
320 2097152 119178.074 123274.199 139309.893 9.63447211893 10.8877388041 11.2619480661 1.20430901487 1.36096735052 1.40774350826
384 2097152 134288.99 146562.676 166795.552 9.65620915359 10.9892421451 11.9936320617 1.2070261442 1.37365526814 1.49920400772
448 2097152 156452.171 166482.131 191944.785 9.78952458646 11.2867860395 12.0103682805 1.22369057331 1.41084825494 1.50129603507
512 2097152 179494.852 180546.876 223812.549 9.59501000992 11.8943273657 11.964040328 1.19937625124 1.48679092071 1.495505041
576 1048576 104848.361 106930.127 122511.272 9.85998702226 11.2967185759 11.5210151163 1.23249837778 1.41208982198 1.44012688954
640 1048576 115786.878 123117.819 135729.801 9.8885968307 10.9015680338 11.5917909109 1.23607460384 1.36269600422 1.44897386386
704 1048576 130186.641 141235.766 141810.771 10.4110216565 10.4534074464 11.3406029732 1.30137770706 1.3066759308 1.41757537165
768 1048576 139798.667 139994.582 165665.843 9.72205680322 11.5048219223 11.5209448742 1.2152571004 1.43810274029 1.44011810928
832 1048576 142601.614 146163.544 175864.846 9.92142832229 11.9375216025 12.2356992678 1.24017854029 1.49219020031 1.52946240847
896 1048576 157070.394 159230.548 182245.993 10.3105048351 11.8008021426 11.9630959352 1.28881310438 1.47510026782 1.4953869919
960 1048576 165548.605 168103.171 200394.998 10.0464878869 11.9763708681 12.1611771963 1.25581098586 1.49704635851 1.52014714953
1024 1048576 171731.086 173779.371 216085.008 9.93814271465 12.3575291799 12.5049209087 1.24226783933 1.54469114749 1.56311511359
1088 524288 87806.46 89606.258 108608.671 10.5042320976 12.7318193334 12.9927876377 1.3130290122 1.59147741668 1.62409845472
1152 524288 95808.98 106408.995 107365.496 11.2509101807 11.3520436125 12.6079992919 1.40636377258 1.41900545156 1.57599991149
1216 524288 100825.086 115110.777 131589.99 9.68970676265 11.0768813245 12.6463409711 1.21121334533 1.38461016556 1.58079262139
1280 524288 109527.501 119348.19 139808.111 9.60013886462 11.2458955599 12.2542490949 1.20001735808 1.40573694498 1.53178113687
1408 524288 110636.2 113650.762 143233.16 10.3076341261 12.9906300848 13.3445925294 1.28845426576 1.6238287606 1.66807406617
1536 524288 136982.891 138467.915 154738.286 10.4086246373 11.6316674227 11.7577656906 1.30107807967 1.45395842784 1.46972071133
1664 524288 134935.19 146069.891 170274.947 10.2471355578 11.9451753681 12.9308778829 1.28089194472 1.49314692102 1.61635973537
1792 524288 146513.017 159223.331 184247.037 10.1985259714 11.8013370289 12.825127968 1.27481574643 1.47516712862 1.603140996
1920 524288 163852.181 172526.695 195515.807 10.2972028241 11.669300916 12.2870864929 1.28715035301 1.4586626145 1.53588581161
2112 262144 82876.37 87923.728 102075.48 10.8478182615 12.5938274137 13.3608199297 1.35597728269 1.57422842671 1.67010249122
2304 262144 95547.876 98676.018 116251.963 10.3908744491 12.2416730679 12.6424532137 1.29885930614 1.53020913349 1.58030665171
2496 262144 106134.377 119101.771 126225.091 10.3673749619 10.9874339988 12.3298678994 1.29592187024 1.37342924985 1.54123348743
2688 262144 124436.911 127913.004 129047.551 10.9206732951 11.0175361373 11.3253063956 1.36508416188 1.37719201716 1.41566329945
2944 262144 119180.016 132631.196 147428.17 10.4695315149 11.6375627948 12.9510292397 1.30869143936 1.45469534935 1.61887865496
3200 262144 138999.281 151462.177 167378.46 10.0235215451 11.0768353739 12.0700020024 1.25294019314 1.38460442174 1.5087502503
3520 262144 167089.738 178198.134 181535.923 10.1659976136 10.3564146188 11.0449258111 1.2707497017 1.29455182735 1.38061572638
3840 262144 180392.83 182210.027 202007.095 9.96631291589 11.0491500009 11.1604542154 1.24578911449 1.38114375012 1.39505677692
4224 131072 92993.935 99140.622 103340.991 10.7149761705 11.168946025 11.9071878827 1.33937202131 1.39611825312 1.48839848534
4608 131072 100809.616 113770.775 119769.197 10.0857280691 10.6174854834 11.9825826139 1.26071600864 1.32718568543 1.49782282674
5056 131072 113860.14 121541.039 121642.844 10.89583259 10.9049591389 11.6405975261 1.36197907375 1.36311989237 1.45507469076
5504 131072 123305.605 135221.891 137488.968 10.4942279878 10.6701700836 11.7013381184 1.31177849848 1.33377126045 1.4626672648
6016 131072 127862.191 140966.896 182467.744 8.64294296311 11.1874372548 12.33404724 1.08036787039 1.39842965685 1.541755905
6592 131072 142864.718 145273.032 164970.488 10.4749235391 11.8952101723 12.0957313477 1.30936544238 1.48690127153 1.51196641847
7232 131072 153387.541 160008.827 176622.529 10.7337688954 11.8482551466 12.3597092413 1.34172111192 1.48103189332 1.54496365516
7936 131072 167841.604 175982.195 198398.358 10.4858467831 11.8215071928 12.3948695343 1.31073084788 1.4776883991 1.54935869178
8704 65536 87527.328 98926.039 100941.354 11.302113978 11.532359928 13.0342227287 1.41276424725 1.441544991 1.62927784109
9536 65536 94577.748 106848.753 110133.128 11.3490156386 11.697867845 13.2156095745 1.41862695483 1.46223348063 1.65195119681
10432 65536 111932.731 115065.015 124388.99 10.9924769387 11.8832218811 12.2157575517 1.37405961733 1.48540273514 1.52696969397
11456 65536 116474.389 127023.75 130894.264 11.4715556367 11.8211029985 12.8917682668 1.43394445459 1.47763787481 1.61147103334
12544 65536 127507.996 145387.231 149320.471 11.0109963958 11.3088828826 12.894620099 1.37637454947 1.41361036032 1.61182751237
13760 65536 147317.419 153405.379 166630.723 10.8236385675 11.7567632358 12.2426168761 1.35295482094 1.46959540447 1.53032710952
15104 65536 168991.115 172049.121 182264.709 10.8617378475 11.5066643555 11.7148850577 1.35771723093 1.43833304443 1.46436063221
16576 32768 87298.664 92146.155 95800.225 11.3394800064 11.7891488364 12.4437727478 1.41743500081 1.47364360455 1.55547159347
18176 32768 93221.084 104463.952 109551.304 10.8732830419 11.4028075063 12.7780356641 1.35916038024 1.42535093828 1.59725445802
19968 32768 109595.171 116891.392 117323.461 11.1539741229 11.1952028769 11.9405155908 1.39424676536 1.39940035961 1.49256444885
21952 32768 120414.286 125738.827 137018.807 10.4996263177 11.4415436053 11.9474716812 1.31245328972 1.43019295066 1.49343396015
24128 32768 134642.842 141362.459 143879.399 10.9901251951 11.1858029295 11.7440525208 1.37376564938 1.39822536618 1.4680065651
26496 32768 132492.425 135161.358 162918.871 10.6583224236 12.84717675 13.1059708206 1.33229030294 1.60589709375 1.63824635257
29120 32768 159087.413 159113.535 177560.615 10.747925828 11.9940036528 11.9959730566 1.3434907285 1.4992504566 1.49949663208
32000 32768 174043.041 174861.037 191415.401 10.9560254245 11.9932492451 12.0496170829 1.36950317806 1.49915615564 1.50620213537
35200 16384 96845.48 102845.963 108147.067 10.6654173062 11.2151567874 11.9100406131 1.33317716328 1.40189459843 1.48875507664
38720 16384 95214.661 111193.886 111477.424 11.3814700275 11.41049212 13.3254369303 1.42268375344 1.42631151501 1.66567961629
42560 16384 115243.049 117615.81 123452.536 11.2966985142 11.857301157 12.1014333802 1.41208731427 1.48216264463 1.51267917252
46784 16384 129652.929 135181.198 150228.153 10.204599347 11.3404684578 11.8240144964 1.27557491837 1.41755855722 1.47800181205
51456 16384 139752.998 141445.932 152117.748 11.0842438188 11.9205281068 12.0649304997 1.38553047735 1.49006601335 1.50811631247
56576 16384 157531.685 160506.324 175472.477 10.5650891792 11.5502138595 11.7683142156 1.3206361474 1.44377673244 1.47103927696
62208 16384 168223.964 173867.807 194198.339 10.4966487072 11.724032063 12.1173683911 1.3120810884 1.46550400788 1.51467104889
68416 8192 83375.565 84224.368 99299.154 11.2883916816 13.3088293877 13.4443196157 1.4110489602 1.66360367346 1.68053995196
75200 8192 101038.774 106290.544 108483.765 11.3572459437 11.5915936981 12.1940988714 1.41965574296 1.44894921226 1.52426235892
82688 8192 111701.705 112383.158 123612.913 10.9596979727 12.0548329137 12.1283752294 1.36996224658 1.50685411421 1.51604690367
90944 8192 115732.949 119555.556 142296.572 10.4712747121 12.4630468533 12.8746956582 1.30890933901 1.55788085666 1.60933695727
100032 8192 124113.14 143597.815 151356.682 10.8282255289 11.413295446 13.2050827817 1.35352819111 1.42666193075 1.65063534772
110016 8192 143313.215 152810.696 159088.017 11.330219447 11.7956543042 12.5773617178 1.41627743088 1.47445678802 1.57217021473
120960 8192 160078.788 162649.074 183194.815 10.8180389276 12.184567617 12.3802076762 1.35225486595 1.52307095213 1.54752595953
133056 4096 89188.075 92825.992 103439.963 10.5374627019 11.7423442348 12.2213059537 1.31718283774 1.46779302935 1.52766324422
146304 4096 92183.762 93258.356 107352.773 11.1643354383 12.8516351714 13.0014477821 1.39554192978 1.60645439643 1.62518097276
160896 4096 100591.529 113584.579 114328.128 11.5287467315 11.6042163787 13.1030917325 1.44109334144 1.45052704734 1.63788646656
176960 4096 117351.411 120339.528 138008.671 10.5040959347 12.0463852908 12.3531221964 1.31301199183 1.50579816135 1.54414027455
194624 4096 131103.376 133244.119 144349.681 11.045121797 11.9657049029 12.16108888 1.38064022462 1.49571311286 1.52013611
214080 4096 137940.451 154594.256 154847.055 11.3256487829 11.344168958 12.713771394 1.41570609787 1.41802111975 1.58922142425
235456 4096 161530.699 180983.116 188287.396 10.2442096124 10.6576546732 11.9411081853 1.28052620155 1.33220683414 1.49263852316
258944 4096 175788.445 186553.026 195109.68 10.8721886479 11.3708648607 12.0671711272 1.35902358099 1.42135810759 1.5083963909
284800 2048 85650.792 100323.06 101690.682 11.4714620559 11.6278430901 13.6197316191 1.43393275699 1.45348038626 1.70246645238
313280 2048 103120.186 106463.853 110353.888 11.627998825 12.0528690616 12.4436827529 1.45349985313 1.5066086327 1.55546034411
344576 2048 108958.131 116047.961 134423.306 10.4995431075 12.1620688881 12.9534462738 1.31244288844 1.52025861101 1.61918078422
379008 2048 127879.652 133044.415 145579.608 10.6636965804 11.6684098915 12.1396699453 1.33296207255 1.45855123644 1.51745874316
416896 2048 135662.463 137004.67 155371.088 10.990500472 12.4638526263 12.5871665473 1.373812559 1.55798157829 1.57339581841
458560 2048 155743.027 166718.999 172440.968 10.8922014402 11.2660330932 12.0600054858 1.36152518003 1.40825413665 1.50750068573
504384 2048 173978.151 181380.269 203077.65 10.1732360208 11.3901962732 11.8748064175 1.2716545026 1.42377453415 1.48435080219
554816 1024 94356.955 95811.905 106769.437 10.6422137264 11.8593108863 12.0421771559 1.3302767158 1.48241386078 1.50527214449
610240 1024 107505.585 108121.186 108715.239 11.4958264499 11.5589882634 11.6251776129 1.43697830623 1.44487353293 1.45314720161
671232 1024 110575.956 118554.715 119102.683 11.5419997382 11.5953476502 12.4320257833 1.44274996727 1.44941845628 1.55400322291
738304 1024 116652.891 118592.401 134986.114 11.2014973036 12.7499450154 12.9619298676 1.40018716296 1.59374312693 1.62024123346
812096 1024 134763.551 142679.59 156668.27 10.6158867268 11.6566960138 12.3414127608 1.32698584085 1.45708700172 1.5426765951
893248 1024 146154.63 150792.07 180461.395 10.1371925225 12.1317513845 12.5166880037 1.26714906532 1.51646892307 1.56458600046
982528 1024 163107.246 166199.521 197327.564 10.1973454859 12.1072391298 12.3367746887 1.27466818574 1.51340489122 1.54209683609
1080768 512 90288.79 96637.855 107115.417 10.3319061158 11.4521005459 12.2574068387 1.29148826448 1.43151256824 1.53217585483
1188800 512 92119.716 102536.734 108953.46 11.1729466875 11.8721472053 13.2146651429 1.39661833594 1.48401840066 1.65183314286
1307648 512 102816.215 119004.55 135080.668 9.9128289179 11.2519357621 13.0235445061 1.23910361474 1.40649197027 1.62794306326
1438400 512 122934.579 125445.492 150060.242 9.81553528349 11.7415267501 11.9813449721 1.22694191044 1.46769084377 1.49766812151
1582208 512 139623.387 143681.61 145260.237 11.1536441456 11.2761890126 11.6039370396 1.3942055182 1.40952362658 1.45049212995
1740416 512 147922.446 158145.145 169501.925 10.5142521774 11.2693057002 12.0481105619 1.31428152217 1.40866321252 1.50601382024
1914432 512 156350.311 170992.505 182715.573 10.7291257982 11.4647034851 12.5383720407 1.34114072477 1.43308793564 1.56729650509
2105856 256 90120.628 92298.082 95155.694 11.3308854854 11.681697481 11.9639453911 1.41636068568 1.46021218512 1.49549317388
2316416 256 96203.136 98413.22 106783.562 11.1066251189 12.051277176 12.3281323386 1.38832813987 1.506409647 1.54101654233
2548032 256 109807.063 111210.938 119552.987 10.9122525228 11.7307920198 11.880769309 1.36403156535 1.46634900247 1.48509616362
2802816 256 114095.103 115982.918 123976.211 11.5751383304 12.3728719431 12.5775932031 1.4468922913 1.54660899289 1.57219915039
3083072 256 125915.916 135003.836 154373.806 10.2253931862 11.6925037893 12.5364045638 1.27817414827 1.46156297366 1.56705057048
3391360 256 145193.105 157655.157 162931.512 10.65709327 11.0137616367 11.9590824922 1.33213665875 1.37672020459 1.49488531153
3730496 256 161161.877 170984.82 194482.598 9.82100183586 11.1706638753 11.8515246134 1.22762522948 1.39633298441 1.48144057667
4103488 256 178971.223 180522.529 209621.114 10.0227778391 11.6383582018 11.7392384138 1.25284722988 1.45479477523 1.46740480172
4513792 128 88520.708 97129.124 113865.467 10.1482107126 11.8968513708 13.053790216 1.26852633907 1.48710642134 1.63172377699
4965120 128 100058.624 104192.495 124705.844 10.1925513611 12.1992540826 12.7032600408 1.27406892014 1.52490676032 1.5879075051
5461632 128 119491.272 127280.438 142237.754 9.82986410204 10.985017132 11.701087189 1.22873301276 1.3731271415 1.46263589863
6007744 128 126224.135 132733.823 147844.763 10.4026847674 11.5869672796 12.1845355803 1.30033559593 1.44837090995 1.52306694754
6608512 128 149723.225 153737.78 171323.254 9.87477783956 11.0043157381 11.2993763793 1.23434722994 1.37553946727 1.41242204741
7269312 128 159196.845 161486.836 190884.997 9.74903162243 11.523811588 11.6895775918 1.2186289528 1.4404764485 1.46119719898
7996224 128 183061.146 183700.378 212842.735 9.61758616755 11.1433267927 11.1822382233 1.20219827094 1.39291584909 1.39777977791
8795840 64 97804.611 104983.875 125346.181 8.98206479861 10.7241947394 11.5113951018 1.12275809983 1.34052434243 1.43892438773
9675392 64 100573.642 100653.348 119100.009 10.3984053939 12.3041130833 12.3138642628 1.29980067424 1.53801413541 1.53923303285
10642880 64 120589.555 126620.6 136211.396 10.0012824184 10.7588231299 11.2969041141 1.2501603023 1.34485289124 1.41211301427
11707136 64 123613.159 128894.692 141572.772 10.5847571311 11.6258736861 12.1226042609 1.32309464139 1.45323421076 1.51532553262
12877824 64 135519.507 150281.649 152972.049 10.7755729414 10.9684814012 12.1632782504 1.34694661768 1.37106017515 1.5204097813
14165568 64 159776.775 181682.35 196511.163 9.2269196127 9.98001569222 11.3482870336 1.15336495159 1.24750196153 1.4185358792
15582080 64 161945.333 182377.659 194500.793 10.2544889881 10.9361324788 12.3159229294 1.28181112352 1.36701655985 1.53949036617
17140288 32 88386.176 96009.252 105655.097 10.3826361732 11.4257575093 12.411199145 1.29782952166 1.42821968866 1.55139989312
18854272 32 101964.497 107076.49 121378.621 9.94139987799 11.269265625 11.8342505823 1.24267498475 1.40865820312 1.47928132279
20739648 32 107206.998 116011.705 126329.761 10.5069261708 11.4414099164 12.3810711685 1.31336577135 1.43017623954 1.54763389606
22813568 32 119234.919 127373.583 138018.346 10.5787990823 11.4628820012 12.2453083731 1.32234988528 1.43286025015 1.53066354664
25094912 32 128062.719 140536.404 161827.994 9.9245768813 11.4281732155 12.5413108557 1.24057211016 1.42852165194 1.56766385696
27604352 32 152174.225 162355.567 168480.46 10.485955036 10.8815395779 11.6095779558 1.3107443795 1.36019244724 1.45119724447
30364736 32 161347.133 170052.016 186606.942 10.4140986566 11.4279333448 12.0444848809 1.30176233208 1.4284916681 1.50556061012
33401152 32 178812.324 192540.322 217488.971 9.82888335979 11.1024730082 11.9548456179 1.22861041997 1.38780912603 1.49435570224
36741248 16 103964.717 112249.559 118152.226 9.95089111567 10.4741608473 11.308836016 1.24386138946 1.30927010591 1.413604502
40415360 16 110168.6 114349.393 119479.716 10.8243605132 11.3099989958 11.7392026403 1.35304506415 1.41374987447 1.46740033004
44456896 16 121463.445 123654.345 143604.021 9.90655179495 11.5048174975 11.7123359378 1.23831897437 1.43810218719 1.46404199222
48902528 16 128014.851 139234.335 154245.085 10.1454182219 11.2391882074 12.2242137047 1.26817727774 1.40489852593 1.52802671309
53792768 16 143451.717 151981.628 162940.651 10.5643899508 11.3261622385 11.9996373135 1.32054874385 1.41577027981 1.49995466419
59172032 16 165503.725 167708.546 183175.765 10.3370935779 11.2904504222 11.440860464 1.29213669723 1.41130630278 1.430107558
65089216 16 181287.564 188966.965 199495.779 10.4405963998 11.0223229335 11.4892321682 1.30507454997 1.37779036669 1.43615402102
71598080 8 96768.404 99539.912 105673.871 10.8406105422 11.508642684 11.8382574544 1.35507631778 1.43858033549 1.4797821818
78757888 8 104730.439 108029.828 125379.732 10.0504777598 11.6646136658 12.0320913388 1.25630971998 1.45807670822 1.50401141735
86633664 8 114026.422 122218.294 132016.703 10.4997215693 11.3414987121 12.1562932493 1.31246519617 1.41768733902 1.51953665616
95297024 8 131357.956 144330.65 146590.684 10.4014275832 10.5643006804 11.6076135046 1.3001784479 1.32053758505 1.45095168807
104826688 8 138116.214 155152.78 160822.42 10.4290621171 10.8101640718 12.1435924098 1.30363276464 1.35127050898 1.51794905122
115309312 8 161886.012 166647.913 183121.443 10.075002478 11.0709396763 11.3965930052 1.25937530975 1.38386745953 1.42457412565
126840192 8 166837.011 182228.935 199465.405 10.1744113071 11.136777329 12.1642257904 1.27180141338 1.39209716613 1.5205282238
139524160 4 98822.898 99172.905 105221.09 10.6080756244 11.2550225286 11.2948851186 1.32600945305 1.40687781607 1.41186063983
153476544 4 102120.174 105727.296 111180.464 11.0434181314 11.613011951 12.0232105362 1.38042726643 1.45162649388 1.50290131703
168824192 4 119448.213 121568.21 125881.07 10.7291234178 11.1097591714 11.3069379782 1.34114042723 1.38871989643 1.41336724728
185706560 4 132000.313 134908.151 144613.262 10.2732796388 11.0123255636 11.2549163425 1.28415995485 1.37654069545 1.40686454281
204277184 4 145632.051 151834.05 152386.182 10.7241841127 10.7631817237 11.2215508934 1.34052301409 1.34539771547 1.40269386167
224704896 4 157051.263 164385.998 172279.105 10.4344584795 10.9354761955 11.4461936419 1.30430730993 1.36693452444 1.43077420524
247175360 4 169881.417 176105.032 191941.172 10.302129863 11.2285427483 11.6399010258 1.28776623287 1.40356784354 1.45498762822
271892864 2 97008.61 97441.721 100715.541 10.7984472426 11.1612504874 11.211081738 1.34980590533 1.39515631092 1.40138521725
299082112 2 105927.03 109658.731 116046.078 10.3090812599 10.9095594768 11.2938921067 1.28863515749 1.36369493461 1.41173651333
328990272 2 118078.452 119574.83 125931.707 10.4497994933 11.0053352198 11.1448030162 1.30622493666 1.37566690247 1.39310037703
361889280 2 117457.979 129503.541 141061.731 10.2618698192 11.1777416187 12.3240424561 1.28273372741 1.39721770233 1.54050530701
398078208 2 137809.743 141939.005 155774.631 10.2219008434 11.2182893772 11.5544285719 1.27773760543 1.40228617215 1.44430357148
437886016 2 159646.878 164810.85 165232.878 10.600457277 10.6276016658 10.9713643382 1.32505715963 1.32845020822 1.37142054228
481674560 2 161370.355 162155.363 188160.059 10.2396770613 11.8818039956 11.9396046442 1.27995963267 1.48522549945 1.49245058053
529841984 2 191958.964 197115.698 214323.892 9.88862191808 10.7518982887 11.0407343936 1.23607773976 1.34398728609 1.3800917992
582826176 1 93363.162 104610.595 113292.458 10.2888786472 11.1427752801 12.4851421806 1.28610983089 1.39284691001 1.56064277257
641108736 1 108210.67 113848.015 119115.575 10.7644820755 11.2625369182 11.8492702429 1.34556025944 1.40781711477 1.48115878037
705219584 1 116506.232 135286.617 138571.547 10.1784182867 10.4255631435 12.1061263744 1.27230228584 1.30319539293 1.5132657968
775741504 1 134764.93 136304.727 154718.611 10.0277723408 11.3824593039 11.5125129958 1.25347154261 1.42280741298 1.43906412447
853315648 1 144191.91 151949.155 159069.225 10.7288590612 11.2315945159 11.8358325096 1.34110738265 1.40394931449 1.4794790637
938647168 1 164706.262 176522.477 182333.104 10.2959599481 10.6348741979 11.3978321966 1.28699499351 1.32935927474 1.42472902457
1032511872 1 189612.066 197149.522 200490.14 10.2998768119 10.474404011 10.8907823619 1.28748460149 1.30930050137 1.36134779524

META_DATA
ERT_VERSION  1.1.0
TIMESTAMP_DATA  1535277959.65
FLOPS          2
HOSTNAME  ('atajo-Inspiron-15-7568', [], ['127.0.1.1'])
TIMESTAMP_DATA  1535277914.4
TIMESTAMP_DATA  1535278010.4
UNAME  ('Linux', 'atajo-Inspiron-15-7568', '4.15.0-33-generic', '#36-Ubuntu SMP Wed Aug 15 16:00:05 UTC 2018', 'x86_64', 'x86_64')
CONFIG  {'ERT_WORKING_SET_MIN': ['1'], 'ERT_CFLAGS': [], 'ERT_CC': ['mpicc'], 'ERT_MPI_CFLAGS': ['-I/usr/include/mpi'], 'ERT_MPI_LDFLAGS': ['-lmpi'], 'ERT_MEMORY_MAX': ['1073741824'], 'ERT_PROCS_THREADS': ['1-4'], 'ERT_LDFLAGS': [], 'ERT_LDLIBS': [], 'ERT_RUN': ['export', 'OMP_NUM_THREADS=ERT_OPENMP_THREADS;', 'mpirun', '-np', 'ERT_MPI_PROCS', 'ERT_CODE'], 'ERT_FLOPS': ['1,2,4,8,16'], 'ERT_OPENMP_CFLAGS': ['-fopenmp'], 'ERT_MPI': ['True'], 'ERT_TRIALS_MIN': ['1'], 'ERT_DRIVER': ['driver1'], 'ERT_RESULTS': ['Results/myLaptop'], 'ERT_OPENMP': ['False'], 'ERT_MPI_PROCS': ['1,2,4,8'], 'ERT_KERNEL': ['kernel1'], 'ERT_GPU': [False], 'ERT_OPENMP_THREADS': ['1,2,4,8'], 'ERT_LD': ['mpicc'], 'ERT_NUM_EXPERIMENTS': ['3'], 'ERT_OPENMP_LDFLAGS': ['-fopenmp'], 'ERT_ALIGN': ['64'], 'ERT_GNUPLOT': ['gnuplot']}
MPI_PROCS      8
