8 134217728 783477.516 783924.031 784182.176 2.73850096792 2.73940275215 2.74096397681 0.34231262099 0.342425344019 0.342620497102
16 67108864 475681.719 476197.09 476488.952 4.50689074529 4.50965302623 4.51453894952 0.563361343161 0.563706628279 0.56431736869
24 33554432 328247.29 328523.913 328772.16 4.89887202128 4.90257382269 4.9067053562 0.61235900266 0.612821727836 0.613338169525
32 33554432 418412.258 418706.693 419693.982 5.11678446702 5.1288495835 5.13245873404 0.639598058378 0.641106197937 0.641557341755
40 16777216 254676.847 255475.869 255802.128 5.24693555325 5.25363622503 5.27011895981 0.655866944156 0.656704528129 0.658764869977
48 16777216 302965.326 305035.183 305722.438 5.26821893263 5.28008841524 5.31616194257 0.658527366578 0.660011051905 0.664520242821
56 16777216 351671.042 351760.298 352298.688 5.33367922165 5.34184273405 5.34319852244 0.666709902706 0.667730341757 0.667899815305
64 16777216 398340.406 398961.008 400976.567 5.35563378196 5.38269055105 5.39107661601 0.669454222745 0.672836318882 0.673884577002
72 8388608 221829.207 221921.775 257934.466 4.68320333739 5.44317722765 5.44544863292 0.585400417174 0.680397153456 0.680681079115
80 8388608 245516.11 245649.839 252492.266 5.31571640297 5.46378245336 5.46675849499 0.664464550372 0.682972806671 0.683344811874
88 8388608 268663.191 268831.489 273129.653 5.4054731582 5.49189759537 5.49533787083 0.675684144775 0.686487199422 0.686917233854
96 8388608 292172.711 294133.096 342141.384 4.70744788944 5.47579567857 5.5125365079 0.58843098618 0.684474459821 0.689067063488
104 8388608 315804.13 316342.358 320505.13 5.44400167323 5.51563968553 5.52504004302 0.680500209154 0.689454960692 0.690630005377
112 8388608 340614.21 340884.15 344065.527 5.46130909535 5.51227797479 5.5166465075 0.682663636918 0.689034746849 0.689580813437
120 8388608 363269.694 363429.47 403835.432 4.98536225519 5.5396330958 5.54206957875 0.623170281898 0.692454136975 0.692758697344
128 8388608 386819.014 387221.662 387528.28 5.54148886373 5.54587684198 5.55164966115 0.692686107966 0.693234605248 0.693956207644
136 4194304 206002.168 206196.835 206301.755 5.53000961141 5.53282346938 5.53805185196 0.691251201426 0.691602933673 0.692256481495
144 4194304 217683.938 218354.799 243321.574 4.96445724948 5.53209527582 5.54914415413 0.620557156185 0.691511909477 0.693643019266
152 4194304 250890.454 250894.734 256855.262 4.96415142938 5.0820852063 5.0821719028 0.620518928672 0.635260650788 0.63527148785
160 4194304 240727.445 265593.214 266138.061 5.04316171448 5.05350742885 5.57550585892 0.630395214309 0.631688428606 0.696938232365
176 4194304 264202.565 264943.286 266254.102 5.54506013958 5.57249451492 5.58811761725 0.693132517448 0.696561814365 0.698514702157
192 4194304 287735.761 288379.62 313238.321 5.14181256897 5.58504354781 5.59754105782 0.642726571121 0.698130443476 0.699692632227
208 4194304 310876.586 310906.735 338729.362 5.15110486348 5.61207033357 5.61261459556 0.643888107934 0.701508791696 0.701576824444
224 4194304 336387.204 337249.456 337454.704 5.56829752179 5.57168635433 5.58596810359 0.696037190224 0.696460794291 0.698246012949
240 4194304 359338.647 359933.605 384038.25 5.24235781201 5.59343693401 5.60269800315 0.655294726502 0.699179616752 0.700337250393
264 2097152 216457.043 216726.421 217054.611 5.10146387077 5.1091890453 5.11554736521 0.637682983846 0.638648630662 0.639443420651
288 2097152 214481.643 214647.42 225996.641 5.34503321224 5.62764533578 5.63199505144 0.66812915153 0.703455666972 0.70399938143
312 2097152 232457.353 233049.067 247081.835 5.29631345825 5.61522457415 5.62951797872 0.662039182281 0.701903071768 0.70368974734
336 2097152 253402.204 267585.15 311516.191 4.5239579345 5.26668293812 5.56145969433 0.565494741813 0.658335367265 0.695182461791
368 2097152 276760.072 276780.718 312095.791 4.94560938183 5.5766307825 5.57704679308 0.618201172729 0.697078847812 0.697130849135
400 2097152 299480.012 299608.919 361669.97 4.63881919751 5.5997051276 5.60211544268 0.579852399689 0.69996314095 0.700264430335
440 2097152 327797.486 327889.794 384480.186 4.79997104454 5.62839647275 5.62998143311 0.599996380568 0.703549559094 0.703747679139
480 2097152 358022.91 367930.945 411495.875 4.89255431783 5.47185809555 5.62328796221 0.611569289729 0.683982261943 0.702910995277
528 1048576 196398.727 196760.045 224211.081 4.93863305534 5.62764790992 5.63800118725 0.617329131917 0.70345598874 0.704750148406
576 1048576 214122.631 215219.686 241344.838 5.0051186593 5.61268150907 5.64143802249 0.625639832413 0.701585188634 0.705179752812
632 1048576 242571.485 244302.66 262491.115 5.04931400821 5.42523795689 5.46395658995 0.631164251026 0.678154744611 0.682994573744
688 1048576 257183.699 263487.38 282140.958 5.11389975503 5.47593807339 5.61015562654 0.639237469379 0.684492259174 0.701269453318
752 1048576 287295.33 287331.467 305788.442 5.15735092434 5.48863763675 5.48932801657 0.644668865542 0.686079704594 0.686166002072
824 1048576 312796.936 318332.617 332017.102 5.2047115573 5.42845173795 5.52452102024 0.650588944662 0.678556467244 0.690565127531
904 1048576 342737.099 347096.915 360919.622 5.25276347541 5.46194830916 5.53142748051 0.656595434426 0.682743538645 0.691428435064
992 1048576 373026.346 373543.715 391912.744 5.30826010598 5.56929403564 5.57701836964 0.663532513247 0.696161754455 0.697127296204
1088 524288 205351.292 205550.436 214149.559 5.32735483242 5.55022266165 5.55560511399 0.665919354053 0.693777832707 0.694450639249
1192 524288 223619.605 224423.411 232821.159 5.36850944892 5.56939486139 5.58941418397 0.671063681115 0.696174357674 0.698676772996
1304 524288 243815.174 244283.732 253575.415 5.39225422938 5.59735637247 5.60811323417 0.674031778672 0.699669546558 0.701014154271
1432 524288 267415.888 267962.445 277852.052 5.40417398825 5.60362416457 5.61507711165 0.675521748531 0.700453020572 0.701884638956
1568 524288 293305.386 293480.158 303135.418 5.42387022555 5.60231117226 5.6056494237 0.677983778194 0.700288896532 0.700706177963
1720 524288 321076.163 322294.323 330916.014 5.45017661188 5.59597421144 5.61720528596 0.681272076485 0.699496776429 0.702150660745
1888 524288 352025.217 358446.047 361053.365 5.48315479071 5.52303897496 5.62377748069 0.685394348838 0.69037987187 0.702972185086
2072 262144 194173.144 195778.168 197862.685 5.49029614149 5.54875319908 5.59461887273 0.686287017686 0.693594149885 0.699327359091
2272 262144 211596.193 211864.022 216901.913 5.49180189112 5.62239083708 5.62950740801 0.686475236389 0.702798854635 0.703688426001
2496 262144 231538.557 231787.69 237389.43 5.51255735354 5.64578234504 5.65185714619 0.689069669193 0.70572279313 0.706482143274
2744 262144 254957.378 255402.182 259803.527 5.53743934354 5.63286601835 5.64269323479 0.692179917942 0.704108252294 0.705336654349
3016 262144 279575.183 281691.881 285483.406 5.53885996442 5.61341208127 5.65591191261 0.692357495553 0.701676510158 0.706988989076
3312 262144 308674.029 308841.964 312233.374 5.56135890842 5.62242848579 5.6254873843 0.695169863552 0.702803560723 0.703185923037
3640 262144 339392.647 340672.69 342641.04 5.5697015162 5.60188232288 5.62301021212 0.696212689525 0.70023529036 0.702876276515
4000 262144 371664.422 373290.7 375202.857 5.5893817461 5.61801298559 5.64259551322 0.698672718262 0.702251623199 0.705324439152
4400 131072 204271.41 204548.19 205762.227 5.60566250092 5.63893329978 5.64657384017 0.700707812615 0.704866662472 0.705821730021
4840 131072 224580.359 224591.805 226321.332 5.60608648238 5.64925759424 5.64954551524 0.700760810298 0.70615719928 0.706193189405
5320 131072 246585.371 247725.631 248089.357 5.62138616853 5.62963983327 5.65567241213 0.702673271067 0.703704979159 0.706959051516
5848 131072 270389.889 270731.219 274267.389 5.5895019732 5.66250954605 5.66965768457 0.69868774665 0.707813693256 0.708707210572
6432 131072 297313.384 297404.546 300348.763 5.61384102654 5.6694163915 5.67115474358 0.701730128318 0.708677048938 0.708894342947
7072 131072 326668.519 328339.916 330912.184 5.60233940495 5.64622903784 5.67511792589 0.700292425618 0.70577862973 0.709389740736
7776 131072 358896.313 360028.054 361156.847 5.64417305371 5.66186918312 5.67972327985 0.705521631714 0.70773364789 0.709965409982
8552 65536 197050.356 198114.769 198957.548 5.6340046169 5.65797163764 5.68853447796 0.704250577113 0.707246454705 0.711066809745
9400 65536 217208.812 218388.447 218776.292 5.63167420353 5.64167572472 5.67231498877 0.703959275441 0.70520946559 0.709039373596
10336 65536 239120.172 239709.423 239861.116 5.64810259617 5.65167683041 5.66560395415 0.706012824521 0.706459603801 0.708200494269
11368 65536 263220.914 263741.931 265394.615 5.61438104537 5.64956239742 5.66074508806 0.701797630672 0.706195299677 0.707593136007
12504 65536 289118.345 289243.342 290349.041 5.64466919662 5.66624723898 5.66869697597 0.705583649577 0.708280904872 0.708587121997
13752 65536 318385.485 318537.081 318926.013 5.65178778314 5.65868858452 5.66138291135 0.706473472893 0.707336073065 0.707672863918
15120 65536 348375.958 349764.791 350155.404 5.65979738528 5.66611817712 5.68870668165 0.70747467316 0.708264772139 0.711088335206
16632 32768 191986.985 192630.837 193027.025 5.64685049671 5.658464496 5.67744085361 0.705856312089 0.707308062 0.709680106701
18288 32768 210718.824 211796.616 212049.62 5.65208448853 5.65883624883 5.6877802621 0.706510561066 0.707354531104 0.710972532762
20112 32768 231965.958 232614.282 232617.098 5.66622162916 5.66629022374 5.68212699555 0.708277703645 0.708286277968 0.710265874444
22120 32768 254818.83 255977.831 256539.849 5.6508036691 5.66321042075 5.68896858996 0.706350458638 0.707901302594 0.711121073745
24328 32768 281354.866 281449.637 281465.383 5.66449696587 5.66481387219 5.66672199656 0.708062120733 0.708101734024 0.708340249569
26760 32768 307986.698 309117.933 309255.886 5.67084876761 5.67337955123 5.69421787171 0.708856095952 0.709172443903 0.711777233964
29432 32768 339486.351 340018.577 341001.927 5.65643592976 5.67279461322 5.6816880747 0.70705449122 0.709099326652 0.710211009337
32368 32768 373596.649 373940.537 374483.113 5.66452578063 5.67274483002 5.67796647448 0.708065722579 0.709093103752 0.70974580931
35600 16384 204585.675 204816.795 205433.224 5.67844274303 5.69553292737 5.70196715875 0.709805342879 0.711941615921 0.712745894843
39160 16384 225165.624 225186.823 225277.791 5.6960558531 5.69835687055 5.69889336216 0.712006981638 0.712294608819 0.71236167027
43072 16384 247038.61 247753.426 248050.377 5.6899058694 5.69672564689 5.71320934813 0.711238233675 0.712090705862 0.714151168516
47376 16384 271801.207 272284.611 272823.844 5.69017995363 5.70144879763 5.71158894081 0.711272494203 0.712681099704 0.713948617601
52112 16384 298868.683 299497.354 299515.168 5.70123385538 5.70157296281 5.71356623538 0.712654231922 0.712696620351 0.714195779422
57320 16384 329592.451 329689.846 337819.697 5.55995336175 5.69705674223 5.69874022995 0.694994170219 0.712132092779 0.712342528743
63048 16384 362075.296 362641.024 362957.209 5.69201220632 5.69697504494 5.70587633794 0.71150152579 0.712121880618 0.713234542243
69352 8192 199474.636 199658.532 200079.703 5.67905265233 5.6910323672 5.69627893944 0.709881581542 0.7113790459 0.71203486743
76280 8192 219042.315 221283.567 225008.337 5.55433428229 5.6478279745 5.70561683481 0.694291785286 0.705978496813 0.713202104351
83904 8192 240742.333 242500.619 249281.373 5.51458426057 5.66878196711 5.71018449007 0.689323032572 0.708597745889 0.713773061259
92288 8192 264739.306 264754.266 266612.791 5.67132051815 5.71113211826 5.71145484532 0.708915064769 0.713891514783 0.713931855665
101512 8192 291712.24 291951.216 293207.475 5.67234040674 5.6967483499 5.7014152303 0.709042550842 0.712093543738 0.712676903787
111656 8192 320517.77 320887.984 323323.801 5.65801805602 5.70096730079 5.70755220218 0.707252257003 0.712620912599 0.713444025272
122816 8192 352186.978 353023.413 354797.526 5.67145257941 5.69995436535 5.71349161013 0.708931572426 0.712494295669 0.714186451266
135096 4096 194093.959 194759.561 195129.107 5.671662465 5.68242414553 5.70191075344 0.708957808124 0.710303018192 0.71273884418
148600 4096 213475.621 213683.354 215662.687 5.6446074049 5.69689298306 5.70243662624 0.705575925612 0.712111622883 0.71280457828
163456 4096 235790.852 235958.733 237498.093 5.63807285813 5.67485481455 5.67889526096 0.704759107266 0.709356851819 0.70986190762
179800 4096 259379.515 259974.537 260831.583 5.64702166455 5.665637939 5.67863503022 0.705877708069 0.708204742374 0.709829378777
197776 4096 285262.221 285734.017 287062.365 5.64400349729 5.67024188793 5.67961991714 0.705500437161 0.708780235991 0.709952489643
217552 4096 313559.799 313921.081 314226.306 5.67166386127 5.6771784116 5.68371962759 0.708957982659 0.70964730145 0.710464953449
239304 4096 345389.564 345645.157 350349.271 5.59549720884 5.67165003848 5.67584713706 0.699437151105 0.70895625481 0.709480892133
263232 2048 189745.037 190101.049 190134.824 5.67070381594 5.67171132233 5.68235295662 0.708837976993 0.708963915291 0.710294119577
289552 2048 209132.49 209306.789 209385.933 5.66420568472 5.66634745899 5.67107000926 0.708025710591 0.708293432374 0.708883751157
318504 2048 229933.398 230940.739 231382.008 5.6382620035 5.64903528779 5.67378377977 0.704782750438 0.706129410974 0.709222972471
350352 2048 252748.735 253335.732 253572.17 5.65930319561 5.66458501796 5.67774074913 0.707412899452 0.708073127244 0.709717593641
385384 2048 278231.126 278499.27 281205.476 5.61344994576 5.66799641522 5.67345892134 0.70168124322 0.708499551902 0.709182365168
423920 2048 306643.014 306890.275 309158.472 5.61646041516 5.65797114294 5.66253343701 0.702057551895 0.707246392868 0.707816679626
466312 2048 336525.097 340584.173 347729.763 5.49281124377 5.60805258558 5.67569542072 0.686601405471 0.701006573197 0.70946192759
512936 2048 370318.193 371082.133 371772.766 5.65126348174 5.6617812316 5.67346108216 0.706407935217 0.707722653949 0.70918263527
564224 1024 203891.302 204456.457 204795.324 5.64236882674 5.65172051279 5.66738620365 0.705296103343 0.706465064099 0.708423275457
620640 1024 224391.644 224469.497 225843.327 5.62810837444 5.66255432024 5.66451895152 0.703513546805 0.70781929003 0.70806486894
682704 1024 246731.068 247008.727 247328.427 5.65312208127 5.66043883947 5.66680881874 0.706640260159 0.707554854934 0.708351102343
750968 1024 270989.104 271904.062 272414.828 5.64573696407 5.65634236093 5.67544023467 0.705717120509 0.707042795116 0.709430029334
826064 1024 298453.268 299151.167 299169.116 5.65492553048 5.65526482469 5.66848901785 0.70686569131 0.706908103086 0.708561127231
908664 1024 328247.137 329787.48 331165.562 5.61937618381 5.642857855 5.66933771002 0.702422022976 0.705357231876 0.708667213752
999528 1024 360718.204 361698.332 363344.946 5.63385666028 5.6595045177 5.67488228013 0.704232082535 0.707438064713 0.709360285016
1099480 512 198738.445 199626.256 199719.822 5.63723474578 5.63987695086 5.66507159699 0.704654343223 0.704984618857 0.708133949624
1209424 512 218266.183 219017.943 219716.34 5.6365865916 5.65456034805 5.67403598202 0.70457332395 0.706820043507 0.709254497752
1330360 512 242426.528 249287.335 257367.498 5.29316502894 5.46473265479 5.61938766041 0.661645628618 0.683091581849 0.702423457552
1463392 512 264229.602 264407.749 264669.193 5.66183540674 5.66743377858 5.67125483541 0.707729425842 0.708429222322 0.708906854426
1609728 512 290501.788 291214.782 291283.052 5.65896800614 5.66029464809 5.67418701051 0.707371000768 0.707536831012 0.709273376314
1770696 512 319447.327 319779.13 320373.149 5.65962756136 5.67014083752 5.67603028965 0.70745344517 0.70876760469 0.709503786206
1947760 512 351683.03 351852.763 352592.287 5.65669276821 5.66858200286 5.67131783413 0.707086596026 0.708572750358 0.708914729266
2142536 256 193455.569 193601.105 194144.364 5.65032334392 5.66617856856 5.6704412164 0.70629041799 0.70827232107 0.70880515205
2356784 256 213179.799 213256.31 213472.325 5.6525987994 5.65832452039 5.6603553135 0.706574849925 0.707290565048 0.707544414187
2592456 256 234785.338 234934.159 235518.02 5.63582129299 5.64982749912 5.65340869795 0.704477661624 0.70622843739 0.706676087244
2851696 256 257718.857 258461.029 258889.284 5.63974039188 5.64908511604 5.66535320308 0.704967548985 0.706135639505 0.708169150385
3136864 256 283613.793 284147.453 284212.786 5.65095747663 5.65225678092 5.66289231215 0.706369684579 0.706532097615 0.707861539019
3450544 256 312645.758 312648.15 312998.459 5.64436813409 5.65069240934 5.65073564184 0.705546016762 0.706336551168 0.70634195523
3795592 256 344315.793 349486.303 352387.201 5.51479480096 5.56057014915 5.64407193486 0.68934935012 0.695071268644 0.705508991857
4175144 256 378181.025 378991.162 379837.087 5.62786995047 5.64043160458 5.65251450149 0.703483743808 0.705053950572 0.706564312686
4592656 128 208708.135 208815.352 209175.569 5.62073258182 5.63042862864 5.63332107778 0.702591572728 0.70380357858 0.704165134723
5051920 128 229771.711 229876.803 230273.213 5.61633506195 5.62602012522 5.62859333019 0.702041882744 0.703252515653 0.703574166273
5557112 128 253767.725 253878.546 258749.528 5.49806093559 5.60354821002 5.60599529353 0.687257616949 0.700443526252 0.700749411691
6112816 128 277808.859 278353.246 278964.358 5.60960872285 5.62192436585 5.63294094232 0.701201090356 0.702740545731 0.70411761779
6724096 128 305995.344 306169.381 306295.787 5.61995511874 5.62227539011 5.6254730987 0.702494389843 0.702784423763 0.703184137338
7396504 128 336242.906 336983.529 338112.886 5.60021549726 5.61898389995 5.63136051412 0.700026937157 0.702372987494 0.703920064264
8136152 128 369892.065 370376.681 370427.718 5.62283763009 5.62361244335 5.63098024825 0.702854703762 0.702951555419 0.703872531031
8949760 64 203163.153 203484.747 235504.558 4.86431893178 5.62975504007 5.63866657454 0.608039866473 0.703719380008 0.704833321818
9844736 64 223605.508 224576.997 231706.556 5.43845728733 5.61110988584 5.63548822778 0.679807160916 0.701388735731 0.704436028472
10829208 64 245539.938 246218.725 255298.955 5.42947237681 5.62970433707 5.64526746765 0.678684047101 0.703713042134 0.705658433456
11912128 64 270456.892 270780.986 360325.375 4.23159868771 5.63094331889 5.63769099291 0.528949835964 0.703867914862 0.704711374114
13103336 64 297400.241 297986.758 307968.793 5.44609403979 5.628528661 5.63962894704 0.680761754974 0.703566082624 0.70495361838
14413664 64 327628.514 329007.671 401229.893 4.59823414005 5.60761694824 5.63122229343 0.574779267506 0.70095211853 0.703902786679
15855024 64 359789.932 360022.669 362846.009 5.59312496669 5.63698690873 5.64063330155 0.699140620836 0.704623363592 0.705079162693
17440520 32 198073.187 198251.08 198650.609 5.6188767083 5.6302002491 5.6352568306 0.702359588538 0.703775031137 0.704407103825
19184568 32 217527.432 217915.631 217940.838 5.6336956546 5.63434732224 5.64440236669 0.704211956825 0.704293415281 0.705550295836
21103024 32 239025.516 239655.242 239658.5 5.63549190202 5.63556851387 5.65041573218 0.704436487752 0.704446064234 0.706301966523
23213320 32 263174.512 263356.144 263641.248 5.63512914337 5.64122961946 5.64512295932 0.704391142922 0.705153702433 0.705640369915
25534648 32 289042.589 289765.037 290881.745 5.61815067494 5.63980212699 5.65389854019 0.702268834368 0.704975265874 0.706737317524
28088112 32 318302.076 318490.159 318807.965 5.63862690193 5.64425341632 5.64758857558 0.704828362742 0.70553167704 0.705948571947
30896920 32 350246.556 350611.497 351147.132 5.63126592758 5.63986890595 5.64574539314 0.703908240948 0.704983613244 0.705718174142
33986608 16 192845.259 193243.733 193593.525 5.61780904604 5.62797788635 5.63960691406 0.702226130755 0.703497235794 0.704950864257
37385264 16 211998.894 212328.943 212883.079 5.61965024942 5.63431641065 5.64308815687 0.702456281178 0.704289551331 0.705386019608
41123784 16 233585.837 234272.476 236528.576 5.56364524851 5.61722448351 5.63373663789 0.695455656064 0.702153060439 0.704217079737
45236160 16 255967.879 256686.763 257295.014 5.62605974168 5.63939138537 5.65522957668 0.70325746771 0.704923923171 0.706903697085
49759776 16 281951.078 282335.27 282561.223 5.63528432916 5.63979424887 5.64747914175 0.704410541145 0.704974281109 0.705934892719
54735752 16 309805.298 310269.323 311183.948 5.62864529246 5.64523765052 5.65369306241 0.703580661558 0.705654706315 0.706711632801
60209320 16 341544.768 343586.129 363896.046 5.2946391179 5.60761357162 5.64112942289 0.661829889737 0.700951696452 0.705141177862
66230248 16 375460.239 375721.055 412091.745 5.14295168907 5.64080162077 5.64472004185 0.642868961134 0.705100202596 0.705590005231
72853272 8 207233.563 207306.131 237085.906 4.91658222822 5.6228551774 5.62482416036 0.614572778527 0.702856897175 0.703103020045
80138592 8 227291.95 227519.618 227923.427 5.62565019698 5.63563477854 5.64127973736 0.703206274623 0.704454347317 0.70515996717
88152448 8 249458.958 250670.841 251700.614 5.60363816991 5.62665829968 5.65399286243 0.700454771239 0.70333228746 0.706749107803
96967688 8 274764.177 275085.565 280004.54 5.54092090078 5.64000153189 5.6465985666 0.692615112598 0.705000191486 0.705824820824
106664456 8 301881.214 302891.041 303152.532 5.62961254106 5.63447268155 5.65332063359 0.703701567632 0.704309085193 0.706665079199
117330896 8 332261.553 332504.935 332660.72 5.64327022439 5.64591420575 5.65004984492 0.705408778049 0.705739275719 0.706256230615
129063984 8 365770.224 366201.916 366401.391 5.63596043772 5.63903041949 5.64568575708 0.704495054714 0.704878802436 0.705710719635
141970376 4 200916.748 201102.517 201621.43 5.63314627815 5.6476817145 5.65290359965 0.704143284769 0.705960214312 0.706612949957
156167408 4 221548.445 222213.306 222233.2 5.6217489736 5.62225226963 5.63912449938 0.7027186217 0.702781533703 0.704890562423
171784144 4 243432.107 243451.275 243818.617 5.63645700607 5.64496181834 5.64540630624 0.704557125759 0.705620227292 0.70567578828
188962552 4 267476.65 268085.986 268330.679 5.63372187494 5.63886400239 5.65170984458 0.704215234368 0.704858000298 0.706463730572
207858800 4 294872.699 295083.331 295601.041 5.62538749652 5.63525697763 5.63928232637 0.703173437065 0.704407122204 0.704910290796
228644680 4 323704.244 324507.803 324659.333 5.63408241832 5.63671327188 5.65070577203 0.70426030229 0.704589158985 0.706338221503
251509144 4 356247.587 356660.697 357489.802 5.62833720219 5.64142101702 5.64796289273 0.703542150274 0.705177627127 0.705995361591
276660056 2 195748.184 197642.118 205468.564 5.3859344829 5.59921253222 5.65338692491 0.673241810363 0.699901566527 0.706673365613
304326056 2 215845.774 216197.277 216397.921 5.62530461649 5.63052523552 5.63969449779 0.703163077061 0.70381565444 0.704961812224
334758656 2 236908.506 237372.974 237401.182 5.64038735073 5.64105762099 5.65211712576 0.705048418841 0.705132202624 0.70651464072
368234520 2 261133.399 261367.741 261403.525 5.63472921798 5.63550067183 5.64055798929 0.704341152247 0.704437583979 0.705069748661
405057968 2 286922.6 287140.46 287480.951 5.63596254418 5.64264566547 5.64693011983 0.704495318022 0.705330708184 0.705866264979
445563760 2 315211.779 316155.521 316673.822 5.62804664037 5.6372731824 5.65415114135 0.703505830046 0.7046591478 0.706768892669
490120136 2 347212.643 347816.264 348277.44 5.62907704846 5.63654074555 5.64633973884 0.703634631057 0.704567593193 0.705792467356
539132144 1 190830.024 191084.894 191199.748 5.63946500599 5.64285467798 5.6503911984 0.704933125749 0.705356834748 0.7062988998
593045352 1 209625.443 210425.717 210965.308 5.62220734416 5.6366242725 5.65814286198 0.70277591802 0.704578034062 0.707267857748
652349880 1 230678.528 231280.255 231821.16 5.62804430795 5.64120685529 5.65592199375 0.703505538494 0.705150856912 0.706990249218
717584864 1 254254.618 254428.836 254870.699 5.63097183643 5.64075106644 5.64461616976 0.703871479554 0.705093883305 0.705577021221
789343344 1 279420.698 279949.105 280248.082 5.63317570894 5.63919176666 5.64985593157 0.704146963618 0.704898970833 0.706231991447
868277672 1 306979.571 308884.921 309098.874 5.618122517 5.62201397976 5.65690849832 0.702265314626 0.70275174747 0.70711356229
955105432 1 338044.755 338464.408 338975.916 5.63524065822 5.64375697666 5.65076320737 0.704405082277 0.705469622082 0.706345400922
1050615968 1 371228.437 371844.83 372655.468 5.63853778204 5.65083004112 5.66021276005 0.704817222754 0.70635375514 0.707526595006

META_DATA
ERT_VERSION  1.1.0
TIMESTAMP_DATA  1535268849.29
UNAME  ('Linux', 'atajo-Inspiron-15-7568', '4.15.0-33-generic', '#36-Ubuntu SMP Wed Aug 15 16:00:05 UTC 2018', 'x86_64', 'x86_64')
TIMESTAMP_DATA  1535268951.94
TIMESTAMP_DATA  1535269055.51
FLOPS          2
HOSTNAME  ('atajo-Inspiron-15-7568', [], ['127.0.1.1'])
OPENMP_THREADS 1
CONFIG  {'ERT_WORKING_SET_MIN': ['1'], 'ERT_CFLAGS': [], 'ERT_CC': ['gcc'], 'ERT_MPI_CFLAGS': ['-I/usr/include/mpi'], 'ERT_MPI_LDFLAGS': ['-mpicc'], 'ERT_MEMORY_MAX': ['1073741824'], 'ERT_PROCS_THREADS': ['1-4'], 'ERT_LDFLAGS': [], 'ERT_LDLIBS': [], 'ERT_RUN': ['export', 'OMP_NUM_THREADS=ERT_OPENMP_THREADS;', 'mpirun', '-np', 'ERT_MPI_PROCS', 'ERT_CODE'], 'ERT_FLOPS': ['1,2,4,8,16'], 'ERT_OPENMP_CFLAGS': ['-fopenmp'], 'ERT_MPI': ['False'], 'ERT_TRIALS_MIN': ['1'], 'ERT_DRIVER': ['driver1'], 'ERT_RESULTS': ['Results/myLaptop'], 'ERT_OPENMP': ['True'], 'ERT_MPI_PROCS': ['1,2,4,8'], 'ERT_KERNEL': ['kernel1'], 'ERT_GPU': [False], 'ERT_OPENMP_THREADS': ['1,2,4,8'], 'ERT_LD': ['gcc'], 'ERT_NUM_EXPERIMENTS': ['3'], 'ERT_OPENMP_LDFLAGS': ['-fopenmp'], 'ERT_ALIGN': ['64'], 'ERT_GNUPLOT': ['gnuplot']}
