8 134217728 783169.175 783884.654 784969.483 2.73575431212 2.739540361 2.74204311987 0.341969289015 0.342442545125 0.342755389983
16 67108864 476277.959 476377.59 477971.701 4.49290960847 4.50794431367 4.50888731553 0.561613701059 0.563493039209 0.563610914441
24 33554432 327403.514 327522.161 327726.564 4.91450163924 4.91756872598 4.91935079231 0.614312704905 0.614696090748 0.614918849038
32 33554432 413173.337 416054.391 416108.232 5.16087758629 5.16154544803 5.19753685848 0.645109698286 0.645193181004 0.64969210731
40 16777216 255120.544 255132.105 256087.305 5.24109260317 5.26071495393 5.26095334761 0.655136575396 0.657589369241 0.657619168451
48 16777216 302833.687 303249.038 303272.671 5.31077439549 5.3111882782 5.31847282895 0.663846799437 0.663898534775 0.664809103619
56 16777216 351167.44 351412.408 351653.109 5.34347100568 5.34713103244 5.3508610935 0.66793387571 0.668391379055 0.668857636688
64 16777216 398100.121 398211.578 400106.781 5.36727631217 5.39282071804 5.39433055837 0.670909539021 0.674102589754 0.674291319796
72 8388608 221988.403 222069.342 223012.843 5.41654702819 5.43956018927 5.44154350261 0.677068378524 0.679945023658 0.680192937827
80 8388608 244902.103 245786.668 246347.86 5.44830095135 5.46074077541 5.48046449401 0.681037618918 0.682592596926 0.685058061751
88 8388608 268095.408 268387.336 270149.849 5.46509655091 5.5009861121 5.50697611352 0.683137068864 0.687623264013 0.68837201419
96 8388608 291290.906 291825.828 292019.353 5.51543149265 5.51908906432 5.52922423194 0.689428936581 0.68988613304 0.691153028993
104 8388608 315538.911 316079.279 316855.082 5.50671446703 5.52023046092 5.5296839888 0.688339308378 0.690028807614 0.6912104986
112 8388608 339171.83 340705.828 342286.12 5.48970023091 5.51516304558 5.54010688918 0.686212528863 0.689395380698 0.692513361148
120 8388608 362500.455 364033.411 364832.619 5.5183276252 5.53044269884 5.55383004968 0.689790953149 0.691305337355 0.694228756209
128 8388608 386611.899 387450.052 388208.974 5.53177229746 5.54260771657 5.55462378048 0.691471537183 0.692825964571 0.694327972559
136 4194304 204979.671 205097.52 205993.424 5.53828693095 5.56247919526 5.56567723245 0.692285866368 0.695309899408 0.695709654056
144 4194304 216981.197 218072.976 218474.658 5.52906027206 5.53924458755 5.56711626953 0.691132534008 0.692405573444 0.695889533691
152 4194304 254765.799 255250.929 255686.77 4.98683766861 4.99535269468 5.00486494264 0.623354708576 0.624419086835 0.625608117831
160 4194304 260223.108 262045.523 264301.351 5.07820817004 5.12192410171 5.15779436467 0.634776021255 0.640240512714 0.644724295584
176 4194304 262919.948 263454.466 263716.195 5.59842374489 5.60398550238 5.61537844211 0.699802968111 0.700498187797 0.701922305264
192 4194304 288950.981 289276.368 292058.851 5.51468558643 5.56773008157 5.57399988893 0.689335698304 0.695966260196 0.696749986116
208 4194304 310982.714 311104.006 311679.881 5.59814915997 5.60851172068 5.6106991979 0.699768644996 0.701063965084 0.701337399737
224 4194304 333589.624 334546.816 335613.687 5.59884255257 5.61669728161 5.63281366329 0.699855319071 0.702087160202 0.704101707912
240 4194304 358266.835 358677.143 365445.769 5.50906889826 5.61303099261 5.6194593619 0.688633612283 0.701628874076 0.702432420238
264 2097152 208950.591 210146.987 210688.882 5.25559889771 5.26915123461 5.29932100551 0.656949862214 0.658643904326 0.662415125689
288 2097152 214924.955 215746.951 215928.772 5.5942500891 5.59896465003 5.62037829437 0.699281261137 0.699870581253 0.702547286796
312 2097152 231637.402 231830.893 232266.231 5.63415026957 5.64473022152 5.64944536893 0.704268783696 0.705591277691 0.706180671116
336 2097152 262111.863 262256.904 262556.765 5.36754840044 5.37368558274 5.37665914038 0.670943550055 0.671710697843 0.672082392547
368 2097152 272831.87 272907.439 272916.018 5.65560014876 5.65577793576 5.65734447372 0.706950018595 0.70697224197 0.707168059215
400 2097152 296702.065 297792.658 298367.487 5.62300409092 5.63385817255 5.65456664415 0.702875511366 0.704232271569 0.706820830519
440 2097152 325840.484 325961.063 327894.115 5.62832230155 5.66170002949 5.66379517163 0.703540287693 0.707712503686 0.707974396453
480 2097152 357022.129 357087.931 399563.46 5.03866374568 5.63801166386 5.63905079396 0.62983296821 0.704751457982 0.704881349245
528 1048576 196448.806 196790.471 214750.391 5.15620135006 5.62677781283 5.63656394023 0.644525168757 0.703347226604 0.704570492528
576 1048576 215186.264 215456.834 230483.032 5.24099124139 5.60650376957 5.61355325171 0.655123905173 0.700812971196 0.701694156463
632 1048576 240570.779 241299.35 260750.904 5.08301234499 5.49276267839 5.50939756486 0.635376543124 0.686595334799 0.688674695608
688 1048576 262025.125 262149.965 280023.592 5.15256791649 5.50387476115 5.50649704298 0.644070989561 0.687984345144 0.688312130373
752 1048576 284230.104 288182.553 303312.907 5.19944343813 5.47242811052 5.54852664023 0.649930429766 0.684053513816 0.693565830029
824 1048576 311476.081 316272.074 329735.68 5.24072265398 5.46381862346 5.54794847313 0.655090331747 0.682977327932 0.693493559141
904 1048576 340408.372 346922.262 360499.292 5.25888802023 5.46469804812 5.56926786748 0.657361002529 0.683087256015 0.696158483435
992 1048576 373005.334 379656.855 395056.685 5.26601589845 5.47961865195 5.57733253219 0.658251987307 0.684952331494 0.697166566524
1088 524288 204403.212 207122.176 215750.095 5.28783400072 5.50810497472 5.58137358429 0.66097925009 0.68851312184 0.697671698036
1192 524288 222835.649 226586.279 233443.155 5.35420536104 5.51623248114 5.60907824941 0.66927567013 0.689529060142 0.701134781177
1304 524288 243803.637 246379.49 254243.858 5.37807723166 5.54974403105 5.60837861496 0.672259653958 0.693718003881 0.70104732687
1432 524288 266743.401 270476.335 276665.965 5.42734207296 5.55154236322 5.62923328701 0.67841775912 0.693942795402 0.703654160877
1568 524288 291635.986 294487.803 313578.07 5.24324665944 5.58314181861 5.63773761445 0.65540583243 0.697892727326 0.704717201807
1720 524288 318596.622 328622.078 329063.143 5.48086517243 5.48822139698 5.66092229314 0.685108146554 0.686027674623 0.707615286643
1888 524288 349665.723 353721.623 359089.689 5.51313933161 5.59680652602 5.66172592216 0.689142416451 0.699600815752 0.70771574027
2072 262144 193547.618 194962.369 197386.266 5.5035477291 5.57197135823 5.61270010567 0.687943466138 0.696496419778 0.701587513208
2272 262144 211762.902 213071.309 214978.687 5.54093223204 5.59053371189 5.62507561405 0.692616529005 0.698816713986 0.703134451756
2496 262144 232529.814 233065.756 235791.777 5.549908757 5.61482248812 5.62776370689 0.693738594625 0.701852811015 0.703470463362
2744 262144 254972.527 255121.766 259405.792 5.54592964524 5.63905735899 5.64235797843 0.693241205655 0.704882169873 0.705294747304
3016 262144 280159.349 281235.868 285976.187 5.52931565592 5.6225140102 5.64411865477 0.69116445699 0.702814251275 0.705514831847
3312 262144 306479.694 307541.287 310713.347 5.58856538596 5.64620728793 5.66576477984 0.698570673245 0.705775910992 0.708220597479
3640 262144 336074.397 337477.787 340944.718 5.5974127747 5.65491535595 5.67852932873 0.699676596838 0.706864419494 0.709816166091
4000 262144 370504.026 370604.851 375151.032 5.59015388767 5.6587278724 5.66026777803 0.698769235959 0.70734098405 0.707533472254
4400 131072 202793.593 204770.554 205709.51 5.60709905925 5.63280988144 5.68772209682 0.700887382406 0.704101235181 0.710965262103
4840 131072 223285.735 226030.998 242765.567 5.226346453 5.6132874306 5.68230191687 0.653293306624 0.701660928825 0.710287739609
5320 131072 245230.324 248642.899 257481.797 5.41632882887 5.60887154071 5.68692344916 0.677041103609 0.701108942588 0.710865431145
5848 131072 269292.903 273618.754 282570.656 5.42525587653 5.60275233181 5.69275348486 0.678156984567 0.700344041476 0.711594185607
6432 131072 296609.019 298642.423 308410.503 5.46709723436 5.64591658165 5.68462217934 0.683387154295 0.705739572706 0.710577772418
7072 131072 326242.316 329255.63 337642.546 5.49066576462 5.63052594727 5.68253190061 0.686333220577 0.703815743409 0.710316487577
7776 131072 357995.757 360612.945 370246.643 5.50560493266 5.65268599551 5.69401090416 0.688200616582 0.706585749438 0.71175136302
8552 65536 197166.457 198570.608 204361.405 5.48502660764 5.64498318905 5.68518479794 0.685628325955 0.705622898632 0.710648099742
9400 65536 216006.402 218038.161 222585.33 5.53530100119 5.65073927586 5.70389020229 0.691912625149 0.706342409483 0.712986275286
10336 65536 239316.563 244105.603 244393.349 5.54335949625 5.54989387933 5.66095457421 0.692919937032 0.693736734916 0.707619321777
11368 65536 263308.482 267019.252 268072.727 5.55829200783 5.5802212194 5.65886250485 0.694786500978 0.697527652426 0.707357813107
12504 65536 289517.448 293178.541 293478.968 5.58446930344 5.5901918415 5.66088261458 0.698058662929 0.698773980187 0.707610326822
13752 65536 318379.551 321872.077 322164.015 5.5949828661 5.60005751602 5.66148842895 0.699372858263 0.700007189502 0.707686053618
15120 65536 349507.198 352959.156 353860.449 5.60053728977 5.6148384489 5.67029420664 0.700067161222 0.701854806112 0.708786775831
16632 32768 192909.048 194300.836 195382.984 5.57875987809 5.60983047958 5.65030392976 0.697344984761 0.701228809947 0.70628799122
18288 32768 211963.87 212948.534 214126.492 5.59726335964 5.62822549415 5.65437103974 0.699657919955 0.703528186768 0.706796379968
20112 32768 232694.971 234459.619 234537.396 5.61982888221 5.62169314111 5.66432538845 0.702478610277 0.702711642639 0.708040673556
22120 32768 255644.269 257384.305 258568.487 5.60646943802 5.63226386318 5.67059971917 0.700808679752 0.704032982897 0.708824964897
24328 32768 282950.567 283177.483 283443.179 5.62497151501 5.63024923843 5.63476449227 0.703121439377 0.703781154803 0.704345561534
26760 32768 310983.362 312064.214 312611.086 5.60998454162 5.61981567037 5.63934786968 0.701248067703 0.702476958797 0.70491848371
29432 32768 341758.611 342962.245 343113.323 5.6216282572 5.62410463577 5.64391207688 0.702703532151 0.703013079472 0.70548900961
32368 32768 376507.368 379115.981 386293.811 5.49133635486 5.59530421905 5.63407101239 0.686417044357 0.699413027382 0.704258876549
35600 16384 205515.854 206295.721 207060.991 5.63380284411 5.65470187334 5.67615966017 0.704225355514 0.706837734167 0.709519957521
39160 16384 225825.359 227460.508 227943.994 5.62943053459 5.64139635176 5.68224439311 0.703678816824 0.70517454397 0.710280549139
43072 16384 248306.488 248863.467 249781.068 5.65048146884 5.67131573394 5.68403712431 0.706310183604 0.708914466743 0.710504640539
47376 16384 272747.686 275267.352 275478.744 5.63534138953 5.6396690589 5.69176879469 0.704417673692 0.704958632363 0.711471099337
52112 16384 299638.513 300356.701 303580.269 5.62489130675 5.68526025993 5.69888696517 0.703111413344 0.710657532492 0.712360870647
57320 16384 329787.3 330725.079 332284.777 5.65256638284 5.67922386073 5.69537322996 0.706570797855 0.709902982592 0.711921653745
63048 16384 363185.758 363581.809 366625.923 5.63505397298 5.68223385455 5.68843028256 0.704381746623 0.710279231819 0.711053785319
69352 8192 199605.029 199643.281 201998.116 5.62511765209 5.69146711228 5.69255781627 0.703139706511 0.711433389036 0.711569727033
76280 8192 219364.72 219908.683 221175.024 5.65059968073 5.68313857803 5.69723116826 0.706324960091 0.710392322253 0.712153896032
83904 8192 241480.872 242034.341 243068.508 5.65553780418 5.67970284845 5.69272060604 0.706942225523 0.709962856056 0.711590075756
92288 8192 265923.931 266735.737 267514.743 5.65219910889 5.66870644709 5.68601173393 0.706524888611 0.708588305886 0.710751466742
101512 8192 291966.633 294107.604 320862.987 5.18343553287 5.65497996441 5.69644753892 0.647929441609 0.706872495551 0.712055942365
111656 8192 322514.688 322724.295 328193.647 5.57406251072 5.66852862441 5.67221268385 0.69675781384 0.708566078051 0.709026585481
122816 8192 353690.275 354415.375 354709.626 5.6728580126 5.67756786511 5.68920744004 0.709107251575 0.709695983138 0.711150930005
135096 4096 194378.009 194806.719 196013.297 5.64607834743 5.68104856794 5.6935783924 0.705759793429 0.710131070992 0.71169729905
148600 4096 213517.42 214934.701 215110.632 5.65909359608 5.6637257471 5.70132029508 0.70738669951 0.707965718388 0.712665036886
163456 4096 235875.953 236544.591 237970.191 5.62688774747 5.66079970943 5.67684638883 0.703360968433 0.707599963679 0.709605798604
179800 4096 259029.261 259232.704 259644.855 5.67283183793 5.68185100596 5.68631356285 0.709103979742 0.710231375745 0.710789195357
197776 4096 284393.019 285331.669 285595.387 5.67299426303 5.67823753206 5.69697877148 0.709124282879 0.709779691507 0.712122346435
217552 4096 313345.957 314500.867 314970.311 5.65826657866 5.66671246728 5.68759846485 0.707283322332 0.70833905841 0.710949808106
239304 4096 344514.262 345943.346 367030.203 5.34119086652 5.66676130837 5.69026767316 0.667648858315 0.708345163546 0.711283459145
263232 2048 189726.402 189764.544 196961.929 5.4741455746 5.68176883454 5.6829110795 0.684268196825 0.710221104318 0.710363884938
289552 2048 208155.015 208967.734 210041.793 5.64651908109 5.6755412393 5.69770078324 0.705814885136 0.709442654912 0.712212597904
318504 2048 229126.108 229562.157 229781.505 5.67753433419 5.68295925186 5.69377446939 0.709691791774 0.710369906482 0.711721808673
350352 2048 251948.695 252413.155 253226.726 5.66702344049 5.68528923146 5.69576989474 0.708377930061 0.710661153932 0.711971236842
385384 2048 277337.727 278003.877 279170.614 5.65436612895 5.6780965828 5.69173505918 0.706795766119 0.709762072851 0.711466882398
423920 2048 304902.17 305327.29 305384.018 5.68587816537 5.68693456782 5.69486376565 0.710734770672 0.710866820978 0.711857970706
466312 2048 336204.289 336332.274 336433.664 5.6772379116 5.67894935947 5.68111120082 0.70965473895 0.709868669933 0.710138900102
512936 2048 369435.74 369695.752 369964.893 5.67887898488 5.68301324707 5.68701299988 0.70985987311 0.710376655883 0.710876624985
564224 1024 203835.902 204180.615 204818.793 5.64172230036 5.65935582083 5.66892652699 0.705215287544 0.707419477603 0.708615815873
620640 1024 223890.842 223959.835 224011.435 5.67413319771 5.67544050923 5.67718942251 0.709266649714 0.709430063654 0.709648677814
682704 1024 246050.213 246231.022 246504.53 5.67201662379 5.67831697502 5.6824896632 0.709002077974 0.709789621878 0.7103112079
750968 1024 270128.262 270909.509 270928.894 5.67670151859 5.67710771644 5.69352666993 0.709587689824 0.709638464555 0.711690833742
826064 1024 297810.394 297826.9 297889.293 5.6792208104 5.68041057406 5.68072540813 0.7099026013 0.710051321758 0.710090676016
908664 1024 327282.746 327547.653 330164.952 5.63640647115 5.68144468433 5.68604332109 0.704550808894 0.710180585541 0.710755415136
999528 1024 359793.785 360205.714 360363.93 5.68046126037 5.68295633422 5.68946276824 0.710057657546 0.710369541778 0.711182846029
1099480 512 198072.75 198330.939 199283.96 5.64956416964 5.67671148877 5.68411111574 0.706195521205 0.709588936096 0.710513889467
1209424 512 217722.882 218306.385 218337.9 5.67217224311 5.67299108544 5.68819484945 0.709021530389 0.70912388568 0.711024356181
1330360 512 239593.166 239723.133 240505.457 5.66427330587 5.68275836775 5.68584097261 0.708034163233 0.710344795969 0.710730121576
1463392 512 263714.784 264386.493 265240.11 5.64964856937 5.6678894258 5.68232613004 0.706206071171 0.708486178225 0.710290766255
1609728 512 289949.957 290324.231 291787.286 5.64918881352 5.67765723971 5.68498608882 0.706148601691 0.709707154964 0.710623261103
1770696 512 318788.066 318905.952 319077.124 5.68261579291 5.68566592322 5.6877684499 0.710326974114 0.710708240403 0.710971056238
1947760 512 350554.68 350935.579 351096.053 5.68079937942 5.68339706588 5.68957242277 0.710099922428 0.710424633234 0.711196552846
2142536 256 192880.17 192977.348 193342.866 5.67374661758 5.68449324944 5.68735724362 0.709218327197 0.710561656179 0.710919655452
2356784 256 212410.187 212594.465 213707.639 5.64637470914 5.67593990747 5.68086411035 0.705796838643 0.709492488433 0.710108013793
2592456 256 233389.189 233815.411 233830.223 5.67650090296 5.67686050429 5.68722774901 0.709562612871 0.709607563036 0.710903468626
2851696 256 256880.327 257093.437 257551.78 5.66902838722 5.67913506092 5.68384651737 0.708628548403 0.709891882615 0.710480814671
3136864 256 283232.468 283272.258 284792.861 5.63944742983 5.66971993424 5.67051644658 0.704930928729 0.70871499178 0.708814555823
3450544 256 311744.612 311801.133 312410.736 5.65498660712 5.6660426824 5.66706996687 0.70687332589 0.708255335301 0.708383745859
3795592 256 342511.294 343281.444 343619.498 5.6555088268 5.66107821429 5.6738073694 0.70693860335 0.707634776787 0.709225921175
4175144 256 377297.497 377650.357 377758.222 5.6588410351 5.66045732084 5.66575115127 0.707355129387 0.707557165106 0.708218893909
4592656 128 208041.013 208350.541 209526.883 5.61130829212 5.64298959992 5.6513853641 0.701413536515 0.70537369999 0.706423170512
5051920 128 228584.123 228830.023 229441.716 5.63668866563 5.651756282 5.65783617439 0.704586083204 0.70646953525 0.707229521798
5557112 128 251592.513 252322.225 277589.99 5.12489903544 5.63811084022 5.65446346172 0.640612379431 0.704763855027 0.706807932715
6112816 128 276762.902 278865.097 292919.776 5.34235317727 5.61160544233 5.65422925071 0.667794147159 0.701450680291 0.706778656339
6724096 128 304916.849 305008.014 305373.038 5.63693699769 5.64368310663 5.64537047279 0.704617124712 0.705460388329 0.705671309098
7396504 128 335786.358 335902.163 342174.469 5.5337413967 5.6370730307 5.63901712767 0.691717674588 0.704634128837 0.704877140959
8136152 128 368334.839 369395.128 370681.142 5.61899345826 5.63855544949 5.6547866003 0.702374182283 0.704819431186 0.706848325037
8949760 64 202822.905 202988.353 203687.765 5.62414379676 5.64352221726 5.64812578737 0.703017974595 0.705440277157 0.706015723421
9844736 64 222654.53 222870.019 223108.628 5.64803889162 5.65408579249 5.65955791692 0.706004861453 0.706760724061 0.707444739615
10829208 64 245433.024 245495.791 245948.259 5.63589524738 5.64628264441 5.64772662378 0.704486905923 0.705785330552 0.705965827973
11912128 64 269592.121 269929.066 270945.977 5.62751438823 5.64871507391 5.6557750217 0.703439298529 0.706089384238 0.706971877713
13103336 64 296093.361 296512.391 296783.606 5.65134655046 5.65651574406 5.66452081984 0.706418318807 0.707064468007 0.70806510248
14413664 64 325678.454 326034.494 327075.557 5.64074249058 5.65875398448 5.66494027879 0.705092811322 0.70734424806 0.708117534849
15855024 64 358930.904 359111.815 360976.515 5.62209170865 5.65128460616 5.65413300829 0.702761463582 0.70641057577 0.706766626036
17440520 32 197122.198 197762.029 198253.196 5.63014015673 5.64412332157 5.66244335405 0.703767519591 0.705515415196 0.707805419256
19184568 32 217153.569 217232.111 217232.498 5.6520657052 5.65207577438 5.65412006652 0.70650821315 0.706509471797 0.706765008315
21103024 32 238440.269 238579.083 239699.321 5.63453217291 5.66098888057 5.66428456764 0.704316521614 0.707623610071 0.708035570955
23213320 32 262218.198 262800.443 263121.725 5.64625547358 5.65315820263 5.66571081386 0.705781934198 0.706644775329 0.708213851733
25534648 32 288832.701 289001.378 290769.934 5.62031104633 5.65470477445 5.65800709664 0.702538880791 0.706838096807 0.70725088708
28088112 32 317866.343 317933.389 318046.019 5.65213541629 5.65413772254 5.65533032228 0.706516927036 0.706767215318 0.706916290285
30896920 32 349330.632 349522.854 349943.783 5.6506301185 5.65743515015 5.66054819951 0.706328764812 0.707179393769 0.707568524938
33986608 16 192136.206 192326.212 192531.004 5.64881205315 5.65482699779 5.66041912996 0.706101506644 0.706853374724 0.707552391245
37385264 16 211710.654 211944.178 213093.286 5.61410671569 5.64454498958 5.6507711133 0.701763339461 0.705568123697 0.706346389162
41123784 16 232673.037 232836.467 232862.977 5.65122504639 5.65186847643 5.65583835999 0.706403130799 0.706483559553 0.706979794999
45236160 16 255661.868 255746.367 256770.137 5.63756025881 5.66012779372 5.6619985269 0.704695032351 0.707515974215 0.707749815862
49759776 16 281435.44 281476.263 281548.401 5.65555629634 5.65700572769 5.65782629224 0.706944537042 0.707125715961 0.70722828653
54735752 16 309475.885 309530.126 309987.618 5.65036782856 5.65871919039 5.65971097877 0.70629597857 0.707339898799 0.707463872347
60209320 16 340298.986 340659.812 348381.642 5.53042413182 5.65578378233 5.66178072596 0.691303016478 0.706972972791 0.707722590746
66230248 16 374513.932 374542.742 375191.122 5.64876888531 5.65854760576 5.65898289733 0.706096110664 0.70731845072 0.707372862166
72853272 8 205935.408 206670.756 207195.623 5.62585413303 5.6401417141 5.66028136356 0.703231766629 0.705017714262 0.707535170445
80138592 8 226331.564 226635.784 227539.416 5.63514442702 5.65761262131 5.66521721204 0.704393053378 0.707201577664 0.708152151505
88152448 8 249099.263 249551.279 249830.882 5.64557574592 5.651901179 5.66215712971 0.705696968239 0.706487647374 0.707769641213
96967688 8 273763.098 274216.295 274230.745 5.65758229625 5.65788042611 5.6672466791 0.707197787032 0.707235053263 0.708405834887
106664456 8 301308.468 301462.63 303406.572 5.62489890957 5.66117032814 5.66406681939 0.703112363697 0.707646291018 0.708008352424
117330896 8 331127.981 331522.314 332748.565 5.64178041158 5.66264850577 5.66939202882 0.705222551448 0.707831063221 0.708674003602
129063984 8 364579.062 364744.665 364955.907 5.6582828347 5.66155983118 5.66413148542 0.707285354337 0.707694978897 0.708016435678
141970376 4 200476.967 200705.606 200929.112 5.6525557531 5.65885044586 5.6653042242 0.706569469137 0.707356305733 0.708163028025
156167408 4 220535.628 221197.33 222022.012 5.62709639799 5.64807569784 5.66502236092 0.703387049749 0.70600946223 0.708127795115
171784144 4 242676.824 242735.949 244611.869 5.61817853573 5.66159712915 5.66297650245 0.702272316966 0.707699641144 0.707872062806
188962552 4 266753.705 267325.815 267750.714 5.64592487324 5.65489874594 5.66702687785 0.705740609155 0.706862343242 0.708378359731
207858800 4 293280.417 293678.032 293830.372 5.6592869848 5.66222263434 5.66989919412 0.707410873101 0.707777829293 0.708737399265
228644680 4 323087.936 323767.8 324645.321 5.63432559067 5.64959653184 5.66148480394 0.704290698833 0.706199566479 0.707685600492
251509144 4 355398.202 355629.164 356302.284 5.64709585752 5.65778444425 5.6614612586 0.70588698219 0.707223055531 0.707682657325
276660056 2 195510.765 195785.947 196046.959 5.64477117954 5.65229650522 5.66025212985 0.705596397443 0.706537063153 0.707531516231
304326056 2 215129.022 215321.263 215609.353 5.64587856261 5.65343248985 5.65848444196 0.705734820326 0.706679061231 0.707310555244
334758656 2 236375.723 236519.496 236697.499 5.65715577755 5.66141331537 5.66485680934 0.707144472194 0.707676664422 0.708107101168
368234520 2 260230.011 260289.925 261682.446 5.62872329617 5.65883631493 5.66013917588 0.703590412022 0.707354539366 0.707517396985
405057968 2 286131.448 287326.343 287532.118 5.63495961171 5.6389952104 5.66254385292 0.704369951464 0.704874401301 0.707817981615
445563760 2 314739.859 315121.446 315863.992 5.64247614524 5.65577196545 5.6626289586 0.705309518155 0.706971495682 0.707828619825
490120136 2 346488.007 346571.482 346648.943 5.65552148244 5.65678552859 5.65814834682 0.706940185304 0.707098191074 0.707268543352
539132144 1 190220.198 190913.273 190953.959 5.6467239205 5.64792730781 5.66850575984 0.705840490063 0.705990913476 0.708563219979
593045352 1 213913.285 218013.428 226282.494 5.2416370486 5.44044793424 5.5447267055 0.655204631075 0.68005599178 0.693090838187
652349880 1 231152.336 238862.394 245475.595 5.3149876671 5.46213967863 5.64432868202 0.664373458388 0.682767459829 0.705541085252
717584864 1 253176.209 253827.257 263216.701 5.45242654644 5.65411983316 5.66865952243 0.681553318306 0.706764979145 0.708582440303
789343344 1 278602.731 278979.286 286768.212 5.50509652723 5.65879535587 5.66644369326 0.688137065903 0.707349419483 0.708305461658
868277672 1 306532.966 307638.364 314220.925 5.52654265148 5.64479449644 5.66515036428 0.690817831435 0.705599312055 0.708143795536
955105432 1 336991.573 337414.946 338899.607 5.63650952832 5.66131075889 5.66842323977 0.70456369104 0.707663844861 0.708552904971
1050615968 1 370907.62 371749.916 373585.647 5.62449856646 5.65227279298 5.665108568 0.703062320807 0.706534099123 0.708138571001

META_DATA
ERT_VERSION  1.1.0
TIMESTAMP_DATA  1535277421.86
MPI_PROCS      1
FLOPS          2
HOSTNAME  ('atajo-Inspiron-15-7568', [], ['127.0.1.1'])
TIMESTAMP_DATA  1535277524.52
UNAME  ('Linux', 'atajo-Inspiron-15-7568', '4.15.0-33-generic', '#36-Ubuntu SMP Wed Aug 15 16:00:05 UTC 2018', 'x86_64', 'x86_64')
CONFIG  {'ERT_WORKING_SET_MIN': ['1'], 'ERT_CFLAGS': [], 'ERT_CC': ['mpicc'], 'ERT_MPI_CFLAGS': ['-I/usr/include/mpi'], 'ERT_MPI_LDFLAGS': ['-lmpi'], 'ERT_MEMORY_MAX': ['1073741824'], 'ERT_PROCS_THREADS': ['1-4'], 'ERT_LDFLAGS': [], 'ERT_LDLIBS': [], 'ERT_RUN': ['export', 'OMP_NUM_THREADS=ERT_OPENMP_THREADS;', 'mpirun', '-np', 'ERT_MPI_PROCS', 'ERT_CODE'], 'ERT_FLOPS': ['1,2,4,8,16'], 'ERT_OPENMP_CFLAGS': ['-fopenmp'], 'ERT_MPI': ['True'], 'ERT_TRIALS_MIN': ['1'], 'ERT_DRIVER': ['driver1'], 'ERT_RESULTS': ['Results/myLaptop'], 'ERT_OPENMP': ['False'], 'ERT_MPI_PROCS': ['1,2,4,8'], 'ERT_KERNEL': ['kernel1'], 'ERT_GPU': [False], 'ERT_OPENMP_THREADS': ['1,2,4,8'], 'ERT_LD': ['mpicc'], 'ERT_NUM_EXPERIMENTS': ['3'], 'ERT_OPENMP_LDFLAGS': ['-fopenmp'], 'ERT_ALIGN': ['64'], 'ERT_GNUPLOT': ['gnuplot']}
TIMESTAMP_DATA  1535277319.57
