32 33554432 1384799.591 1399162.224 1403449.414 1.53014681297 1.53483535445 1.55075410331 1.53014681297 1.53483535445 1.55075410331
64 16777216 981764.24 981972.181 982429.711 2.18589037359 2.18690884482 2.18737203954 2.18589037359 2.18690884482 2.18737203954
96 8388608 726125.686 726257.718 728822.314 2.20988395259 2.21768760053 2.2180908444 2.20988395259 2.21768760053 2.2180908444
128 8388608 955286.169 955724.114 959127.477 2.23899710883 2.24697024648 2.24800035601 2.23899710883 2.24697024648 2.24800035601
160 4194304 598551.896 599073.832 599108.072 2.24029243258 2.24042047625 2.24237411822 2.24029243258 2.24042047625 2.24237411822
192 4194304 713978.622 714999.389 722046.049 2.23062329367 2.25260715013 2.25582767659 2.23062329367 2.25260715013 2.25582767659
224 4194304 827990.537 828987.964 851722.534 2.2061740966 2.26667729038 2.26940781088 2.2061740966 2.26667729038 2.26940781088
256 4194304 942958.108 946021.853 959998.162 2.23696641619 2.27001484288 2.27739029951 2.23696641619 2.27001484288 2.27739029951
288 2097152 534359.625 535617.492 537244.155 2.24843684339 2.25526531535 2.26057414424 2.24843684339 2.25526531535 2.26057414424
320 2097152 592647.019 592827.181 594762.686 2.25666019674 2.26402790394 2.26471615814 2.25666019674 2.26402790394 2.26471615814
352 2097152 650695.498 650843.078 652324.351 2.26328360383 2.26843467789 2.26894916676 2.26328360383 2.26843467789 2.26894916676
384 2097152 707566.039 708348.241 713737.932 2.25658839721 2.27375836174 2.27627196223 2.25658839721 2.27375836174 2.27627196223
416 2097152 763754.384 764841.121 766955.57 2.27500853016 2.28129792723 2.28454395883 2.27500853016 2.28129792723 2.28454395883
448 2097152 828614.758 830734.115 857218.21 2.19203018564 2.2619128769 2.26769819613 2.19203018564 2.2619128769 2.26769819613
480 2097152 880249.682 880429.674 897103.603 2.24418440999 2.28668567116 2.28715324887 2.24418440999 2.28668567116 2.28715324887
512 2097152 938596.444 940620.224 941938.485 2.27985551307 2.28305068635 2.28797334757 2.27985551307 2.28305068635 2.28797334757
544 1048576 502709.625 505737.871 507677.474 2.24719580132 2.25581423385 2.26940291426 2.24719580132 2.25581423385 2.26940291426
576 1048576 531135.946 531782.608 543957.472 2.22068748786 2.27152888009 2.27429448354 2.22068748786 2.27152888009 2.27429448354
608 1048576 568181.499 573081.65 573202.943 2.2244624379 2.22493324642 2.24412167282 2.2244624379 2.22493324642 2.24412167282
640 1048576 593623.15 597264.711 602476.228 2.22776803071 2.2472067331 2.26099214628 2.22776803071 2.2472067331 2.26099214628
704 1048576 647059.518 647189.291 648527.179 2.27653528766 2.28124140577 2.28169892711 2.27653528766 2.28124140577 2.28169892711
768 1048576 703232.362 705182.937 708477.39 2.27334387622 2.28396441759 2.2902995127 2.27334387622 2.28396441759 2.2902995127
832 1048576 763304.35 764321.851 764358.826 2.28273738021 2.2828478104 2.28589089529 2.28273738021 2.2828478104 2.28589089529
896 1048576 824367.74 826465.582 830684.619 2.26204765205 2.27359521428 2.27938103449 2.26204765205 2.27359521428 2.27938103449
960 1048576 882696.135 884924.235 905040.249 2.22450429384 2.27507151502 2.28081424646 2.22450429384 2.27507151502 2.28081424646
1056 524288 495026.311 495104.201 497614.939 2.22520702097 2.23649133609 2.23684323721 2.22520702097 2.23649133609 2.23684323721
1152 524288 530507.873 530697.419 533200.659 2.26548773264 2.27617378331 2.27698704106 2.26548773264 2.27617378331 2.27698704106
1248 524288 573363.009 574790.329 576789.336 2.26880555226 2.27669600892 2.28236357675 2.26880555226 2.27669600892 2.28236357675
1344 524288 626728.49 626753.769 626759.973 2.2485260781 2.24854833541 2.24863903028 2.2485260781 2.24854833541 2.24863903028
1472 524288 674442.264 674935.937 685065.322 2.2530754695 2.28688944741 2.28856338695 2.2530754695 2.28688944741 2.28856338695
1600 524288 732491.74 735867.856 737709.235 2.27423152701 2.27992238867 2.2904307426 2.27423152701 2.27992238867 2.2904307426
1760 524288 802900.748 804757.525 812828.066 2.27046018364 2.29322957869 2.29853286922 2.27046018364 2.29322957869 2.29853286922
1920 524288 874150.921 877436.26 893822.156 2.25242337806 2.29448680409 2.30311022003 2.25242337806 2.29448680409 2.30311022003
2112 262144 485904.624 486066.641 500937.392 2.21044839871 2.2780749852 2.27883457228 2.21044839871 2.2780749852 2.27883457228
2304 262144 529418.743 531664.232 532000.807 2.27059721735 2.27203464009 2.28167130078 2.27059721735 2.27203464009 2.28167130078
2528 262144 584312.14 584917.65 586848.36 2.25850518522 2.2659601125 2.26830827783 2.25850518522 2.2659601125 2.26830827783
2752 262144 635576.227 636188.609 653113.155 2.20917396159 2.26794468745 2.27012986752 2.20917396159 2.26794468745 2.27012986752
3008 262144 693039.778 693516.823 693773.028 2.27316174073 2.27400151186 2.27556679149 2.27316174073 2.27400151186 2.27556679149
3296 262144 757232.22 758248.137 760265.451 2.27296037947 2.27900757506 2.28206513452 2.27296037947 2.27900757506 2.28206513452
3616 262144 829532.384 838054.498 847060.621 2.23812246845 2.26217437234 2.28541458365 2.23812246845 2.26217437234 2.28541458365
3968 262144 907394.765 910973.959 920177.643 2.26084039297 2.28368194661 2.29268986801 2.26084039297 2.28368194661 2.29268986801
4352 131072 503163.315 503362.485 503399.019 2.26629501636 2.26645950383 2.2673566494 2.26629501636 2.26645950383 2.2673566494
4768 131072 550351.498 550680.006 551810.743 2.26509289255 2.26974391367 2.27109873697 2.26509289255 2.26974391367 2.27109873697
5216 131072 600300.806 600410.405 601777.102 2.27217536104 2.2773474487 2.27776323192 2.27217536104 2.2773474487 2.27776323192
5728 131072 657190.741 657286.486 667062.081 2.25100612787 2.28448456492 2.28481738759 2.25100612787 2.28448456492 2.28481738759
6272 131072 718049.616 720890.285 722096.396 2.27693584556 2.28074535364 2.28976818783 2.27693584556 2.28074535364 2.28976818783
6880 131072 787124.003 787193.929 819645.754 2.20040268762 2.29111360436 2.29131714079 2.20040268762 2.29111360436 2.29131714079
7552 131072 861560.892 863729.887 877218.543 2.25680533522 2.29204930592 2.29781958116 2.25680533522 2.29204930592 2.29781958116
8288 65536 477953.378 479473.401 479737.713 2.26441387984 2.2656621488 2.27286757664 2.26441387984 2.2656621488 2.27286757664
9088 65536 522885.682 523516.486 530413.511 2.24576167706 2.27534828005 2.27809323721 2.24576167706 2.27534828005 2.27809323721
9984 65536 572202.817 573295.584 573963.885 2.27997419733 2.28263200437 2.28699127149 2.27997419733 2.28263200437 2.28699127149
10976 65536 628390.565 628928.065 629688.507 2.28469514055 2.28745758388 2.28941418304 2.28469514055 2.28745758388 2.28941418304
12064 65536 690620.204 692546.887 715228.309 2.21083615973 2.28324267668 2.28961243653 2.21083615973 2.28324267668 2.28961243653
13248 65536 756126.763 760633.292 763517.081 2.27426720267 2.28288963192 2.29649569486 2.27426720267 2.28288963192 2.29649569486
14560 65536 830531.543 831506.907 832710.965 2.29180159769 2.29512022562 2.29781558098 2.29180159769 2.29512022562 2.29781558098
16000 65536 911677.428 912042.514 913730.242 2.29515441604 2.2994015825 2.30032238991 2.29515441604 2.2994015825 2.30032238991
17600 32768 506291.233 511307.923 513140.356 2.24779358418 2.25584926052 2.27820180327 2.24779358418 2.25584926052 2.27820180327
19360 32768 555627.131 557025.076 557541.315 2.27566446802 2.27777350548 2.28350433089 2.27566446802 2.27777350548 2.28350433089
21280 32768 609178.203 609468.563 610468.141 2.28448625954 2.28823300276 2.28932367102 2.28448625954 2.28823300276 2.28932367102
23392 32768 668202.871 669002.661 675218.91 2.27040162723 2.29149777926 2.29424053462 2.27040162723 2.29149777926 2.29424053462
25728 32768 734956.98 735819.015 740598.608 2.27668562942 2.29147409027 2.29416177257 2.27668562942 2.29147409027 2.29416177257
28288 32768 807190.367 807215.952 808597.957 2.2927121593 2.2966374282 2.29671022325 2.2927121593 2.2966374282 2.29671022325
31104 32768 885261.551 889765.622 907569.985 2.24603256795 2.2909760656 2.30263219011 2.24603256795 2.2909760656 2.30263219011
34208 16384 491893.775 492045.764 493097.469 2.27323767504 2.27809652275 2.27880042597 2.27323767504 2.27809652275 2.27880042597
37600 16384 539614.603 550130.343 561446.048 2.19447051839 2.23960887756 2.28325325733 2.19447051839 2.23960887756 2.28325325733
41344 16384 593046.704 593174.907 999353.1 1.35563715367 2.28391352367 2.28440725302 1.35563715367 2.28391352367 2.28440725302
45472 16384 650900.513 654598.443 1027719.294 1.44983800995 2.27624509642 2.28917701898 1.44983800995 2.27624509642 2.28917701898
50016 16384 714488.517 715178.296 725002.387 2.26057778207 2.29163034892 2.29384272666 2.26057778207 2.29163034892 2.29384272666
55008 16384 784892.383 784956.189 785680.631 2.29419190557 2.29630923262 2.29649590573 2.29419190557 2.29630923262 2.29649590573
60480 16384 861512.172 863923.893 879802.376 2.25256113653 2.29396206779 2.30038379539 2.25256113653 2.29396206779 2.30038379539
66528 8192 479444.977 479908.715 491787.226 2.21639500657 2.27125434053 2.27345118687 2.21639500657 2.27125434053 2.27345118687
73152 8192 529498.015 532765.017 539268.964 2.22249461402 2.24962662667 2.26350681976 2.22249461402 2.24962662667 2.26350681976
80448 8192 578203.913 582926.058 647178.628 2.03662478174 2.26111015953 2.27957646492 2.03662478174 2.26111015953 2.27957646492
88480 8192 635327.989 640575.358 718759.676 2.01688598902 2.26305352196 2.28174477608 2.01688598902 2.26305352196 2.28174477608
97312 8192 698586.519 698741.78 713736.274 2.23382202374 2.2817582312 2.28226535245 2.23382202374 2.2817582312 2.28226535245
107040 8192 766582.834 767568.4 769659.573 2.27859617618 2.28480401225 2.2877414967 2.27859617618 2.28480401225 2.2877414967
117728 8192 843413.521 843796.429 844470.714 2.28409999308 2.28592523707 2.28696304241 2.28409999308 2.28592523707 2.28696304241
129472 8192 926962.733 927795.482 928737.709 2.28403480062 2.28635436274 2.28840833885 2.28403480062 2.28635436274 2.28840833885
142400 4096 513888.406 514921.145 515289.65 2.26385451367 2.26547464855 2.27002747363 2.26385451367 2.26547464855 2.27002747363
156640 4096 564523.128 564544.432 565986.144 2.2671842652 2.27297411375 2.27305989136 2.2671842652 2.27297411375 2.27305989136
172288 4096 620844.371 622636.866 625436.3 2.25663795977 2.26678401661 2.27332865035 2.25663795977 2.26678401661 2.27332865035
189504 4096 680763.481 681078.782 703261.058 2.20745447276 2.27934977425 2.28040547316 2.20745447276 2.27934977425 2.28040547316
208448 4096 753269.106 761081.593 785499.936 2.1739098092 2.2436569636 2.26692692213 2.1739098092 2.2436569636 2.26692692213
229280 4096 822931.83 823232.694 827629.823 2.26944668716 2.2815684723 2.28240261408 2.26944668716 2.2815684723 2.28240261408
252192 4096 902092.461 902366.911 904709.934 2.28355717823 2.28948650357 2.29018305032 2.28355717823 2.28948650357 2.29018305032
277408 2048 501265.563 501418.846 525891.409 2.16064219448 2.26609585392 2.26678880791 2.16064219448 2.26609585392 2.26678880791
305120 2048 546365.274 550738.92 551453.536 2.2663224341 2.26926312017 2.28742853815 2.2663224341 2.26926312017 2.28742853815
335616 2048 604367.426 604544.323 605085.997 2.27188059683 2.27391621044 2.27458178065 2.27188059683 2.27391621044 2.27458178065
369152 2048 663267.053 663310.103 663508.043 2.27886701292 2.27954705523 2.27969501148 2.27886701292 2.27954705523 2.27969501148
406048 2048 728894.923 730496.304 731460.594 2.27376925243 2.27677073641 2.28177279813 2.27376925243 2.27677073641 2.28177279813
446624 2048 800920.035 801579.803 804823.256 2.27301073914 2.28220808103 2.28408807878 2.27301073914 2.28220808103 2.28408807878
491264 2048 878459.601 878855.51 887255.752 2.2679112978 2.28958835793 2.29062024219 2.2679112978 2.28958835793 2.29062024219
540384 1024 488225.842 489520.539 489774.788 2.25962311478 2.26079672624 2.26679199828 2.25962311478 2.26079672624 2.26679199828
594400 1024 537270.634 537603.169 547395.712 2.22385958332 2.26436760457 2.26576909841 2.22385958332 2.26436760457 2.26576909841
653824 1024 588947.312 589332.979 594926.625 2.25075075771 2.27211372809 2.2736016019 2.25075075771 2.27211372809 2.2736016019
719200 1024 647116.727 648046.148 660119.642 2.23129491426 2.27286529601 2.27612969739 2.23129491426 2.27286529601 2.27612969739
791104 1024 709963.164 710081.07 710678.832 2.27976537227 2.28168452935 2.28206345646 2.27976537227 2.28168452935 2.28206345646
870208 1024 779901.362 780732.697 782743.323 2.27684597445 2.28270955072 2.28514280246 2.27684597445 2.28270955072 2.28514280246
957216 1024 856626.346 860182.813 864889.137 2.26662387598 2.27902527041 2.28848712995 2.26662387598 2.27902527041 2.28848712995
1052928 512 476775.645 477109.599 478405.683 2.25373215727 2.25985449519 2.26143739368 2.25373215727 2.25985449519 2.26143739368
1158208 512 522810.76 522967.507 544738.949 2.17719881087 2.26783686582 2.26851679946 2.17719881087 2.26783686582 2.26851679946
1274016 512 573493.289 574132.753 583252.512 2.23675399104 2.27228350444 2.27481717576 2.23675399104 2.27228350444 2.27481717576
1401408 512 630272.666 630864.342 631137.414 2.27373906247 2.27472325897 2.27685868262 2.27373906247 2.27472325897 2.27685868262
1541536 512 692209.071 692274.407 710985.267 2.22020474582 2.28021265562 2.28042787957 2.22020474582 2.28021265562 2.28042787957
1695680 512 759753.331 760071.976 761123.937 2.28133190351 2.28448933105 2.28544745926 2.28133190351 2.28448933105 2.28544745926
1865248 512 835481.423 835971.906 837819.859 2.27974299186 2.28478246493 2.28612378375 2.27974299186 2.28478246493 2.28612378375
2051744 512 920969.369 925523.019 944644.569 2.22410197967 2.27005251395 2.28127658391 2.22410197967 2.27005251395 2.28127658391
2256896 256 510289.322 513059.526 525543.68 2.19873398915 2.25223525428 2.26446194773 2.19873398915 2.25223525428 2.26446194773
2482560 256 559520.341 561067.02 561234.915 2.26477484923 2.26545256572 2.27171494378 2.26477484923 2.26545256572 2.27171494378
2730816 256 614602.478 616131.099 616357.182 2.26845380054 2.26928618645 2.27493028754 2.26845380054 2.26928618645 2.27493028754
3003872 256 675913.195 678074.914 678733.626 2.26595884613 2.2681600989 2.27541417356 2.26595884613 2.2681600989 2.27541417356
3304256 256 741816.112 743213.849 744937.435 2.27103511317 2.27630186692 2.28059089663 2.27103511317 2.27630186692 2.28059089663
3634656 256 815495.616 817537.549 821123.954 2.26633733304 2.27627938836 2.28197900208 2.26633733304 2.27627938836 2.28197900208
3998112 256 899071.306 899079.921 907572.998 2.25550269621 2.27680909804 2.27683091468 2.25550269621 2.27680909804 2.27683091468
4397920 128 499639.738 499654.764 500733.926 2.24843467067 2.25329087426 2.25335863898 2.24843467067 2.25329087426 2.25335863898
4837696 128 547722.322 547865.882 552039.381 2.24340910925 2.2604988131 2.26109129801 2.24340910925 2.2604988131 2.26109129801
5321440 128 602084.454 602217.202 606202.541 2.24724996658 2.26212176516 2.26262051935 2.24724996658 2.26212176516 2.26262051935
5853568 128 666844.064 667085.179 681392.083 2.19919404024 2.246359918 2.24717214848 2.19919404024 2.246359918 2.24717214848
6438912 128 724914.516 728179.598 728918.104 2.2613808917 2.2636743415 2.27387014002 2.2613808917 2.2636743415 2.27387014002
7082784 128 795304.048 795865.017 796312.685 2.27698583503 2.27826662219 2.27987360125 2.27698583503 2.27826662219 2.27987360125
7791040 128 874429.987 878122.526 901673.033 2.2120060898 2.2713302312 2.28092159424 2.2120060898 2.2713302312 2.28092159424
8570144 64 485897.276 486128.016 486721.311 2.25381220671 2.25656287211 2.25763445523 2.25381220671 2.25656287211 2.25763445523
9427136 64 533003.525 533558.2 535470.503 2.25348250042 2.26155911014 2.26391262234 2.25348250042 2.26155911014 2.26391262234
10369824 64 585417.143 585512.962 585644.687 2.26645524405 2.2669651368 2.26733618561 2.26645524405 2.2669651368 2.26733618561
11406784 64 642378.104 644322.8 646075.623 2.25990317545 2.2660510415 2.27291114518 2.25990317545 2.2660510415 2.27291114518
12547456 64 704836.016 705083.824 722601.022 2.22262952736 2.27784883631 2.27864968807 2.22262952736 2.27784883631 2.27864968807
13802176 64 776603.115 776788.383 814961.553 2.16780597992 2.274336958 2.27487952839 2.16780597992 2.274336958 2.27487952839
15182368 64 850555.048 851652.028 857870.651 2.26531016271 2.28185108484 2.28479403957 2.26531016271 2.28185108484 2.28479403957
16700576 64 934755.733 935419.526 937318.719 2.28062630637 2.28525668813 2.28687950502 2.28062630637 2.28525668813 2.28687950502
18370624 32 518378.519 519698.826 520027.133 2.26088190671 2.26231016346 2.26807225397 2.26088190671 2.26231016346 2.26807225397
20207680 32 570828.921 586376.155 604562.018 2.13922059523 2.20556635697 2.26563769357 2.13922059523 2.20556635697 2.26563769357
22228448 32 625667.171 630128.03 631408.414 2.25309109042 2.25766924223 2.27376589014 2.25309109042 2.25766924223 2.27376589014
24451264 32 687318.042 687381.083 687990.957 2.27456608271 2.27658417536 2.27679298429 2.27456608271 2.27658417536 2.27679298429
26896384 32 753986.427 754828.2 755593.698 2.27816693093 2.28047730066 2.28302329373 2.27816693093 2.28047730066 2.28302329373
29586016 32 829724.708 840014.838 855228.132 2.21403500791 2.25413282997 2.28208827066 2.21403500791 2.25413282997 2.28208827066
32544608 32 913636.399 913952.884 916757.456 2.271980335 2.27895217408 2.27974160649 2.271980335 2.27895217408 2.27974160649
35799040 16 505740.71 506723.61 509173.349 2.24986103898 2.26073791983 2.26513163237 2.24986103898 2.26073791983 2.26513163237
39378944 16 555990.622 556313.116 556405.873 2.2647607963 2.26513841173 2.2664522712 2.2647607963 2.26513841173 2.2664522712
43316832 16 609817.534 609841.283 611720.519 2.26596718754 2.27294980291 2.27303832166 2.26596718754 2.27294980291 2.27303832166
47648512 16 669631.029 669893.539 694557.682 2.19528546515 2.27611149419 2.27700377964 2.19528546515 2.27611149419 2.27700377964
52413344 16 737558.958 739642.786 739807.122 2.26711389783 2.26761761183 2.2740243201 2.26711389783 2.26761761183 2.2740243201
57654656 16 808867.04 810513.66 813648.368 2.26750161932 2.2762713117 2.28090514357 2.26750161932 2.2762713117 2.28090514357
63420096 16 889374.653 889628.223 901680.404 2.25073436552 2.28122604424 2.28187644561 2.25073436552 2.28122604424 2.28187644561
69762080 8 493468.574 493482.02 501045.898 2.22772661039 2.26187223599 2.26193386734 2.22772661039 2.26187223599 2.26193386734
76738272 8 540985.437 541056.555 541412.478 2.26779470716 2.26928652958 2.26958485021 2.26779470716 2.26928652958 2.26958485021
84412096 8 595408.458 596560.608 599218.433 2.25392521595 2.26396701004 2.26834791789 2.25392521595 2.26396701004 2.26834791789
92853280 8 653487.547 653578.773 658190.44 2.25717723886 2.27310393387 2.27342125618 2.25717723886 2.27310393387 2.27342125618
102138592 8 716877.453 717185.017 757000.123 2.15880740616 2.27865534452 2.2796329626 2.15880740616 2.27865534452 2.2796329626
112352448 8 788293.964 790788.814 801766.919 2.24209695536 2.27322280763 2.2804172683 2.24209695536 2.27322280763 2.2804172683
123587680 8 866540.52 869541.777 897946.767 2.20213820314 2.27407461298 2.28195085442 2.20213820314 2.27407461298 2.28195085442
135946432 4 480799.946 480953.021 483960.533 2.2472317097 2.26128417644 2.26200411428 2.2472317097 2.26128417644 2.26200411428
149541056 4 527404.725 533113.801 533826.104 2.24104523746 2.24403953857 2.26833092555 2.24104523746 2.24403953857 2.26833092555
164495136 4 580286.037 582286.567 594423.069 2.21384592326 2.25998874537 2.26778003276 2.21384592326 2.25998874537 2.26778003276
180944640 4 636777.358 636986.53 637001.003 2.27245657885 2.27250821144 2.27325469697 2.27245657885 2.27250821144 2.27325469697
199039104 4 698022.41 700862.745 702184.458 2.26765604658 2.27193247659 2.28117723613 2.26765604658 2.27193247659 2.28117723613
218943008 4 767154.173 769611.471 775688.464 2.25805093835 2.27588092174 2.28317087444 2.25805093835 2.27588092174 2.28317087444
240837280 4 842579.364 844356.146 845536.624 2.27866917329 2.2818549366 2.28666677861 2.27866917329 2.2818549366 2.28666677861
264920992 4 927805.21 929069.711 939194.894 2.25657949116 2.28117213478 2.28428113267 2.25657949116 2.28117213478 2.28428113267
291413088 2 514465.719 514473.222 537058.821 2.17043702928 2.26572016221 2.26575320561 2.17043702928 2.26572016221 2.26575320561
320554368 2 564884.579 566209.659 567810.604 2.25817810194 2.26456304943 2.26987515621 2.25817810194 2.26456304943 2.26987515621
352609792 2 620961.28 632079.989 639131.495 2.20680592184 2.23142512427 2.27138021875 2.20680592184 2.23142512427 2.27138021875
387870752 2 681288.122 683149.359 683700.158 2.26924477031 2.27107438155 2.27727881626 2.26924477031 2.27107438155 2.27727881626
426657824 2 748506.69 751111.993 764866.502 2.2312799574 2.27213959024 2.28004815294 2.2312799574 2.27213959024 2.28004815294
469323584 2 823130.64 829436.52 830658.235 2.26000809587 2.2633369652 2.28067604919 2.26000809587 2.2633369652 2.28067604919
516255936 2 902496.409 903241.067 924275.621 2.23420773748 2.28623766063 2.28812405613 2.23420773748 2.28623766063 2.28812405613
567881504 1 503643.188 504096.992 511155.374 2.22195259166 2.25306444201 2.2550945492 2.22195259166 2.25306444201 2.2550945492
624669632 1 550721.969 551312.199 552605.568 2.26081555516 2.26611938982 2.26854807748 2.26081555516 2.26611938982 2.26854807748
687136576 1 603967.063 605020.1 605609.013 2.26924157749 2.27145040636 2.27541075696 2.26924157749 2.27145040636 2.27541075696
755850208 1 663794.981 670302.721 673190.371 2.24557640917 2.25525030503 2.27736041891 2.24557640917 2.25525030503 2.27736041891
831435200 1 728755.83 730063.304 770943.197 2.15692985744 2.27770713976 2.28179361529 2.15692985744 2.27770713976 2.28179361529
914578720 1 800865.673 803010.675 819713.764 2.23145873637 2.2778743757 2.28397533028 2.23145873637 2.2778743757 2.28397533028
1006036576 1 881205.406 881920.956 888588.532 2.26434742239 2.28146653996 2.28331911981 2.26434742239 2.28146653996 2.28331911981

META_DATA
ERT_VERSION  1.1.0
TIMESTAMP_DATA  1535293570.11
TIMESTAMP_DATA  1535293802.34
MPI_PROCS      1
UNAME  ('Linux', 'atajo-Inspiron-15-7568', '4.15.0-33-generic', '#36-Ubuntu SMP Wed Aug 15 16:00:05 UTC 2018', 'x86_64', 'x86_64')
HOSTNAME  ('atajo-Inspiron-15-7568', [], ['127.0.1.1'])
OPENMP_THREADS 4
FLOPS          16
CONFIG  {'ERT_WORKING_SET_MIN': ['1'], 'ERT_CFLAGS': [], 'ERT_CC': ['mpicc'], 'ERT_MPI_CFLAGS': ['-I/usr/include/mpi'], 'ERT_MPI_LDFLAGS': ['-lmpi'], 'ERT_MEMORY_MAX': ['1073741824'], 'ERT_PROCS_THREADS': ['1-4'], 'ERT_LDFLAGS': [], 'ERT_LDLIBS': [], 'ERT_RUN': ['export', 'OMP_NUM_THREADS=ERT_OPENMP_THREADS;', 'mpirun', '-np', 'ERT_MPI_PROCS', 'ERT_CODE'], 'ERT_FLOPS': ['1,2,4,8,16'], 'ERT_OPENMP_CFLAGS': ['-fopenmp'], 'ERT_MPI': ['True'], 'ERT_TRIALS_MIN': ['1'], 'ERT_DRIVER': ['driver1'], 'ERT_RESULTS': ['Results/myLaptop'], 'ERT_OPENMP': ['True'], 'ERT_MPI_PROCS': ['1,2,4'], 'ERT_KERNEL': ['kernel1'], 'ERT_GPU': [False], 'ERT_OPENMP_THREADS': ['1,2,4'], 'ERT_LD': ['mpicc'], 'ERT_NUM_EXPERIMENTS': ['3'], 'ERT_OPENMP_LDFLAGS': ['-fopenmp'], 'ERT_ALIGN': ['64'], 'ERT_GNUPLOT': ['gnuplot']}
TIMESTAMP_DATA  1535294034.26
