16 67108864 2447436.521 2460332.441 2460401.452 0.872818395654 0.87284287774 0.877442021304 0.872818395654 0.87284287774 0.877442021304
32 33554432 1249683.524 1265423.756 1277415.323 1.68111624257 1.69704704674 1.71842198985 1.68111624257 1.69704704674 1.71842198985
48 16777216 877972.732 891568.145 894529.929 1.8005129664 1.80649425962 1.83446783402 1.8005129664 1.80649425962 1.83446783402
64 16777216 1153402.523 1175092.078 1183477.348 1.81455407797 1.827502447 1.8618683462 1.81455407797 1.827502447 1.8618683462
80 8388608 722951.338 727032.796 727843.771 1.84404584263 1.84610279947 1.85652506531 1.84404584263 1.84610279947 1.85652506531
96 8388608 856145.894 870915.868 874117.473 1.84255867861 1.84933217453 1.88123630247 1.84255867861 1.84933217453 1.88123630247
112 8388608 994794.035 1014603.597 1017286.544 1.84711790703 1.85200229681 1.88888164373 1.84711790703 1.85200229681 1.88888164373
128 8388608 1142404.28 1154636.26 1155583.672 1.85835409416 1.85987892672 1.8797930694 1.85835409416 1.85987892672 1.8797930694
144 4194304 640449.467 650469.521 653141.057 1.84946197924 1.85705788358 1.88611219814 1.84946197924 1.85705788358 1.88611219814
160 4194304 709896.444 721774.342 722114.402 1.85867679177 1.85955249709 1.89066629555 1.85867679177 1.85955249709 1.89066629555
176 4194304 778709.985 791633.292 792036.804 1.86404848934 1.86499863374 1.8959497585 1.86404848934 1.86499863374 1.8959497585
192 4194304 858097.44 868614.49 877193.623 1.83609717829 1.85423194587 1.87695786157 1.83609717829 1.85423194587 1.87695786157
208 4194304 919493.487 933492.752 933867.715 1.86839146056 1.8691419513 1.89759959007 1.86839146056 1.8691419513 1.89759959007
224 4194304 987931.178 1003255.182 1030690.728 1.8230960471 1.87295139433 1.90200312921 1.8230960471 1.87295139433 1.90200312921
240 4194304 1070141.218 1078603.948 1084790.628 1.85590275951 1.86654788695 1.88130864052 1.85590275951 1.86654788695 1.88130864052
256 4194304 1131193.705 1148136.62 1153823.803 1.86118854752 1.87040776384 1.89842255885 1.86118854752 1.87040776384 1.89842255885
272 2097152 600133.259 609337.375 616049.626 1.85188114699 1.87228083293 1.90099560538 1.85188114699 1.87228083293 1.90099560538
288 2097152 637187.789 647792.691 654611.775 1.84530678813 1.86473167849 1.89576695105 1.84530678813 1.86473167849 1.89576695105
304 2097152 672598.614 688550.785 691190.066 1.84474354989 1.85181462831 1.89573452793 1.84474354989 1.85181462831 1.89573452793
320 2097152 719127.554 725555.54 740657.008 1.81214417133 1.84986152817 1.866396681 1.81214417133 1.84986152817 1.866396681
352 2097152 775409.245 786888.119 821668.5 1.7968256152 1.87624513873 1.90402038346 1.7968256152 1.87624513873 1.90402038346
384 2097152 848801.538 864422.289 888613.279 1.8125013142 1.86322444076 1.89751392274 1.8125013142 1.86322444076 1.89751392274
416 2097152 923566.511 931261.897 969429.24 1.79985334876 1.87361951522 1.88923097927 1.79985334876 1.87361951522 1.88923097927
448 2097152 987851.73 1008352.398 1036722.055 1.81248984039 1.86348363501 1.90215609786 1.81248984039 1.86348363501 1.90215609786
480 2097152 1080717.435 1115529.066 1122924.508 1.79287735343 1.80476330143 1.86289760376 1.79287735343 1.80476330143 1.86289760376
528 1048576 587355.144 603842.151 611936.426 1.80949557659 1.83375117846 1.88522441203 1.80949557659 1.83375117846 1.88522441203
576 1048576 636388.888 659199.608 661576.167 1.82588130023 1.83246400231 1.89814683251 1.82588130023 1.83246400231 1.89814683251
624 1048576 687442.187 712769.799 713726.081 1.83350851655 1.83596842885 1.90361149308 1.83350851655 1.83596842885 1.90361149308
672 1048576 753505.965 775202.614 775962.311 1.81617860046 1.81795845183 1.87030522579 1.81617860046 1.81795845183 1.87030522579
736 1048576 809156.262 844646.083 849015.093 1.8179934429 1.82739718216 1.90754733602 1.8179934429 1.82739718216 1.90754733602
800 1048576 879719.447 918035.857 919310.931 1.82497732098 1.8275120598 1.9071098243 1.82497732098 1.8275120598 1.9071098243
880 1048576 967120.192 1004767.458 1017403.1 1.81392582743 1.83673719258 1.90823619987 1.81392582743 1.83673719258 1.90823619987
960 1048576 1058149.529 1099289.359 1101169.484 1.8282979589 1.83142491421 1.9026289431 1.8282979589 1.83142491421 1.9026289431
1056 524288 580926.558 600256.119 601902.368 1.8396609066 1.84470631944 1.90608647643 1.8396609066 1.84470631944 1.90608647643
1152 524288 636880.516 656883.364 657033.883 1.83850419781 1.83892547475 1.89668159357 1.83850419781 1.83892547475 1.89668159357
1264 524288 700579.063 717800.884 729101.18 1.8178547784 1.84647315647 1.89186365108 1.8178547784 1.84647315647 1.89186365108
1376 524288 764725.643 785138.52 785965.272 1.83575614267 1.83768919655 1.88674276743 1.83575614267 1.83768919655 1.88674276743
1504 524288 839669.109 855067.472 856505.538 1.84127041103 1.84436708873 1.87819021457 1.84127041103 1.84436708873 1.87819021457
1648 524288 914215.998 934645.629 935094.745 1.84799803147 1.84888603165 1.89020237207 1.84799803147 1.84888603165 1.89020237207
1808 524288 994329.926 1017536.58 1039134.871 1.82442670428 1.86315209228 1.90663617621 1.82442670428 1.86315209228 1.90663617621
1984 524288 1098194.272 1120729.084 1127568.693 1.84500935235 1.85626911419 1.89435952913 1.84500935235 1.85626911419 1.89435952913
2176 262144 601460.536 617544.459 618522.186 1.84447819953 1.84739846884 1.8968005708 1.84447819953 1.84739846884 1.8968005708
2384 262144 660998.712 675537.487 687365.25 1.81839653954 1.85023424466 1.8909304501 1.81839653954 1.85023424466 1.8909304501
2608 262144 722972.229 737188.664 743736.497 1.83847788769 1.85480755575 1.89128025829 1.83847788769 1.85480755575 1.89128025829
2864 262144 803431.71 812215.767 812280.349 1.84857461325 1.84872159961 1.86893399067 1.84857461325 1.84872159961 1.86893399067
3136 262144 865832.478 886596.48 886660.491 1.85433678921 1.85447066968 1.89894374464 1.85433678921 1.85447066968 1.89894374464
3440 262144 952449.5 974030.101 974509.145 1.85072734233 1.85163756043 1.89359196472 1.85072734233 1.85163756043 1.89359196472
3776 262144 1045706.611 1067517.551 1069213.554 1.85155854094 1.85450017767 1.89318061794 1.85155854094 1.85450017767 1.89318061794
4144 131072 572703.023 586720.326 587190.428 1.85003822303 1.851520542 1.89683778917 1.85003822303 1.851520542 1.89683778917
4544 131072 628650.096 641155.87 642720.021 1.8533456203 1.8578670051 1.89482566467 1.8533456203 1.8578670051 1.89482566467
4992 131072 691152.524 703421.176 707041.828 1.85084219374 1.86036885532 1.89339227241 1.85084219374 1.86036885532 1.89339227241
5488 131072 756774.223 774315.735 774849.794 1.8566776208 1.85795820357 1.90102441161 1.8566776208 1.85795820357 1.90102441161
6032 131072 833371.411 841943.856 842445.299 1.87697956161 1.87809744882 1.89741643057 1.87697956161 1.87809744882 1.89741643057
6624 131072 920042.458 930939.207 933480.382 1.86018034174 1.86525805653 1.88734969881 1.86018034174 1.86525805653 1.88734969881
7280 131072 1008321.006 1025716.644 1026857.237 1.85849429817 1.86056093675 1.89265948904 1.85849429817 1.86056093675 1.89265948904
8000 131072 1108138.084 1127746.52 1128081.672 1.85904270236 1.85959518634 1.89250061006 1.85904270236 1.85959518634 1.89250061006
8800 65536 608797.488 621847.283 625673.572 1.8435069845 1.85485026876 1.89460965713 1.8435069845 1.85485026876 1.89460965713
9680 65536 670054.249 678403.982 686503.611 1.84817230335 1.87023807888 1.89354363754 1.84817230335 1.87023807888 1.89354363754
10640 65536 731321.72 742788.801 747487.349 1.86572532882 1.87752706842 1.906966581 1.86572532882 1.87752706842 1.906966581
11696 65536 819462.376 824798.477 825770.844 1.85646916834 1.85865778702 1.87076082673 1.85646916834 1.85865778702 1.87076082673
12864 65536 895066.283 905877.24 922549.931 1.82766281948 1.86130099482 1.88378250865 1.82766281948 1.86130099482 1.88378250865
14144 65536 985437.815 993912.949 996184.978 1.86098205548 1.86523615561 1.88127788459 1.86098205548 1.86523615561 1.88127788459
15552 65536 1076231.903 1095169.811 1095407.22 1.86088945443 1.86129285479 1.89404508296 1.86088945443 1.86129285479 1.89404508296
17104 32768 590540.202 602072.584 602343.822 1.8609433733 1.86178174158 1.89813960202 1.8609433733 1.86178174158 1.89813960202
18800 32768 651039.996 659932.368 663593.35 1.85667442267 1.86697434426 1.89247482116 1.85667442267 1.86697434426 1.89247482116
20672 32768 716416.856 728023.499 728543.426 1.85954624481 1.8608742628 1.89102221794 1.85954624481 1.8608742628 1.89102221794
22736 32768 785905.318 798637.267 799127.885 1.86456576471 1.86571120278 1.89593639574 1.86456576471 1.86571120278 1.89593639574
25008 32768 865310.292 880238.983 880992.135 1.86031659409 1.86190832223 1.89403073458 1.86031659409 1.86190832223 1.89403073458
27504 32768 950465.974 968243.39 975471.356 1.8478268305 1.86162091331 1.89644047584 1.8478268305 1.86162091331 1.89644047584
30240 32768 1043245.594 1062932.782 1174032.792 1.68803516691 1.86447221646 1.89965685108 1.68803516691 1.86447221646 1.89965685108
33264 16384 576488.164 586253.758 631249.733 1.72672508996 1.85925418324 1.8907495766 1.72672508996 1.85925418324 1.8907495766
36576 16384 631284.996 644506.431 701491.694 1.70853394025 1.85959722099 1.89854404206 1.70853394025 1.85959722099 1.89854404206
40224 16384 693576.223 717660.006 765893.427 1.72094443631 1.83660789368 1.90038237802 1.72094443631 1.83660789368 1.90038237802
44240 16384 762433.805 775881.49 840001.852 1.7257775284 1.86839915462 1.90135367883 1.7257775284 1.86839915462 1.90135367883
48656 16384 837467.461 851941.829 880258.493 1.81124047161 1.87144210289 1.90378717054 1.81124047161 1.87144210289 1.90378717054
53520 16384 925037.75 941045.579 943022.277 1.85970512338 1.86361149676 1.89586139593 1.85970512338 1.86361149676 1.89586139593
58864 16384 1015784.04 1023216.709 1033561.118 1.86622302098 1.8850899668 1.8988834989 1.86622302098 1.8850899668 1.8988834989
64736 16384 1117679.95 1119653.928 1138026.147 1.86398990356 1.89457581039 1.89792189437 1.86398990356 1.89457581039 1.89792189437
71200 8192 615629.029 615957.234 625863.949 1.86388879223 1.89386654723 1.89487620799 1.86388879223 1.89386654723 1.89487620799
78320 8192 678244.911 679398.412 698010.697 1.83835990697 1.88872222445 1.89193440185 1.83835990697 1.88872222445 1.89193440185
86144 8192 747160.197 747812.754 760428.78 1.85603613793 1.88734852201 1.88899690009 1.85603613793 1.88734852201 1.88899690009
94752 8192 821593.555 830922.315 838126.611 1.85224612562 1.8683055443 1.88951916498 1.85224612562 1.8683055443 1.88951916498
104224 8192 903481.879 904512.086 918804.858 1.85850782256 1.88787528926 1.89002796369 1.85850782256 1.88787528926 1.89002796369
114640 8192 993543.308 994283.952 1010736.649 1.85830974058 1.88905971601 1.89046792915 1.85830974058 1.88905971601 1.89046792915
126096 8192 1092700.652 1094328.845 1110336.246 1.8606587612 1.88787572715 1.89068878125 1.8606587612 1.88787572715 1.89068878125
138704 4096 600715.618 601775.635 611284.236 1.85881313648 1.88818407046 1.89151594191 1.85881313648 1.88818407046 1.89151594191
152560 4096 661377.598 661523.482 682026.634 1.83243799831 1.88923228579 1.88964900502 1.83243799831 1.88923228579 1.88964900502
167808 4096 727784.853 728574.399 738950.439 1.86031845094 1.88681229794 1.88885922857 1.86031845094 1.88681229794 1.88885922857
184576 4096 799689.461 800070.987 814558.195 1.85627816561 1.88989054293 1.8907921959 1.85627816561 1.88989054293 1.8907921959
203024 4096 879618.872 880205.509 896400.425 1.85539024929 1.88952760576 1.89078777291 1.85539024929 1.88952760576 1.89078777291
223312 4096 967681.159 968624.859 986667.5 1.85409157999 1.88862786971 1.89046969344 1.85409157999 1.88862786971 1.89046969344
245632 4096 1064314.027 1066278.825 1087000.921 1.85116434138 1.88713992703 1.89062371908 1.85116434138 1.88713992703 1.89062371908
270192 2048 585864.89 586573.104 595832.468 1.8574120939 1.88673231768 1.88901306579 1.8574120939 1.88673231768 1.88901306579
297200 2048 643969.368 645029.047 658715.246 1.84803859846 1.88725020317 1.89035575369 1.84803859846 1.88725020317 1.89035575369
326912 2048 708223.39 709102.012 723592.149 1.85053355519 1.88834826208 1.8906909471 1.85053355519 1.88834826208 1.8906909471
359600 2048 779191.438 779904.99 794527.615 1.85383311063 1.88859107056 1.89032056587 1.85383311063 1.88859107056 1.89032056587
395552 2048 859108.545 874160.568 886204.845 1.82822402872 1.85341349325 1.88588624968 1.82822402872 1.85341349325 1.88588624968
435104 2048 945357.802 945887.533 964221.943 1.84831510726 1.88414153039 1.88519730861 1.84831510726 1.88414153039 1.88519730861
478608 2048 1039551.598 1052986.029 1060383.848 1.84874408611 1.86173255296 1.88579227022 1.84874408611 1.86173255296 1.88579227022
526464 1024 571006.614 581248.924 583501.999 1.84780561823 1.85496820292 1.88824130153 1.84780561823 1.85496820292 1.88824130153
579104 1024 628101.515 638932.459 687086.292 1.72613688529 1.85622905096 1.88823775087 1.72613688529 1.85622905096 1.88823775087
637008 1024 691389.51 716281.163 759006.428 1.71881598874 1.8213411875 1.88691376587 1.71881598874 1.8213411875 1.88691376587
700704 1024 762183.065 769544.746 773683.199 1.85481834665 1.86479317734 1.88280461466 1.85481834665 1.86479317734 1.88280461466
770768 1024 836475.06 852143.211 865972.754 1.8228435672 1.85242673253 1.88712484028 1.8228435672 1.85242673253 1.88712484028
847840 1024 920284.244 925784.711 940229.572 1.84675782565 1.87557247313 1.88678262322 1.84675782565 1.87557247313 1.88678262322
932624 1024 1012926.074 1030460.017 1251158.893 1.52659583262 1.85355464597 1.88564002944 1.52659583262 1.85355464597 1.88564002944
1025872 1024 1113850.314 1133068.487 1146500.48 1.83252069463 1.85424436396 1.88623716274 1.83252069463 1.85424436396 1.88623716274
1128448 512 612724.822 625322.354 630567.117 1.83252618293 1.84789612047 1.88588859225 1.83252618293 1.84789612047 1.88588859225
1241280 512 674002.136 695695.576 736715.446 1.72532112215 1.82705016943 1.88585562583 1.72532112215 1.82705016943 1.88585562583
1365408 512 741480.621 769421.204 865269.476 1.61588710891 1.81718125876 1.88565655312 1.61588710891 1.81718125876 1.88565655312
1501936 512 814902.514 853378.679 967558.309 1.58955015909 1.80222743062 1.88732079921 1.58955015909 1.80222743062 1.88732079921
1652128 512 896591.874 928638.861 1061695.56 1.59346910333 1.82178362661 1.88689984937 1.59346910333 1.82178362661 1.88689984937
1817328 512 985546.753 1020533.435 1080027.518 1.72305227504 1.82350113007 1.88823499883 1.72305227504 1.82350113007 1.88823499883
1999056 512 1085982.995 1119561.539 1250467.407 1.63701455355 1.82842413989 1.88495892977 1.63701455355 1.82842413989 1.88495892977
2198960 256 598033.429 607904.406 610152.774 1.8452223246 1.85204698122 1.88261636458 1.8452223246 1.85204698122 1.88261636458
2418848 256 657042.24 668896.785 673103.719 1.83990986982 1.85148172898 1.88488669465 1.83990986982 1.85148172898 1.88488669465
2660720 256 722467.211 723148.947 741459.197 1.83730763002 1.8838285607 1.88560618289 1.83730763002 1.8838285607 1.88560618289
2926784 256 794795.234 795750.653 812345.677 1.84467456457 1.88314442766 1.88540814526 1.84467456457 1.88314442766 1.88540814526
3219456 256 873357.214 885475.887 895860.954 1.83997467982 1.8615543305 1.88738519082 1.83997467982 1.8615543305 1.88738519082
3541392 256 961861.615 962096.143 985876.22 1.83916871836 1.88462734956 1.88508687292 1.83916871836 1.88462734956 1.88508687292
3895520 256 1057894.01 1058712.561 1082712.214 1.84213885667 1.88389777686 1.88535545258 1.84213885667 1.88389777686 1.88535545258
4285072 128 582080.542 582497.843 594610.78 1.84486805301 1.88323174958 1.88458186256 1.84486805301 1.88323174958 1.88458186256
4713568 128 639628.819 640619.21 653734.374 1.84581606229 1.88360478294 1.88652132636 1.84581606229 1.88360478294 1.88652132636
5184912 128 707065.888 716307.505 722494.313 1.83715975076 1.85302745362 1.87724721914 1.83715975076 1.85302745362 1.87724721914
5703392 128 774390.219 775217.855 791527.789 1.84462045716 1.8834297257 1.88544265691 1.84462045716 1.8834297257 1.88544265691
6273728 128 853257.88 874320.604 883683.943 1.81747601133 1.83693986011 1.88228483515 1.81747601133 1.83693986011 1.88228483515
6901088 128 937663.086 941005.619 966994.748 1.82697841085 1.87743674674 1.88412933641 1.82697841085 1.87743674674 1.88412933641
7591184 128 1030821.23 1031582.976 1073906.554 1.80960167974 1.88384565199 1.88523775747 1.80960167974 1.88384565199 1.88523775747
8350288 128 1133493.58 1133799.318 1174887.544 1.81947092632 1.88540749149 1.88591604374 1.81947092632 1.88540749149 1.88591604374
9185312 64 623444.18 623527.769 645179.271 1.82231511279 1.88559354443 1.88584635757 1.82231511279 1.88559354443 1.88584635757
10103840 64 685761.864 685786.852 709573.895 1.82263120038 1.88585056163 1.88591927882 1.82263120038 1.88585056163 1.88591927882
11114224 64 754307.953 755885.951 779409.609 1.82525421238 1.88205729994 1.88599452829 1.82525421238 1.88205729994 1.88599452829
12225632 64 829836.627 830309.667 863209.145 1.8128641304 1.88469550361 1.88576985528 1.8128641304 1.88469550361 1.88576985528
13448192 64 913002.483 916364.289 942334.239 1.82670702683 1.87847627484 1.88539309372 1.82670702683 1.87847627484 1.88539309372
14793008 64 1004449.796 1004463.704 1044926.98 1.81209315124 1.88509053783 1.88511663952 1.81209315124 1.88509053783 1.88511663952
16272304 64 1104179.683 1104258.694 1133235.316 1.83797211629 1.88620195912 1.88633692873 1.83797211629 1.88620195912 1.88633692873
17899520 32 607894.545 608315.623 625020.196 1.83285162197 1.88318240842 1.88448685619 1.83285162197 1.88318240842 1.88448685619
19689472 32 668495.445 668835.282 684497.885 1.84094974669 1.88406060792 1.88501839081 1.84094974669 1.88406060792 1.88501839081
21658416 32 735475.443 735813.462 774006.58 1.79086155056 1.88381797233 1.88468376095 1.79086155056 1.88381797233 1.88468376095
23824256 32 809037.379 810769.094 843281.133 1.80811869771 1.88062469979 1.88465010836 1.80811869771 1.88062469979 1.88465010836
26206672 32 888693.563 925687.605 926037.037 1.81118782617 1.81187152009 1.88729510129 1.81118782617 1.81187152009 1.88729510129
28827328 32 978712.812 980503.811 1010488.531 1.82579904215 1.88163367781 1.88507698007 1.82579904215 1.88163367781 1.88507698007
31710048 32 1076046.731 1076121.032 1107310.21 1.83276831883 1.88588737851 1.88601759899 1.83276831883 1.88588737851 1.88601759899
34881040 16 591996.382 592613.334 609054.086 1.83266692673 1.88351023502 1.88547314467 1.83266692673 1.88351023502 1.88547314467
38369136 16 650555.524 650794.897 670667.792 1.83073105142 1.88663487938 1.88732906986 1.83073105142 1.88663487938 1.88732906986
42206048 16 715455.367 715864.014 736526.077 1.83373485091 1.88666214475 1.88773975051 1.83373485091 1.88666214475 1.88773975051
46426640 16 788559.208 789366.754 810711.93 1.83252820765 1.88208139306 1.88400879088 1.83252820765 1.88208139306 1.88400879088
51069296 16 866016.373 867139.584 891819.968 1.8324522108 1.88460716378 1.88705147264 1.8324522108 1.88460716378 1.88705147264
56176224 16 952653.813 952868.741 980652.535 1.83310510486 1.8865548744 1.8869804996 1.83310510486 1.8865548744 1.8869804996
61793840 16 1047898.375 1048489.679 1079821.465 1.83123131378 1.88595359554 1.88701779407 1.83123131378 1.88595359554 1.88701779407
67973216 8 576256.44 576728.285 595954.404 1.82492393495 1.88576056401 1.88730464513 1.82492393495 1.88576056401 1.88730464513
74770528 8 634375.594 643235.63 653231.74 1.83139975409 1.85986035631 1.88583618177 1.83139975409 1.85986035631 1.88583618177
82247568 8 697176.232 698127.263 721979.907 1.82271151211 1.8849873909 1.88755873709 1.82271151211 1.8849873909 1.88755873709
90472320 8 767250.921 767681.897 799930.693 1.80960317271 1.88562101784 1.88668019859 1.80960317271 1.88562101784 1.88668019859
99519552 8 844503.402 844970.886 881689.142 1.8059798586 1.88445881199 1.88550197457 1.8059798586 1.88445881199 1.88550197457
109471504 8 929129.471 929722.173 969313.967 1.806993527 1.88394352084 1.88514530931 1.806993527 1.88394352084 1.88514530931
120418640 8 1021495.533 1022240.773 1061100.044 1.81575549911 1.88477929162 1.88615434699 1.81575549911 1.88477929162 1.88615434699
132460496 8 1123962.646 1124457.194 1156326.352 1.83284583313 1.88479201103 1.88562132696 1.83284583313 1.88479201103 1.88562132696
145706544 4 617666.514 617906.647 638395.147 1.82591042159 1.88645381573 1.8871872209 1.82591042159 1.88645381573 1.8871872209
160277184 4 680287.078 688862.681 705346.592 1.81785449387 1.86135423992 1.88481820906 1.81785449387 1.86135423992 1.88481820906
176304896 4 748307.44 748528.479 786327.106 1.79370538957 1.8842825725 1.88483916183 1.79370538957 1.8842825725 1.88483916183
193935376 4 822177.136 822416.763 852151.487 1.82066572865 1.88649244252 1.88704226871 1.82066572865 1.88649244252 1.88704226871
213328912 4 905096.476 905279.995 939407.361 1.81671058462 1.88519718256 1.88557942855 1.81671058462 1.88519718256 1.88557942855
234661792 4 995284.125 995664.925 1036738.743 1.81076896053 1.88546798111 1.88618936929 1.81076896053 1.88546798111 1.88618936929
258127968 4 1093772.308 1098681.969 1142524.335 1.80742210974 1.87954640402 1.88798320171 1.80742210974 1.87954640402 1.88798320171
283940752 2 602324.902 602462.566 630524.819 1.80129786136 1.88520096035 1.88563183131 1.80129786136 1.88520096035 1.88563183131
312334816 2 663252.179 669601.342 692433.031 1.80427450463 1.86579563934 1.88365647872 1.80427450463 1.86579563934 1.88365647872
343568288 2 728893.651 736878.792 759180.02 1.81020721805 1.86499213564 1.88542340863 1.81020721805 1.86499213564 1.88542340863
377925104 2 805439.926 811360.15 838194.618 1.80351959263 1.86316818246 1.87686302504 1.80351959263 1.86316818246 1.87686302504
415717600 2 881131.399 882189.381 914368.412 1.81860000649 1.8849358605 1.8871991191 1.81860000649 1.8849358605 1.8871991191
457289360 2 969888.092 970227.344 1011100.969 1.80907495501 1.88528745485 1.88594689953 1.80907495501 1.88528745485 1.88594689953
503018288 2 1066675.891 1067342.177 1113561.27 1.80688140492 1.88512474758 1.88630226761 1.80688140492 1.88512474758 1.88630226761
553320112 1 587250.593 588248.379 610060.849 1.81398335234 1.88124653379 1.88444292299 1.81398335234 1.88124653379 1.88444292299
608652112 1 654272.844 654823.471 669208.37 1.81902121756 1.85898074506 1.86054523761 1.81902121756 1.85898074506 1.86054523761
669517312 1 709745.203 733958.603 747548.515 1.79123441105 1.82440074757 1.88664131626 1.79123441105 1.82440074757 1.88664131626
736469040 1 780728.813 783548.862 811650.483 1.81474429062 1.87982926328 1.88661934269 1.81474429062 1.87982926328 1.88661934269
810115936 1 859054.322 859747.858 892527.967 1.8153289666 1.88454307495 1.88606451362 1.8153289666 1.88454307495 1.88606451362
891127520 1 944746.56 946256.132 981223.816 1.81635933712 1.8834805712 1.88649010799 1.81635933712 1.8834805712 1.88649010799
980240272 1 1039432.919 1054495.238 1076255.701 1.82157506081 1.85916490976 1.88610588347 1.82157506081 1.85916490976 1.88610588347

META_DATA
ERT_VERSION  1.1.0
TIMESTAMP_DATA  1535262784.36
TIMESTAMP_DATA  1535262491.98
TIMESTAMP_DATA  1535263077.82
UNAME  ('Linux', 'atajo-Inspiron-15-7568', '4.15.0-33-generic', '#36-Ubuntu SMP Wed Aug 15 16:00:05 UTC 2018', 'x86_64', 'x86_64')
HOSTNAME  ('atajo-Inspiron-15-7568', [], ['127.0.1.1'])
MPI_PROCS      2
FLOPS          16
CONFIG  {'ERT_WORKING_SET_MIN': ['1'], 'ERT_CFLAGS': [], 'ERT_CC': ['mpicc'], 'ERT_MPI_CFLAGS': ['-I/usr/include/mpi'], 'ERT_MPI_LDFLAGS': ['-lmpi'], 'ERT_MEMORY_MAX': ['1073741824'], 'ERT_PROCS_THREADS': ['1-4'], 'ERT_LDFLAGS': [], 'ERT_LDLIBS': [], 'ERT_RUN': ['export', 'OMP_NUM_THREADS=ERT_OPENMP_THREADS;', 'mpirun', '-np', 'ERT_MPI_PROCS', 'ERT_CODE'], 'ERT_FLOPS': ['1,2,4,8,16,32'], 'ERT_OPENMP_CFLAGS': ['-fopenmp'], 'ERT_MPI': ['True'], 'ERT_TRIALS_MIN': ['1'], 'ERT_DRIVER': ['driver1'], 'ERT_RESULTS': ['Results/myLaptop'], 'ERT_OPENMP': ['False'], 'ERT_MPI_PROCS': ['1,2,4,8'], 'ERT_KERNEL': ['kernel1'], 'ERT_GPU': [False], 'ERT_OPENMP_THREADS': ['1,2,4,8'], 'ERT_LD': ['mpicc'], 'ERT_NUM_EXPERIMENTS': ['3'], 'ERT_OPENMP_LDFLAGS': ['-fopenmp'], 'ERT_ALIGN': ['64'], 'ERT_GNUPLOT': ['gnuplot']}
