8 134217728 1376546.425 1404583.315 1419665.852 1.51266838248 1.52891154627 1.56005174181 0.378167095619 0.382227886567 0.390012935452
16 67108864 693421.639 713147.609 785481.269 2.73397181162 3.01127511457 3.09693774641 0.683492952905 0.752818778644 0.774234436604
24 33554432 468974.774 475475.9 508508.034 3.16732996985 3.3873698667 3.43432701564 0.791832492464 0.846842466674 0.858581753909
32 33554432 599250.864 610831.606 614530.623 3.49451039155 3.51567212126 3.58361377014 0.873627597888 0.878918030316 0.895903442536
40 16777216 371092.652 373291.17 378819.469 3.54305253514 3.59552378375 3.61682526659 0.885763133784 0.898880945938 0.904206316648
48 16777216 446240.799 453917.134 460864.101 3.49476718301 3.54825278748 3.60929063324 0.873691795751 0.88706319687 0.90232265831
56 16777216 519390.185 535645.943 540173.621 3.47860043317 3.50800415191 3.61779688232 0.869650108294 0.877001037979 0.90444922058
64 16777216 578745.233 586657.63 618996.381 3.46929919773 3.6605398757 3.71058546239 0.867324799432 0.915134968926 0.927646365599
72 8388608 324646.282 330160.327 350912.625 3.4423371117 3.65870594743 3.72084825539 0.860584277924 0.914676486857 0.930212063849
80 8388608 366750.389 380119.916 386659.811 3.47120968308 3.53093122329 3.6596478702 0.867802420769 0.882732805823 0.914911967551
88 8388608 401239.113 410504.091 422825.24 3.49173811857 3.59654152143 3.67958895373 0.872934529642 0.899135380358 0.919897238433
96 8388608 438060.726 446379.114 449856.781 3.5802788888 3.6081722587 3.67668827723 0.895069722201 0.902043064676 0.919172069308
104 8388608 460148.458 460767.81 487227.35 3.58114228193 3.78678897729 3.79188593087 0.895285570484 0.946697244324 0.947971482717
112 8388608 494496.003 497792.826 523745.965 3.58770915209 3.77475948599 3.79992594601 0.896927288022 0.943689871497 0.949981486504
120 8388608 531516.345 555428.508 568721.812 3.53998365725 3.62470757443 3.78777800333 0.884995914312 0.906176893607 0.946944500832
128 8388608 565710.026 596598.737 684741.57 3.13619581764 3.59954440869 3.79608553729 0.784048954411 0.899886102173 0.949021384323
136 4194304 300519.585 302742.77 316319.008 3.60664600971 3.76838293446 3.79626069296 0.901661502429 0.942095733616 0.94906517324
144 4194304 316498.483 322538.238 342605.128 3.52580698092 3.74516695909 3.81663615114 0.881451745229 0.936291739772 0.954159037786
152 4194304 369767.321 370659.627 386711.313 3.29721001982 3.4399981091 3.44829935904 0.824302504954 0.859999527275 0.862074839761
160 4194304 387129.157 390354.35 442559.07 3.03276414604 3.43835615 3.46700127265 0.75819103651 0.859589037499 0.866750318163
176 4194304 388467.302 398502.278 435368.206 3.39114107933 3.70485964449 3.80056442434 0.847785269832 0.926214911123 0.950141106085
192 4194304 433243.449 443710.282 443788.511 3.62923486318 3.62987472082 3.71756973987 0.907308715795 0.907468680205 0.929392434968
208 4194304 473393.02 477740.29 499947.015 3.49003076656 3.65225730491 3.68579676988 0.87250769164 0.913064326226 0.92144919247
224 4194304 488711.272 529177.507 544301.284 3.45222075941 3.55088447098 3.84490454724 0.863055189853 0.887721117746 0.96122613681
240 4194304 527017.585 530930.44 531436.118 3.7883498163 3.79195798229 3.82011146744 0.947087454075 0.947989495573 0.95502786686
264 2097152 305797.506 308334.953 342624.042 3.2318113158 3.591212236 3.62101140223 0.807952828949 0.897803059 0.905252850558
288 2097152 317382.15 318162.788 371853.679 3.2484808413 3.79667138195 3.80600973306 0.812120210326 0.949167845487 0.951502433265
312 2097152 344529.715 349910.169 421749.935 3.10284066315 3.73988230105 3.79828732044 0.775710165788 0.934970575262 0.949571830111
336 2097152 388591.499 402409.875 491292.6 2.86852711398 3.50211620428 3.62665201793 0.717131778496 0.87552905107 0.906663004483
368 2097152 406232.144 420627.674 533587.019 2.89269381945 3.66952525335 3.79956114945 0.723173454862 0.917381313337 0.949890287362
400 2097152 440713.644 456003.726 507647.671 3.30489372027 3.67918397228 3.80682927075 0.826223430069 0.91979599307 0.951707317689
440 2097152 486135.758 499328.314 519000.86 3.55585877064 3.69595255918 3.79625182807 0.88896469266 0.923988139795 0.949062957019
480 2097152 536097.467 540324.201 546020.627 3.68716092478 3.72603321538 3.7554102452 0.921790231196 0.931508303845 0.938852561301
528 1048576 294832.637 298105.594 301438.859 3.67336931832 3.71444306409 3.75567734721 0.91834232958 0.928610766023 0.938919336803
576 1048576 315526.05 322582.557 325546.934 3.71055422688 3.74465241777 3.82839880257 0.927638556719 0.936163104442 0.957099700643
632 1048576 358556.397 362071.325 376224.607 3.52289573659 3.66060489325 3.69648979934 0.880723934147 0.915151223312 0.924122449836
688 1048576 386038.485 391479.098 397883.474 3.62628927886 3.68561331466 3.73755631126 0.906572319714 0.921403328665 0.934389077814
752 1048576 421555.346 426264.411 432671.167 3.64493505526 3.69971844541 3.74104686126 0.911233763816 0.924929611353 0.935261715315
824 1048576 465247.192 471999.925 495033.63 3.49077950118 3.66113034446 3.71426905463 0.872694875296 0.915282586115 0.928567263658
904 1048576 506149.724 507586.644 534607.373 3.54620138769 3.73497890539 3.74558222223 0.886550346922 0.933744726349 0.936395555557
992 1048576 555062.046 555231.825 585301.967 3.55436151131 3.74685796154 3.74800402764 0.888590377828 0.936714490384 0.937001006911
1088 524288 301059.455 302873.904 305980.829 3.7285038142 3.76675135406 3.78945310985 0.932125953551 0.941687838514 0.947363277463
1192 524288 331093.295 332352.257 342417.588 3.65022894794 3.76077660276 3.77507672573 0.912557236984 0.94019415069 0.943769181433
1304 524288 362293.162 367058.116 367766.417 3.71796618939 3.72514063686 3.77413445082 0.929491547348 0.931285159214 0.943533612705
1432 524288 397440.822 397670.619 400343.282 3.7506832249 3.77589080072 3.77807398959 0.937670806226 0.943972700181 0.944518497398
1568 524288 432204.271 438306.843 447683.461 3.67261092096 3.75117841361 3.80414373092 0.918152730239 0.937794603403 0.951035932729
1720 524288 473508.531 476497.146 504236.123 3.57679792806 3.78501893482 3.80890860866 0.894199482015 0.946254733706 0.952227152165
1888 524288 521931.252 525689.652 669525.917 2.95688551814 3.76593201039 3.79305029238 0.739221379536 0.941483002599 0.948262573095
2072 262144 287779.614 290228.313 332921.416 3.26300647478 3.74300055281 3.77484951384 0.815751618694 0.935750138202 0.943712378459
2272 262144 314010.822 317269.858 338531.038 3.51867983225 3.75447684665 3.79344357756 0.879669958062 0.938619211662 0.94836089439
2496 262144 345061.047 345188.868 347582.29 3.76492958833 3.79103432733 3.79243864057 0.941232397082 0.947758581832 0.948109660144
2744 262144 380917.148 382145.814 403311.124 3.56708800326 3.76465270401 3.77679576662 0.891772000814 0.941163176002 0.944198941655
3016 262144 415945.599 416993.826 417558.22 3.78690331614 3.79202882491 3.8015851395 0.946725829035 0.948007206227 0.950396284876
3312 262144 450615.915 458554.947 474463.092 3.65980386099 3.78676943158 3.85348541451 0.914950965248 0.946692357895 0.963371353628
3640 262144 495047.427 500916.409 536181.288 3.55925945704 3.80983390784 3.85500098761 0.889814864259 0.952458476959 0.963750246903
4000 262144 542194.484 556769.19 610861.159 3.43310745675 3.76664520535 3.86789622891 0.858276864187 0.941661301337 0.966974057228
4400 131072 303720.385 324916.38 363139.247 3.17628460578 3.54993983375 3.79768252961 0.794071151445 0.887484958438 0.949420632402
4840 131072 333000.568 356973.302 369617.78 3.43267296286 3.55426288995 3.81013452205 0.858168240716 0.888565722486 0.952533630513
5320 131072 372024.179 379072.156 382837.774 3.64281211185 3.67899899248 3.74869742001 0.910703027962 0.919749748119 0.937174355003
5848 131072 404631.513 423463.771 458940.688 3.34034037967 3.62018717299 3.7886770129 0.835085094918 0.905046793247 0.947169253226
6432 131072 446831.845 469195.406 474878.002 3.55061763421 3.59362045416 3.77347815933 0.887654408553 0.89840511354 0.943369539832
7072 131072 487383.323 513367.321 522976.275 3.54486896753 3.6112200605 3.80374600548 0.886217241882 0.902805015125 0.950936501371
7776 131072 535658.45 551080.399 617760.505 3.2997119879 3.69897341241 3.80546922017 0.824927996975 0.924743353102 0.951367305043
8552 65536 291995.866 319901.495 324079.081 3.45880931451 3.50397782292 3.83884799246 0.864702328627 0.875994455731 0.959711998114
9400 65536 328646.333 336670.317 343203.972 3.58992581822 3.65959437998 3.74894430969 0.897481454556 0.914898594996 0.937236077422
10336 65536 357491.808 358450.557 367313.058 3.6882984759 3.77948971077 3.78962583668 0.922074618975 0.944872427692 0.947406459171
11368 65536 388835.496 393265.059 393522.929 3.78637783518 3.78886062186 3.83202282541 0.946594458795 0.947215155466 0.958005706351
12504 65536 427176.581 429339.568 452005.491 3.62589464206 3.81731480198 3.83664358229 0.906473660516 0.954328700494 0.959160895574
13752 65536 471008.721 473591.883 474954.043 3.79510853853 3.80602415012 3.82689760006 0.948777134633 0.951506037531 0.956724400014
15120 65536 519994.881 523440.305 540105.447 3.66929948774 3.78612159031 3.81120797995 0.917324871934 0.946530397578 0.952801994987
16632 32768 283966.058 290521.013 304433.495 3.58040350323 3.75186201075 3.83846844118 0.895100875809 0.937965502688 0.959617110296
18288 32768 314489.053 333850.715 334540.718 3.58259040982 3.58999491135 3.81101458562 0.895647602454 0.897498727837 0.952753646404
20112 32768 348511.209 352308.767 443857.94 2.96955379913 3.74120701913 3.78197314164 0.742388449782 0.935301754781 0.945493285411
22120 32768 381114.115 382871.427 426476.341 3.39914827772 3.78627449784 3.80373295804 0.849787069431 0.946568624459 0.95093323951
24328 32768 418671.318 422805.262 455830.509 3.49770315177 3.7709081492 3.80814194681 0.874425787941 0.9427270373 0.952035486701
26760 32768 464485.661 468049.062 549641.568 3.19070365508 3.74692206946 3.77566738277 0.797675913769 0.936730517366 0.943916845691
29432 32768 511127.015 514165.21 558156.144 3.45576336073 3.75143147472 3.77373039459 0.863940840182 0.93785786868 0.943432598647
32368 32768 565458.344 569135.976 605364.246 3.50412047295 3.7271747657 3.75141559146 0.876030118237 0.931793691425 0.937853897864
35600 16384 307730.683 315843.235 317881.853 3.66973071596 3.69341708395 3.79078481427 0.91743267899 0.923354270988 0.947696203566
39160 16384 334406.512 336138.098 339936.462 3.77480801103 3.81746338078 3.83723053814 0.943702002758 0.954365845195 0.959307634536
43072 16384 369448.679 385990.652 521370.535 2.7070637891 3.65652196157 3.82024182579 0.676765947274 0.914130490393 0.955060456448
47376 16384 409525.651 414023.591 592233.692 2.62129086705 3.74958529356 3.79076808549 0.655322716763 0.93739632339 0.947692021372
52112 16384 447131.521 457200.193 534232.036 3.19637517208 3.7349197182 3.81902401374 0.79909379302 0.93372992955 0.954756003436
57320 16384 500719.414 510167.204 569490.089 3.29814652841 3.68165916051 3.75112629446 0.824536632103 0.920414790128 0.937781573614
63048 16384 544060.833 562050.052 586199.561 3.52432345817 3.67575246484 3.79729019016 0.881080864542 0.918938116209 0.949322547539
69352 8192 297758.044 299263.657 337349.846 3.36820419951 3.79686320548 3.81606203727 0.842051049877 0.949215801369 0.954015509317
76280 8192 328734.039 334877.862 410195.534 3.04677017766 3.7320219155 3.80177095077 0.761692544415 0.933005478875 0.950442737693
83904 8192 361674.882 365710.42 452383.748 3.03875446914 3.75893893316 3.80088085852 0.759688617284 0.93973473329 0.950220214629
92288 8192 394810.208 400721.41 420086.389 3.59937058565 3.77331121888 3.82980622426 0.899842646413 0.943327804721 0.957451556065
101512 8192 438815.417 442267.532 442984.458 3.754471693 3.76055777931 3.79014169413 0.93861792325 0.940139444828 0.947535423533
111656 8192 478737.289 488608.672 490312.262 3.73103437499 3.74404305292 3.82124381374 0.932758593747 0.936010763231 0.955310953436
122816 8192 527710.907 534336.076 537677.44 3.74242472215 3.76582722818 3.8131054661 0.935606180538 0.941456807045 0.953276366524
135096 4096 290306.896 298749.119 299571.52 3.69429788252 3.70446760046 3.81219477473 0.923574470631 0.926116900114 0.953048693683
148600 4096 323028.304 330968.129 342951.68 3.5495705984 3.67809191682 3.76849701691 0.8873926496 0.919522979205 0.942124254226
163456 4096 354154.293 355690.077 356098.356 3.76028568916 3.76460193462 3.78092706616 0.94007142229 0.941150483655 0.94523176654
179800 4096 388684.987 394571.12 395307.075 3.72601881714 3.73296859638 3.78949959289 0.931504704286 0.933242149096 0.947374898223
197776 4096 428283.241 429784.22 479936.08 3.37582661424 3.7697544875 3.78296612358 0.843956653561 0.942438621874 0.945741530895
217552 4096 467260.93 471724.098 473796.2 3.76150332991 3.77802616308 3.8141129925 0.940375832478 0.94450654077 0.953528248125
239304 4096 522428.53 523595.101 566027.576 3.46339728155 3.74407316695 3.75243359699 0.865849320387 0.936018291737 0.938108399248
263232 2048 285156.003 291359.762 312857.564 3.44629120746 3.7005736983 3.78108214681 0.861572801865 0.925143424575 0.945270536703
289552 2048 311313.436 314825.979 339946.066 3.4888034033 3.76717638032 3.80968135278 0.872200850826 0.94179409508 0.952420338196
318504 2048 341091.796 347748.404 352004.132 3.70618485808 3.75154096753 3.82475450685 0.92654621452 0.937885241883 0.956188626712
350352 2048 375599.53 386138.085 435203.606 3.29740326646 3.71639537188 3.82066982885 0.824350816615 0.92909884297 0.955167457212
385384 2048 424455.593 426300.905 435295.032 3.62635166486 3.70286069179 3.71895880284 0.906587916216 0.925715172948 0.929739700709
423920 2048 464291.891 470171.211 477752.157 3.63447091668 3.69307239443 3.73983770481 0.908617729171 0.923268098608 0.934959426203
466312 2048 497697.236 514264.131 514948.88 3.70913313182 3.71407188809 3.83770255055 0.927283282954 0.928517972022 0.959425637638
512936 2048 545849.626 562159.821 562718.022 3.73363882773 3.73734617366 3.84901950267 0.933409706931 0.934336543415 0.962254875668
564224 1024 302455.82 311044.834 314143.413 3.67835422989 3.71499740774 3.82049435187 0.919588557472 0.928749351934 0.955123587967
620640 1024 342486.782 344923.11 354954.154 3.58094335755 3.68508424965 3.7112986159 0.895235839387 0.921271062412 0.927824653975
682704 1024 364563.523 371596.168 378877.658 3.69031470312 3.76262704625 3.83521033727 0.922578675779 0.940656761563 0.958802584317
750968 1024 399864.346 414659.447 425779.888 3.61215385542 3.70902550304 3.84626056158 0.903038463855 0.92725637576 0.961565140394
826064 1024 443658.246 460448.05 463088.925 3.65324882689 3.67420183884 3.81324834431 0.913312206721 0.91855045971 0.953312086078
908664 1024 486164.608 508827.617 509727.297 3.65086171165 3.65731695731 3.82780614092 0.912715427912 0.914329239327 0.95695153523
999528 1024 556689.552 558477.203 614067.885 3.33356196278 3.66538389213 3.67715423551 0.833390490695 0.916345973033 0.919288558877
1099480 512 298732.255 299921.314 303895.223 3.70478847573 3.75387632504 3.76881806754 0.926197118933 0.93846908126 0.942204516884
1209424 512 337393.888 386968.426 465216.707 2.66209307913 3.20039076263 3.6706360727 0.665523269782 0.800097690658 0.917659018174
1330360 512 358499.717 363084.247 376602.64 3.61731038317 3.75199048501 3.79997131211 0.904327595792 0.937997621252 0.949992828028
1463392 512 395584.534 413092.672 429434.705 3.48950234006 3.62754778666 3.78809907669 0.872375585015 0.906886946666 0.947024769174
1609728 512 433538.168 442558.089 449132.406 3.6701013999 3.72462172305 3.80211384756 0.917525349974 0.931155430762 0.950528461891
1770696 512 472065.556 496071.433 519846.014 3.48794191966 3.65510405031 3.84097649353 0.871985479916 0.913776012577 0.960244123382
1947760 512 525541.476 542303.218 544712.088 3.66157881189 3.67784326886 3.795145257 0.915394702972 0.919460817214 0.948786314251
2142536 256 291215.767 293483.294 300478.013 3.65077770932 3.73778833217 3.76689230566 0.912694427329 0.934447083042 0.941723076416
2356784 256 316253.52 325455.274 332132.943 3.63310365151 3.70764742316 3.81552562008 0.908275912877 0.92691185579 0.95388140502
2592456 256 351841.396 360933.394 365655.69 3.63002001145 3.67751361904 3.77254492249 0.907505002862 0.919378404759 0.943136230621
2851696 256 384240.66 400437.305 433303.143 3.36962326627 3.64618464306 3.79987987737 0.842405816567 0.911546160765 0.949969969342
3136864 256 428312.434 437445.071 446171.97 3.5996756318 3.67148808953 3.74977292394 0.899918907949 0.917872022382 0.937443230985
3450544 256 475381.068 481867.324 486246.229 3.63330021424 3.66631734506 3.71634178751 0.90832505356 0.916579336266 0.929085446878
3795592 256 540266.496 546744.302 596960.337 3.25539735817 3.55439114206 3.59700836233 0.813849339542 0.888597785515 0.899252090583
4175144 256 604254.187 604416.988 649906.098 3.2892039859 3.53675321912 3.53770610778 0.822300996474 0.88418830478 0.884426526944
4592656 128 321694.88 336589.755 355011.967 3.31177550418 3.49303541933 3.65476732486 0.827943876044 0.873258854834 0.913691831216
5051920 128 356052.397 364537.15 366010.907 3.5334780884 3.54776329381 3.63230673602 0.8833695221 0.886940823452 0.908076684006
5557112 128 394965.605 405644.824 406717.804 3.49780771338 3.5070598411 3.60188495907 0.874451928345 0.876764960275 0.900471239768
6112816 128 428807.3 450299.901 478972.533 3.26716207754 3.47519706872 3.64938026008 0.816790519385 0.86879926718 0.912345065021
6724096 128 465233.211 493901.692 495639.952 3.47302223934 3.48524535121 3.70001224182 0.868255559834 0.871311337804 0.925003060454
7396504 128 526602.524 542222.511 562851.678 3.36412788308 3.49211806147 3.59570062372 0.841031970771 0.873029515368 0.89892515593
8136152 128 587062.833 600477.473 625574.117 3.32950941447 3.46866453057 3.54792501742 0.832377353617 0.867166132642 0.886981254356
8949760 64 344659.54 349294.401 360801.7 3.17506619287 3.27966688478 3.32377069847 0.793766548217 0.819916721196 0.830942674617
9844736 64 370388.338 399093.382 414629.051 3.039165261 3.15747207254 3.40217571321 0.75979131525 0.789368018135 0.850543928303
10829208 64 403125.066 403582.43 432033.899 3.20840245918 3.43458614886 3.43848284542 0.802100614795 0.858646537214 0.859620711355
11912128 64 423283.578 433722.917 445933.139 3.41923990538 3.51549877638 3.60220065991 0.854809976345 0.878874694094 0.900550164977
13103336 64 489310.011 498179.942 530803.398 3.15978950836 3.36670922813 3.42773900042 0.789947377089 0.841677307032 0.856934750105
14413664 64 512177.558 539788.603 560383.325 3.29229816394 3.41791023698 3.60216679388 0.823074540985 0.854477559246 0.900541698471
15855024 64 563474.759 593949.91 598417.547 3.39134953875 3.41685896038 3.60165746484 0.847837384688 0.854214740095 0.900414366209
17440520 32 323278.152 328854.44 409903.6 2.72306288601 3.39418643701 3.45273342196 0.680765721501 0.848546609254 0.86318335549
19184568 32 339879.002 361893.237 377352.949 3.25375051461 3.39274743617 3.61249840318 0.813437628654 0.848186859043 0.903124600795
21103024 32 393395.99 398573.364 403514.539 3.34707527354 3.38856947801 3.43316548804 0.836768818385 0.847142369504 0.858291372009
23213320 32 395614.223 438395.09 438629.527 3.38703253783 3.38884379385 3.75530603711 0.846758134456 0.847210948462 0.938826509278
25534648 32 427623.188 467647.285 481913.25 3.39110300868 3.49455139465 3.82162969142 0.847775752171 0.873637848662 0.955407422855
28088112 32 469368.205 522269.408 532169.912 3.37794213364 3.44197676614 3.82991252678 0.84448553341 0.860494191534 0.957478131694
30896920 32 527413.878 568488.883 571936.307 3.45738302639 3.47834925032 3.74924317028 0.864345756598 0.869587312581 0.937310792569
33986608 16 308706.695 308899.009 314627.87 3.45669141135 3.52079943384 3.52299277474 0.864172852837 0.880199858459 0.880748193686
37385264 16 338636.741 353461.361 355260.302 3.36747010928 3.38460884272 3.5327780573 0.841867527321 0.84615221068 0.883194514325
41123784 16 370434.36 384726.531 390544.744 3.36955267794 3.42051036766 3.55248116832 0.842388169485 0.855127591915 0.888120292081
45236160 16 427278.896 429949.885 436495.971 3.31631267222 3.36680429627 3.38785073064 0.829078168055 0.841701074068 0.84696268266
49759776 16 468668.069 470877.743 482823.886 3.29791644152 3.38158440417 3.39752788236 0.824479110381 0.845396101043 0.84938197059
54735752 16 483721.727 513151.699 527078.875 3.32311566082 3.41330656688 3.62097455259 0.830778915205 0.853326641719 0.905243638147
60209320 16 558038.846 563819.208 613557.979 3.14020566262 3.41722703424 3.45262386984 0.785051415654 0.854306758559 0.863155967461
66230248 16 623544.475 625753.653 663682.468 3.19334627354 3.38690461628 3.39890420166 0.798336568384 0.84672615407 0.849726050415
72853272 8 312884.579 339419.377 342398.179 3.40437661031 3.43425399664 3.72550272604 0.851094152577 0.858563499161 0.93137568151
80138592 8 374017.999 376031.201 378148.068 3.39078149673 3.40986989534 3.428223977 0.847695374183 0.852467473836 0.857055994249
88152448 8 407663.538 409408.257 413374.966 3.41200915394 3.44506771391 3.4598119197 0.853002288484 0.861266928478 0.864952979925
96967688 8 451164.764 460765.097 467793.89 3.31659528088 3.36718865665 3.43883904905 0.829148820221 0.841797164163 0.859709762263
106664456 8 496422.181 543126.758 564789.344 3.02171298756 3.14223387241 3.43786269292 0.75542824689 0.785558468103 0.859465673231
117330896 8 568903.661 582012.179 593845.283 3.16125157468 3.22552414492 3.29984576422 0.79031289367 0.806381036229 0.824961441055
129063984 8 600721.518 602989.41 613323.068 3.36694289151 3.42464346762 3.43757245599 0.841735722877 0.856160866905 0.859393113999
141970376 4 319375.919 337216.751 338908.414 3.35123874499 3.3680503849 3.55619488018 0.837809686248 0.842012596225 0.889048720045
156167408 4 363858.784 369543.527 390440.693 3.19981827304 3.38076348987 3.43358280448 0.79995456826 0.845190872468 0.858395701119
171784144 4 393970.807 421302.478 496085.65 2.77023363204 3.26196313519 3.48826138278 0.692558408009 0.815490783797 0.872065345695
188962552 4 444732.798 450657.417 510793.166 2.95951574262 3.35443367617 3.39912060185 0.739878935655 0.838608419042 0.849780150462
207858800 4 487115.83 492635.281 508868.377 3.26778097276 3.37545942025 3.41370634578 0.81694524319 0.843864855063 0.853426586445
228644680 4 533173.171 539368.682 560851.529 3.26139333749 3.3912933788 3.43070045436 0.815348334372 0.847823344701 0.857675113589
251509144 4 591424.119 593184.979 604848.451 3.32657403466 3.39198264156 3.40208166586 0.831643508665 0.847995660389 0.850520416466
276660056 2 318300.171 321065.341 325643.539 3.3983177661 3.44677572656 3.47671891134 0.849579441525 0.861693931641 0.869179727836
304326056 2 331090.902 362028.746 383317.521 3.17570723306 3.36245184243 3.6766465543 0.793926808266 0.840612960607 0.919161638576
334758656 2 354264.18 390177.452 394424.503 3.39490729865 3.43186059865 3.77976295543 0.848726824662 0.857965149662 0.944940738858
368234520 2 410215.088 424019.995 447369.99 3.29243827911 3.47374675102 3.59064823086 0.823109569777 0.868436687756 0.897662057715
405057968 2 438433.48 477974.265 492450.26 3.29014319538 3.38978892933 3.69550215919 0.822535798844 0.847447232332 0.923875539797
445563760 2 537412.453 552240.043 588887.127 3.02647987753 3.22731946477 3.31636349335 0.756619969382 0.806829866193 0.829090873337
490120136 2 571654.433 573206.816 593288.649 3.30442955095 3.4201975435 3.42948542131 0.826107387738 0.855049385875 0.857371355327
539132144 1 314304.051 329189.017 332636.285 3.24157145995 3.27551720233 3.43064075875 0.810392864988 0.818879300581 0.857660189687
593045352 1 347759.978 357865.797 367723.598 3.22549521013 3.31434496938 3.41065901494 0.806373802532 0.828586242345 0.852664753734
652349880 1 353800.027 391370.559 416808.874 3.13021109047 3.33366864215 3.6876756937 0.782552772617 0.833417160538 0.921918923426
717584864 1 376535.512 424444.47 447139.264 3.20967055132 3.38128973149 3.81151228041 0.80241763783 0.845322432873 0.952878070104
789343344 1 420258.342 473019.624 481353.357 3.27968355272 3.33746552553 3.75646722558 0.81992088818 0.834366381383 0.939116806395
868277672 1 464195.154 508655.508 527945.53 3.28926990631 3.41401069425 3.74100274214 0.822317476578 0.853502673562 0.935250685534
955105432 1 507603.066 559663.324 581036.25 3.28759326806 3.41314283442 3.76319804183 0.821898317016 0.853285708606 0.940799510458
1050615968 1 559325.838 632707.237 638711.081 3.28980034715 3.32101770475 3.75672245629 0.822450086787 0.830254426187 0.939180614073

META_DATA
ERT_VERSION  1.1.0
TIMESTAMP_DATA  1535256815.01
HOSTNAME  ('atajo-Inspiron-15-7568', [], ['127.0.1.1'])
MPI_PROCS      1
UNAME  ('Linux', 'atajo-Inspiron-15-7568', '4.15.0-33-generic', '#36-Ubuntu SMP Wed Aug 15 16:00:05 UTC 2018', 'x86_64', 'x86_64')
TIMESTAMP_DATA  1535256655.5
FLOPS          4
TIMESTAMP_DATA  1535256976.78
CONFIG  {'ERT_WORKING_SET_MIN': ['1'], 'ERT_CFLAGS': [], 'ERT_CC': ['mpicc'], 'ERT_MPI_CFLAGS': ['-I/usr/include/mpi'], 'ERT_MPI_LDFLAGS': ['-lmpi'], 'ERT_MEMORY_MAX': ['1073741824'], 'ERT_PROCS_THREADS': ['1-4'], 'ERT_LDFLAGS': [], 'ERT_LDLIBS': [], 'ERT_RUN': ['export', 'OMP_NUM_THREADS=ERT_OPENMP_THREADS;', 'mpirun', '-np', 'ERT_MPI_PROCS', 'ERT_CODE'], 'ERT_FLOPS': ['1,2,4,8,16,32'], 'ERT_OPENMP_CFLAGS': ['-fopenmp'], 'ERT_MPI': ['True'], 'ERT_TRIALS_MIN': ['1'], 'ERT_DRIVER': ['driver1'], 'ERT_RESULTS': ['Results/myLaptop'], 'ERT_OPENMP': ['False'], 'ERT_MPI_PROCS': ['1,2,4,8'], 'ERT_KERNEL': ['kernel1'], 'ERT_GPU': [False], 'ERT_OPENMP_THREADS': ['1,2,4,8'], 'ERT_LD': ['mpicc'], 'ERT_NUM_EXPERIMENTS': ['3'], 'ERT_OPENMP_LDFLAGS': ['-fopenmp'], 'ERT_ALIGN': ['64'], 'ERT_GNUPLOT': ['gnuplot']}
