8 134217728 4743502.132 4746713.624 4746823.562 0.452404354186 0.452414832262 0.452721130557 0.452404354186 0.452414832262 0.452721130557
16 67108864 2402142.512 2407491.149 2412137.174 0.890282555713 0.892000640954 0.893986779416 0.890282555713 0.892000640954 0.893986779416
24 33554432 1692621.375 1694273.309 1698251.686 0.94839460445 0.95062155996 0.951549330399 0.94839460445 0.95062155996 0.951549330399
32 33554432 2235693.156 2236369.832 2238041.136 0.95953716554 0.960254255478 0.960544895097 0.95953716554 0.960254255478 0.960544895097
40 16777216 1385689.417 1387247.952 1387470.034 0.967355868675 0.967510730915 0.968598925224 0.967355868675 0.967510730915 0.968598925224
48 16777216 1658168.048 1660240.213 1660245.888 0.970104939058 0.970108255052 0.971320571484 0.970104939058 0.970108255052 0.971320571484
56 16777216 1931110.332 1931511.656 1932905.517 0.972136597197 0.972838132332 0.97304030788 0.972136597197 0.972838132332 0.97304030788
64 16777216 2198552.572 2201171.251 2204702.579 0.974046870746 0.975609529256 0.976771570237 0.974046870746 0.975609529256 0.976771570237
72 8388608 1241079.348 1241723.147 1242082.553 0.972527590121 0.9728090798 0.973313715958 0.972527590121 0.9728090798 0.973313715958
80 8388608 1373087.592 1374097.261 1381858.45 0.971284200636 0.976770217141 0.977488463096 0.971284200636 0.976770217141 0.977488463096
88 8388608 1511944.616 1512318.317 1514696.81 0.974713221981 0.976246198571 0.976487493243 0.974713221981 0.976246198571 0.976487493243
96 8388608 1653924.424 1690481.053 1710261.256 0.941734913511 0.952754089223 0.973812776829 0.941734913511 0.952754089223 0.973812776829
104 8388608 1782548.219 1783948.006 1790004.69 0.974763068358 0.978072487613 0.978840541536 0.974763068358 0.978072487613 0.978840541536
112 8388608 1920152.274 1920202.144 1921352.161 0.977982188867 0.978567906442 0.978593321709 0.977982188867 0.978567906442 0.978593321709
120 8388608 2063994.56 2066439.989 2070310.036 0.972446582875 0.974267789395 0.975422105764 0.972446582875 0.974267789395 0.975422105764
128 8388608 2190601.183 2191133.866 2191386.441 0.979965745804 0.980078707797 0.980317031081 0.979965745804 0.980078707797 0.980317031081
136 4194304 1164613.487 1165349.337 1168371.139 0.976445454632 0.978977420571 0.979595978181 0.976445454632 0.978977420571 0.979595978181
144 4194304 1235624.412 1238613.628 1240161.516 0.974034056383 0.975251300884 0.97761062364 0.974034056383 0.975251300884 0.97761062364
152 4194304 1304814.441 1320339.271 1321481.551 0.964877954622 0.965712710366 0.977202869569 0.964877954622 0.965712710366 0.977202869569
160 4194304 1376128.498 1380319.821 1386636.688 0.967937233751 0.972366881632 0.975328453666 0.967937233751 0.972366881632 0.975328453666
176 4194304 1502923.338 1504386.557 1506094.501 0.98028045851 0.981393379999 0.982348846858 0.98028045851 0.981393379999 0.982348846858
192 4194304 1644552.789 1645265.504 1647417.01 0.977659406345 0.978937886976 0.979362138311 0.977659406345 0.978937886976 0.979362138311
208 4194304 1777229.997 1777801.956 1795147.266 0.971970655025 0.981453787983 0.981769645429 0.971970655025 0.981453787983 0.981769645429
224 4194304 1912453.56 1913127.152 1913530.557 0.981979715519 0.982186777306 0.982532716768 0.981979715519 0.982186777306 0.982532716768
240 4194304 2052224.13 2053564.512 2058411.22 0.978067890633 0.980376271715 0.981016591009 0.978067890633 0.980376271715 0.981016591009
264 2097152 1150525.203 1150837.532 1151044.049 0.961992946284 0.962165575253 0.962426770933 0.961992946284 0.962165575253 0.962426770933
288 2097152 1231857.79 1232026.326 1233098.273 0.979613367766 0.980465698263 0.980599840181 0.979613367766 0.980465698263 0.980599840181
312 2097152 1333134.209 1333622.496 1344563.624 0.97326956095 0.981254329411 0.981613733385 0.97326956095 0.981254329411 0.981613733385
336 2097152 1460100.013 1460326.77 1461573.683 0.964225177555 0.965048489798 0.965198364121 0.964225177555 0.965048489798 0.965198364121
368 2097152 1567950.453 1569917.437 1575601.895 0.979628088096 0.983175188467 0.984408575569 0.979628088096 0.983175188467 0.984408575569
400 2097152 1705640.949 1705659.972 1708161.634 0.982179652444 0.983620198364 0.983631168672 0.982179652444 0.983620198364 0.983631168672
440 2097152 1875171.646 1876323.059 1876643.154 0.983401535911 0.983569301218 0.984173242986 0.983401535911 0.983569301218 0.984173242986
480 2097152 2050486.872 2054136.625 2055423.128 0.979489766644 0.980103219765 0.981847749182 0.979489766644 0.980103219765 0.981847749182
528 1048576 1126012.976 1126116.712 1126494.427 0.98295759789 0.983287295358 0.983377882494 0.98295759789 0.983287295358 0.983377882494
576 1048576 1229398.404 1229851.673 1236358.432 0.977030220958 0.982199381047 0.982561509816 0.977030220958 0.982199381047 0.982561509816
632 1048576 1356739.368 1357243.215 1363530.514 0.97203549931 0.976538360518 0.976901013755 0.97203549931 0.976538360518 0.976901013755
688 1048576 1475733.144 1477412.316 1485003.954 0.971607228461 0.976599802489 0.977711032558 0.971607228461 0.976599802489 0.977711032558
752 1048576 1617410.179 1617767.973 1617882.615 0.974766827567 0.974835903739 0.975051551224 0.974766827567 0.974835903739 0.975051551224
824 1048576 1765591.647 1766916.618 1769666.464 0.976485277397 0.978004977935 0.978738912215 0.976485277397 0.978004977935 0.978738912215
904 1048576 1937307.889 1937677.186 1940955.584 0.976748475662 0.978401057564 0.978587564096 0.976748475662 0.978401057564 0.978587564096
992 1048576 2128680.436 2130009.856 2131090.923 0.97620179484 0.976697257123 0.977307231662 0.97620179484 0.976697257123 0.977307231662
1088 524288 1168118.205 1168866.831 1180291.547 0.966583799486 0.976031364517 0.976656885508 0.966583799486 0.976031364517 0.976656885508
1192 524288 1275531.13 1276337.807 1324159.369 0.94392157112 0.979288230079 0.979907555843 0.94392157112 0.979288230079 0.979907555843
1304 524288 1394451.383 1399381.544 1442689.787 0.94777346892 0.977105286162 0.980559896651 0.94777346892 0.977105286162 0.980559896651
1432 524288 1531636.37 1536199.545 1580897.577 0.949815379469 0.977451683857 0.980363787 0.949815379469 0.977451683857 0.980363787
1568 524288 1680894.576 1695921.137 1727743.402 0.951626940723 0.96948326908 0.978150082388 0.951626940723 0.96948326908 0.978150082388
1720 524288 1838263.586 1846646.081 1887926.81 0.955307541821 0.976662901764 0.981116491528 0.955307541821 0.976662901764 0.981116491528
1888 524288 2021969.012 2029938.777 2066965.74 0.957786309511 0.975256746869 0.979100805329 0.957786309511 0.975256746869 0.979100805329
2072 262144 1116025.335 1116328.728 1132714.751 0.959045280412 0.973122619487 0.97338716419 0.959045280412 0.973122619487 0.97338716419
2272 262144 1219933.942 1221148.078 1244680.541 0.957018525447 0.975461008751 0.976431833716 0.957018525447 0.975461008751 0.976431833716
2496 262144 1343396.059 1352910.041 1354963.15 0.965799585029 0.967265234452 0.974115443642 0.965799585029 0.967265234452 0.974115443642
2744 262144 1476854.583 1481857.559 1491118.746 0.964809996427 0.970839783664 0.974128589612 0.964809996427 0.970839783664 0.974128589612
3016 262144 1614777.522 1622166.831 1637980.511 0.965367168523 0.974778042419 0.979238679296 0.965367168523 0.974778042419 0.979238679296
3312 262144 1778503.374 1798048.645 1809834.371 0.959447938344 0.965736861919 0.976350048802 0.959447938344 0.965736861919 0.976350048802
3640 262144 1952688.233 1962598.903 1971021.503 0.968233130433 0.972388355605 0.977323613544 0.968233130433 0.972388355605 0.977323613544
4000 262144 2145684.952 2145824.834 2164641.697 0.96882176986 0.97731742441 0.977381137918 0.96882176986 0.97731742441 0.977381137918
4400 131072 1183426.196 1188656.881 1189157.9 0.969958320926 0.97036715846 0.974656133098 0.969958320926 0.97036715846 0.974656133098
4840 131072 1294786.599 1299586.299 1305420.523 0.971929686753 0.976292964135 0.979912026414 0.971929686753 0.976292964135 0.979912026414
5320 131072 1424998.451 1425341.433 1434504.348 0.972186722156 0.978436497889 0.978671997167 0.972186722156 0.978436497889 0.978671997167
5848 131072 1568436.567 1574224.989 1576957.525 0.97213659068 0.973824023067 0.977417986965 0.97213659068 0.973824023067 0.977417986965
6432 131072 1728412.495 1735785.503 1759406.766 0.958340186353 0.971381662703 0.975525352239 0.958340186353 0.971381662703 0.975525352239
7072 131072 1896313.483 1899646.001 1905183.963 0.973072629207 0.97590938892 0.977624419496 0.973072629207 0.97590938892 0.977624419496
7776 131072 2088261.033 2091835.332 2113798.682 0.964345262091 0.974470462764 0.976138381068 0.964345262091 0.974470462764 0.976138381068
8552 65536 1146219.213 1148143.733 1151480.654 0.973466414834 0.976295660362 0.977934876058 0.973466414834 0.976295660362 0.977934876058
9400 65536 1260061.737 1262789.882 1267887.159 0.971755878474 0.975678390809 0.977790820737 0.971755878474 0.975678390809 0.977790820737
10336 65536 1390509.984 1391347.642 1392592.858 0.972832931188 0.973703588596 0.974290157991 0.972832931188 0.973703588596 0.974290157991
11368 65536 1530988.024 1531295.63 1531390.398 0.972989316079 0.973049531918 0.973245036958 0.972989316079 0.973049531918 0.973245036958
12504 65536 1676101.363 1681501.562 1683171.094 0.973712235103 0.974679016088 0.977819315812 0.973712235103 0.974679016088 0.977819315812
13752 65536 1846428.851 1846666.837 1847545.123 0.975620092609 0.976084103469 0.976209910836 0.975620092609 0.976084103469 0.976209910836
15120 65536 2030878.898 2033875.518 2036929.262 0.972939353846 0.974400164838 0.975837920199 0.972939353846 0.974400164838 0.975837920199
16632 32768 1115526.508 1115593.048 1121040.069 0.972306683892 0.977054091502 0.977112371766 0.972306683892 0.977054091502 0.977112371766
18288 32768 1225776.27 1228408.117 1228915.989 0.975267942421 0.975671156364 0.97776600619 0.975267942421 0.975671156364 0.97776600619
20112 32768 1347790.155 1347948.07 1350338.692 0.976095878618 0.977827010799 0.977941578747 0.976095878618 0.977827010799 0.977941578747
22120 32768 1484202.609 1485874.689 1486452.193 0.975245841627 0.975624883264 0.976724007362 0.975245841627 0.975624883264 0.976724007362
24328 32768 1630819.396 1632133.488 1645632.851 0.968842963381 0.976856255767 0.977643393199 0.968842963381 0.976856255767 0.977643393199
26760 32768 1793019.687 1795025.27 1798289.258 0.975228735977 0.977002045214 0.978094871303 0.975228735977 0.977002045214 0.978094871303
29432 32768 1972423.162 1976038.69 1976419.036 0.975934514324 0.976122361248 0.977911631318 0.975934514324 0.976122361248 0.977911631318
32368 32768 2171293.85 2173982.066 2178516.075 0.97372210026 0.975752873575 0.976960924934 0.97372210026 0.975752873575 0.976960924934
35600 16384 1192301.757 1195018.546 1195587.313 0.975705234838 0.976169620049 0.978393928509 0.975705234838 0.976169620049 0.978393928509
39160 16384 1314968.841 1316161.55 1327983.0 0.966273574285 0.974952413706 0.975836719465 0.966273574285 0.974952413706 0.975836719465
43072 16384 1448705.239 1448718.403 1451338.455 0.972470129995 0.974228872276 0.974237724835 0.972470129995 0.974228872276 0.974237724835
47376 16384 1591963.339 1592357.924 1593099.564 0.974463117736 0.974916973503 0.975158617016 0.974463117736 0.974916973503 0.975158617016
52112 16384 1750449.879 1752847.609 1753477.796 0.973839543275 0.974189659861 0.975524084686 0.973839543275 0.974189659861 0.975524084686
57320 16384 1925275.927 1929658.885 1933093.371 0.971635301314 0.973364657661 0.975580556355 0.971635301314 0.973364657661 0.975580556355
63048 16384 2116064.122 2118982.023 2119950.27 0.97453081482 0.974976116633 0.976320538929 0.97453081482 0.974976116633 0.976320538929
69352 8192 1164260.977 1165126.262 1167528.692 0.973220766038 0.975227496846 0.97595229115 0.973220766038 0.975227496846 0.97595229115
76280 8192 1281242.305 1283283.822 1284485.253 0.972974595918 0.973885510418 0.975437288578 0.972974595918 0.973885510418 0.975437288578
83904 8192 1408949.205 1411316.187 1417438.124 0.969836434285 0.974043342422 0.975679698829 0.969836434285 0.974043342422 0.975679698829
92288 8192 1550079.171 1554463.765 1558034.124 0.970483616956 0.972712665322 0.975464105504 0.970483616956 0.972712665322 0.975464105504
101512 8192 1705682.854 1710056.271 1711529.188 0.971746564219 0.97258355541 0.975077285968 0.971746564219 0.97258355541 0.975077285968
111656 8192 1881413.998 1882571.438 1887099.625 0.969409288076 0.971741027763 0.972338839801 0.969409288076 0.971741027763 0.972338839801
122816 8192 2064888.401 2068394.689 2069853.153 0.972154638644 0.972840123165 0.974492056338 0.972154638644 0.972840123165 0.974492056338
135096 4096 1136773.28 1137548.035 1155775.956 0.957544086512 0.972887647773 0.97355070837 0.957544086512 0.972887647773 0.97355070837
148600 4096 1248769.91 1251115.39 1252535.456 0.971893605222 0.97299674333 0.974824257256 0.971893605222 0.97299674333 0.974824257256
163456 4096 1374953.969 1375492.476 1378641.947 0.971268540692 0.97349245842 0.973873731187 0.971268540692 0.97349245842 0.973873731187
179800 4096 1512500.731 1513651.144 1516676.192 0.971150999646 0.973091855305 0.973831992151 0.971150999646 0.973091855305 0.973831992151
197776 4096 1662292.399 1664912.589 1669511.777 0.970451969444 0.97313276547 0.974666666932 0.970451969444 0.97313276547 0.974666666932
217552 4096 1829747.851 1831373.359 1831646.077 0.972996915932 0.973141809256 0.97400632717 0.972996915932 0.973141809256 0.97400632717
239304 4096 2013562.713 2014204.002 2017105.683 0.97187687513 0.973276969986 0.97358694385 0.97187687513 0.973276969986 0.97358694385
263232 2048 1106025.46 1108268.546 1338070.931 0.805785588059 0.972867339682 0.974840373024 0.805785588059 0.972867339682 0.974840373024
289552 2048 1217820.508 1218521.719 1227885.369 0.965892274591 0.973314610242 0.973875036764 0.965892274591 0.973314610242 0.973875036764
318504 2048 1340175.225 1340487.049 1342465.581 0.971788329223 0.973222669308 0.97344911297 0.971788329223 0.973222669308 0.97344911297
350352 2048 1472806.473 1474639.553 1484099.942 0.966944173629 0.97314749837 0.974358694308 0.966944173629 0.97314749837 0.974358694308
385384 2048 1620323.202 1623246.741 1630626.939 0.968052732508 0.972454047884 0.974208640629 0.968052732508 0.972454047884 0.974208640629
423920 2048 1782790.401 1784699.66 1785045.095 0.972735268629 0.972923545018 0.973965486367 0.972735268629 0.972923545018 0.973965486367
466312 2048 1961298.394 1963157.131 1964240.464 0.972393139743 0.972929737431 0.973851790142 0.972393139743 0.972929737431 0.973851790142
512936 2048 2156431.614 2163555.165 2175935.047 0.965555409798 0.971080326487 0.974288190898 0.965555409798 0.971080326487 0.974288190898
564224 1024 1185736.64 1186715.974 1187980.865 0.972684650102 0.973721410444 0.974525634967 0.972684650102 0.973721410444 0.974525634967
620640 1024 1304964.485 1305358.704 1308206.572 0.971613158965 0.973732902768 0.974027059441 0.971613158965 0.973732902768 0.974027059441
682704 1024 1436399.033 1439871.815 1450878.544 0.963676661828 0.971043239707 0.973390930987 0.963676661828 0.971043239707 0.973390930987
750968 1024 1579199.751 1580204.286 1581213.652 0.972659489788 0.973280782508 0.973899890135 0.972659489788 0.973280782508 0.973899890135
826064 1024 1736708.736 1738795.986 1738901.444 0.972901067992 0.972960074455 0.974129419016 0.972901067992 0.972960074455 0.974129419016
908664 1024 1911854.968 1915461.435 2036312.696 0.91387922673 0.97153815681 0.973370837824 0.91387922673 0.97153815681 0.973370837824
999528 1024 2102654.25 2105767.975 2107250.419 0.971423863791 0.972107738508 0.973547288623 0.971423863791 0.972107738508 0.973547288623
1099480 512 1156332.082 1156440.694 1156646.523 0.973389447521 0.97356269616 0.973654140991 0.973389447521 0.97356269616 0.973654140991
1209424 512 1274093.167 1274585.576 1275628.594 0.970854825476 0.971649294735 0.972024815827 0.970854825476 0.971649294735 0.972024815827
1330360 512 1399952.693 1400215.445 1409736.453 0.96634277783 0.972913593308 0.973096195901 0.96634277783 0.972913593308 0.973096195901
1463392 512 1540245.211 1540341.307 1554757.768 0.963824358265 0.97284504492 0.972905740786 0.963824358265 0.97284504492 0.972905740786
1609728 512 1692861.956 1694532.012 1706203.116 0.966099203865 0.972753220551 0.973712869001 0.966099203865 0.972753220551 0.973712869001
1770696 512 1862143.772 1865660.532 1865739.858 0.97183575525 0.971877076724 0.973712519551 0.97183575525 0.971877076724 0.973712519551
1947760 512 2049970.34 2050446.978 2054114.168 0.970981200106 0.972717783683 0.972943950009 0.970981200106 0.972717783683 0.972943950009
2142536 256 1127340.861 1127387.716 1127949.152 0.972542450211 0.973026773692 0.973067215028 0.972542450211 0.973026773692 0.973067215028
2356784 256 1239187.786 1240405.192 1246392.523 0.968132739673 0.972805834563 0.973761540932 0.968132739673 0.972805834563 0.973761540932
2592456 256 1363130.608 1363374.958 1364953.662 0.97244141611 0.973567443212 0.973741961489 0.97244141611 0.973567443212 0.973741961489
2851696 256 1498400.001 1499849.499 1500377.936 0.973133713158 0.973476574132 0.974418280183 0.973133713158 0.973476574132 0.974418280183
3136864 256 1648131.258 1650561.406 1652834.979 0.971708844746 0.973047329328 0.974482074898 0.971708844746 0.973047329328 0.974482074898
3450544 256 1816118.505 1816323.542 1817511.326 0.972031647191 0.972667306869 0.97277711952 0.972031647191 0.972667306869 0.97277711952
3795592 256 1998292.978 1998745.963 1998928.258 0.972192521779 0.972281190294 0.972501592807 0.972192521779 0.972281190294 0.972501592807
4175144 256 2197585.081 2201213.046 2207803.463 0.968235517257 0.97113440786 0.972737641187 0.968235517257 0.97113440786 0.972737641187
4592656 128 1208680.162 1209560.636 1209581.699 0.972005394073 0.972022320343 0.972730398797 0.972005394073 0.972022320343 0.972730398797
5051920 128 1330101.263 1333736.135 1364721.756 0.947659487594 0.969675699759 0.972325608565 0.947659487594 0.969675699759 0.972325608565
5557112 128 1461774.804 1463690.888 1464517.794 0.971391865519 0.971940649261 0.97321466214 0.971391865519 0.971940649261 0.97321466214
6112816 128 1610210.475 1611421.862 1613288.911 0.96999420583 0.971118074604 0.971848662207 0.96999420583 0.971118074604 0.971848662207
6724096 128 1770398.571 1770598.734 1772353.184 0.971233381439 0.972195756693 0.972305674099 0.971233381439 0.972195756693 0.972305674099
7396504 128 1947174.126 1947628.326 1948036.46 0.972006973627 0.972210661923 0.972437440862 0.972006973627 0.972210661923 0.972437440862
8136152 128 2141406.218 2142825.432 2151134.425 0.96825883487 0.972013343176 0.97265754367 0.96825883487 0.972013343176 0.97265754367
8949760 64 1177414.295 1178018.617 1180054.019 0.97077698271 0.972454308844 0.972953432674 0.97077698271 0.972454308844 0.972953432674
9844736 64 1295172.27 1296251.056 1301284.903 0.968370727344 0.972131287506 0.972941003439 0.968370727344 0.972131287506 0.972941003439
10829208 64 1424621.875 1425350.371 1425386.6 0.972465030891 0.972489748628 0.972987041912 0.972465030891 0.972489748628 0.972987041912
11912128 64 1565891.772 1567368.154 1573155.646 0.96923173996 0.97281061894 0.973727821593 0.96923173996 0.97281061894 0.973727821593
13103336 64 1726475.253 1728509.936 1730872.212 0.969006837346 0.970331134967 0.971474688146 0.969006837346 0.970331134967 0.971474688146
14413664 64 1896955.079 1897561.331 1897610.282 0.972248627392 0.97227370829 0.97258443936 0.972248627392 0.97227370829 0.97258443936
15855024 64 2085459.885 2085777.879 2087998.654 0.971956120811 0.97299098453 0.973139347631 0.971956120811 0.97299098453 0.973139347631
17440520 32 1147631.422 1148456.889 1150304.077 0.970346278274 0.971906991626 0.972606063761 0.970346278274 0.971906991626 0.972606063761
19184568 32 1261438.025 1262608.943 1265201.125 0.970448356185 0.972440721893 0.973343380861 0.970448356185 0.972440721893 0.973343380861
21103024 32 1387659.07 1388790.507 1390748.338 0.971127197565 0.972496232652 0.973289163887 0.971127197565 0.972496232652 0.973289163887
23213320 32 1528034.903 1529450.947 1534018.916 0.968470769496 0.971363274457 0.972263445739 0.968470769496 0.971363274457 0.972263445739
25534648 32 1679654.772 1680656.364 1684677.9 0.970047432806 0.972368597772 0.972948429191 0.970047432806 0.972368597772 0.972948429191
28088112 32 1848863.298 1850749.822 1858563.378 0.967219729646 0.971303169467 0.972294257745 0.967219729646 0.971303169467 0.972294257745
30896920 32 2032706.1 2033866.487 2038696.985 0.969934666382 0.972238292257 0.972793302485 0.969934666382 0.972238292257 0.972793302485
33986608 16 1116299.094 1117159.056 1117606.787 0.973125314422 0.973515320096 0.974265285931 0.973125314422 0.973515320096 0.974265285931
37385264 16 1228527.978 1231453.904 1233322.629 0.970004457771 0.971476434574 0.973790153276 0.970004457771 0.971476434574 0.973790153276
41123784 16 1352253.784 1352346.538 1353568.303 0.972216241385 0.973094581176 0.97316132783 0.972216241385 0.973094581176 0.97316132783
45236160 16 1487254.931 1488554.883 1491786.569 0.970351355939 0.972458010472 0.973307998399 0.970351355939 0.972458010472 0.973307998399
49759776 16 1634572.01 1635811.197 1637487.624 0.972412132258 0.973408688558 0.97414664038 0.972412132258 0.973408688558 0.97414664038
54735752 16 1799522.513 1804486.283 1809656.389 0.967887646874 0.970660780579 0.97333823353 0.967887646874 0.970660780579 0.97333823353
60209320 16 1980627.167 1980683.964 1982828.208 0.971691966166 0.972743898077 0.972771792744 0.971691966166 0.972743898077 0.972771792744
66230248 16 2176678.502 2179808.692 2181567.244 0.971488704659 0.972272449311 0.973670633515 0.971488704659 0.972272449311 0.973670633515
72853272 8 1197925.366 1198100.183 1198391.129 0.972681058623 0.972917263965 0.973059244828 0.972681058623 0.972917263965 0.973059244828
80138592 8 1316868.883 1316955.411 1321977.986 0.969923467394 0.973622539754 0.973686513937 0.969923467394 0.973622539754 0.973686513937
88152448 8 1448795.309 1449640.576 1450390.016 0.972455099967 0.972957843034 0.973525493379 0.972455099967 0.972957843034 0.973525493379
96967688 8 1595560.802 1595642.099 1604534.086 0.966936770952 0.972325190575 0.97237473248 0.966936770952 0.972325190575 0.97237473248
106664456 8 1751515.859 1753250.824 1756504.127 0.971606766968 0.973409664287 0.974373875766 0.971606766968 0.973409664287 0.974373875766
117330896 8 1927989.288 1933205.322 1938005.487 0.968673385392 0.971078609518 0.973705791668 0.968673385392 0.971078609518 0.973705791668
129063984 8 2123261.488 2123655.433 2126731.786 0.970984567774 0.972391147787 0.97257156298 0.970984567774 0.972391147787 0.97257156298
141970376 4 1165869.831 1166970.909 1167734.901 0.97262058968 0.973257344498 0.974176514222 0.97262058968 0.973257344498 0.974176514222
156167408 4 1282400.717 1283475.961 1284282.874 0.972791344721 0.97340293232 0.974219093485 0.972791344721 0.97340293232 0.974219093485
171784144 4 1415527.577 1416112.442 1420871.865 0.96720414124 0.970454824942 0.970855795627 0.96720414124 0.970454824942 0.970855795627
188962552 4 1553541.826 1553984.036 1561345.736 0.968203506209 0.972790183798 0.973067084967 0.968203506209 0.972790183798 0.973067084967
207858800 4 1708322.595 1709677.008 1731928.393 0.960126531051 0.972622543451 0.97339366983 0.960126531051 0.972622543451 0.97339366983
228644680 4 1879922.356 1880486.508 1881358.295 0.972253634441 0.972704367842 0.972996269852 0.972253634441 0.972704367842 0.972996269852
251509144 4 2066833.235 2067036.554 2068522.727 0.972710198315 0.97340956458 0.973505321052 0.972710198315 0.97340956458 0.973505321052
276660056 2 1137457.671 1139284.2 1140464.479 0.970341684793 0.971346942229 0.972906730698 0.970341684793 0.971346942229 0.972906730698
304326056 2 1251019.681 1252166.028 1252244.338 0.972098006004 0.972158800654 0.973049619033 0.972098006004 0.972158800654 0.973049619033
334758656 2 1376329.842 1377401.333 1378974.838 0.971036299649 0.972145584529 0.972902412734 0.971036299649 0.972145584529 0.972902412734
368234520 2 1513838.691 1515155.883 1516807.798 0.971077602543 0.972136330345 0.972982186779 0.971077602543 0.972136330345 0.972982186779
405057968 2 1665050.526 1666259.28 1676365.432 0.966514723503 0.972376803207 0.97308270632 0.966514723503 0.972376803207 0.97308270632
445563760 2 1828558.153 1833411.39 1839749.966 0.968748510905 0.972097724341 0.974677801237 0.968748510905 0.972097724341 0.974677801237
490120136 2 2014227.447 2014647.768 2016194.847 0.97236660778 0.97311330305 0.973316368477 0.97236660778 0.97311330305 0.973316368477
539132144 1 1107621.673 1108342.048 1118082.935 0.964386678525 0.972862384808 0.97349511506 0.964386678525 0.972862384808 0.97349511506
593045352 1 1219101.275 1219176.083 1219896.289 0.972288148341 0.972862509804 0.972922207796 0.972288148341 0.972862509804 0.972922207796
652349880 1 1340186.075 1340846.634 1342540.043 0.971814410157 0.973041753558 0.97352135225 0.971814410157 0.973041753558 0.97352135225
717584864 1 1474433.702 1474883.39 1476032.353 0.972315901534 0.973073354633 0.973370132583 0.972315901534 0.973073354633 0.973370132583
789343344 1 1625755.765 1625761.285 1629904.699 0.968576070103 0.971044582354 0.971047879384 0.968576070103 0.971044582354 0.971047879384
868277672 1 1784964.264 1785051.335 1791777.22 0.969180389513 0.972832158914 0.972879613908 0.969180389513 0.972832158914 0.972879613908
955105432 1 1961745.966 1963783.117 1965911.829 0.971666600618 0.972719872915 0.973729981918 0.971666600618 0.972719872915 0.973729981918
1050615968 1 2159100.913 2160651.216 2232467.03 0.941215215169 0.97249936521 0.973197650628 0.941215215169 0.97249936521 0.973197650628

META_DATA
ERT_VERSION  1.1.0
TIMESTAMP_DATA  1535272629.45
OPENMP_THREADS 1
HOSTNAME  ('atajo-Inspiron-15-7568', [], ['127.0.1.1'])
TIMESTAMP_DATA  1535273212.87
UNAME  ('Linux', 'atajo-Inspiron-15-7568', '4.15.0-33-generic', '#36-Ubuntu SMP Wed Aug 15 16:00:05 UTC 2018', 'x86_64', 'x86_64')
CONFIG  {'ERT_WORKING_SET_MIN': ['1'], 'ERT_CFLAGS': [], 'ERT_CC': ['gcc'], 'ERT_MPI_CFLAGS': ['-I/usr/include/mpi'], 'ERT_MPI_LDFLAGS': ['-mpicc'], 'ERT_MEMORY_MAX': ['1073741824'], 'ERT_PROCS_THREADS': ['1-4'], 'ERT_LDFLAGS': [], 'ERT_LDLIBS': [], 'ERT_RUN': ['export', 'OMP_NUM_THREADS=ERT_OPENMP_THREADS;', 'mpirun', '-np', 'ERT_MPI_PROCS', 'ERT_CODE'], 'ERT_FLOPS': ['1,2,4,8,16'], 'ERT_OPENMP_CFLAGS': ['-fopenmp'], 'ERT_MPI': ['False'], 'ERT_TRIALS_MIN': ['1'], 'ERT_DRIVER': ['driver1'], 'ERT_RESULTS': ['Results/myLaptop'], 'ERT_OPENMP': ['True'], 'ERT_MPI_PROCS': ['1,2,4,8'], 'ERT_KERNEL': ['kernel1'], 'ERT_GPU': [False], 'ERT_OPENMP_THREADS': ['1,2,4,8'], 'ERT_LD': ['gcc'], 'ERT_NUM_EXPERIMENTS': ['3'], 'ERT_OPENMP_LDFLAGS': ['-fopenmp'], 'ERT_ALIGN': ['64'], 'ERT_GNUPLOT': ['gnuplot']}
FLOPS          16
TIMESTAMP_DATA  1535273796.7
