16 67108864 404320.42 404483.558 405062.256 5.30161380427 5.30919886736 5.31134105965 0.662701725534 0.66364985842 0.663917632456
32 33554432 245778.124 246069.193 246760.319 8.70271061694 8.72715361813 8.73748897196 1.08783882712 1.09089420227 1.0921861215
48 16777216 168961.902 169505.589 176433.736 9.12871184681 9.50182672738 9.53240178369 1.14108898085 1.18772834092 1.19155022296
64 16777216 213290.572 213531.267 213745.652 10.0469114946 10.0569985753 10.0683477374 1.25586393683 1.25712482191 1.25854346717
80 8388608 131678.826 131726.11 131892.708 10.1762811633 10.1891514142 10.1928101941 1.27203514542 1.27364392678 1.27410127426
96 8388608 156474.003 156483.974 163426.573 9.85526837181 10.2925091614 10.2931650314 1.23190854648 1.28656364517 1.28664562892
112 8388608 181125.131 181310.714 181328.959 10.3626480975 10.3636908738 10.3743096368 1.29533101219 1.29546135922 1.2967887046
128 8388608 205467.048 206249.039 207568.727 10.3458920765 10.4120904437 10.4517180195 1.29323650956 1.30151130547 1.30646475244
144 4194304 114500.864 114747.265 116237.883 10.3921331052 10.5271315356 10.5497854759 1.29901663815 1.31589144194 1.31872318448
160 4194304 126606.636 126720.044 126965.53 10.5711942446 10.59167309 10.60116059 1.32139928058 1.32395913625 1.32514507375
176 4194304 138640.645 138662.102 138989.834 10.6223237017 10.6474298796 10.6490777506 1.32779046272 1.33092873495 1.33113471883
192 4194304 150697.017 152681.935 157621.674 10.218218695 10.5488100868 10.6877545957 1.27727733687 1.31860126085 1.33596932446
208 4194304 163221.297 163327.355 164871.824 10.5829511779 10.6830265145 10.6899681357 1.32286889723 1.33537831431 1.33624601696
224 4194304 175765.989 176050.368 177948.494 10.5595060108 10.6733556615 10.6906245212 1.31993825135 1.33416945769 1.33632806515
240 4194304 187535.386 187577.841 187658.066 10.7283740204 10.7329624292 10.7353921995 1.34104675255 1.34162030365 1.34192402494
256 4194304 199614.567 199970.378 200222.508 10.7254857081 10.7390087946 10.758150972 1.34068571352 1.34237609932 1.3447688715
272 2097152 105937.771 106055.928 108227.772 10.5412009036 10.7570666677 10.7690644916 1.31765011295 1.34463333346 1.34613306146
288 2097152 112373.042 112591.195 112596.032 10.7282604062 10.7287213001 10.7495492736 1.34103255077 1.34109016251 1.3436936592
304 2097152 131002.111 131132.769 131697.658 9.68178504738 9.72349189088 9.7331898415 1.21022313092 1.21543648636 1.21664873019
320 2097152 135639.048 137185.93 137325.961 9.77366020399 9.78363655806 9.89521306578 1.2217075255 1.22295456976 1.23690163322
352 2097152 135989.005 136134.654 136907.918 10.7838540646 10.8451078739 10.8567233652 1.34798175807 1.35563848423 1.35709042066
384 2097152 148906.859 149048.809 151814.996 10.6090490296 10.8059416698 10.8162427629 1.32613112871 1.35074270872 1.35203034536
416 2097152 160804.624 160878.3 161359.349 10.8133211668 10.8456545351 10.8506236985 1.35166514585 1.35570681689 1.35632796231
448 2097152 172641.902 173472.138 173989.072 10.7998058177 10.8319884315 10.8840795324 1.34997572721 1.35399855393 1.36050994156
480 2097152 185267.164 185378.114 185504.761 10.8529070044 10.8603215156 10.8668253809 1.35661337555 1.35754018945 1.35835317261
528 1048576 108103.918 108648.862 108734.506 10.1834854154 10.1915126916 10.242887367 1.27293567692 1.27393908645 1.28036092087
576 1048576 111059.968 111210.519 111283.359 10.8548085074 10.8619181248 10.876642356 1.35685106342 1.35773976561 1.35958029449
624 1048576 119917.783 120000.597 120250.904 10.8824366759 10.9051361469 10.9126671229 1.36030458449 1.36314201837 1.36408339037
672 1048576 135343.693 135655.983 136211.038 10.3463431796 10.3886766572 10.4126473333 1.29329289745 1.29858458215 1.30158091667
736 1048576 141003.699 141135.99 141939.683 10.8743646553 10.9362882706 10.9465487994 1.35929558191 1.36703603383 1.36831859993
800 1048576 153598.802 153764.76 154225.636 10.8783574736 10.9109629541 10.9227518584 1.3597946842 1.36387036926 1.36534398231
880 1048576 168581.145 168602.219 168793.775 10.9334231076 10.9458450247 10.9472133435 1.36667788845 1.36823062809 1.36840166793
960 1048576 184573.734 184729.633 184765.564 10.8963265471 10.8984459467 10.9076512479 1.36204081839 1.36230574333 1.36345640599
1056 524288 101497.782 102060.913 102187.148 10.8359639903 10.8493665543 10.9095611173 1.35449549879 1.35617081928 1.36369513966
1152 524288 111003.357 111086.804 111140.514 10.8687598116 10.874014811 10.8821893738 1.35859497645 1.35925185137 1.36027367172
1264 524288 124536.68 126254.154 190799.365 6.94656433474 10.4978729175 10.6426481258 0.868320541842 1.31223411469 1.33033101573
1376 524288 134992.794 135040.143 217664.963 6.62872221654 10.6845308658 10.6882784869 0.828590277067 1.33556635822 1.33603481087
1504 524288 146931.307 147172.187 157033.942 10.0427861895 10.7157360106 10.7333034477 1.25534827369 1.33946700133 1.34166293096
1648 524288 160802.083 160857.255 161947.139 10.6704771611 10.7427746918 10.7464605916 1.33380964513 1.34284683647 1.34330757394
1808 524288 175470.363 176391.795 179755.828 10.5466700529 10.7478094885 10.80424851 1.31833375661 1.34347618607 1.35053106376
1984 524288 192546.022 192767.752 196158.261 10.6055935314 10.7921307502 10.8045586317 1.32569919143 1.34901634377 1.35056982896
2176 262144 105208.763 105288.621 107696.112 10.5932393177 10.8354604435 10.8436850265 1.32415491471 1.35443255544 1.35546062831
2384 262144 115001.251 115128.233 116999.242 10.682997348 10.8566123133 10.8685999598 1.3353746685 1.35707653917 1.35857499498
2608 262144 125850.839 127494.867 127503.125 10.7239967962 10.7246914027 10.8647913265 1.34049959952 1.34058642533 1.35809891581
2864 262144 137831.629 139225.203 142653.755 10.5259117224 10.7851222311 10.8941673467 1.3157389653 1.34814027888 1.36177091834
3136 262144 150748.756 152310.455 152428.773 10.7864620022 10.7948411552 10.9066715483 1.34830775027 1.3493551444 1.36333394353
3440 262144 165500.993 166238.073 166574.042 10.8273215823 10.84920372 10.8975220469 1.35341519779 1.356150465 1.36219025586
3776 262144 182887.235 182974.93 206108.891 9.60517267545 10.8195777859 10.8247658072 1.20064658443 1.35244722323 1.3530957259
4144 131072 99938.041 100126.122 100259.132 10.8351699674 10.8495636733 10.8699822923 1.35439624592 1.35619545916 1.35874778654
4544 131072 109363.412 109420.449 109927.623 10.8360601593 10.8862863102 10.8919639047 1.35450751992 1.36078578877 1.36149548809
4992 131072 120886.995 120933.852 121129.063 10.8035414094 10.8209804481 10.8251747676 1.35044267617 1.35262255601 1.35314684594
5488 131072 131779.961 132073.713 132305.17 10.8736965608 10.8927525343 10.9170336756 1.3592120701 1.36159406679 1.36462920944
6032 131072 144585.514 145115.367 146239.862 10.8127331794 10.8965207523 10.9364525135 1.35159164743 1.36206509404 1.36705656419
6624 131072 158592.081 158758.757 164295.248 10.5690327452 10.9376130729 10.9491082093 1.32112909316 1.36720163411 1.36863852616
7280 131072 174100.752 174206.701 175084.707 10.8999144054 10.9548502385 10.9615168118 1.36248930068 1.36935627981 1.37018960148
8000 131072 191169.152 191308.94 191874.012 10.9298386902 10.9621223138 10.970138111 1.36622983627 1.37026528922 1.37126726387
8800 65536 105083.506 105197.295 106201.741 10.8607786383 10.9644796475 10.9763524639 1.35759732978 1.37055995594 1.37204405799
9680 65536 115632.1 115640.293 116022.456 10.9356154295 10.9717549747 10.9725323677 1.36695192869 1.37146937184 1.37156654597
10640 65536 127071.064 133124.695 133187.062 10.4710326893 10.4759382172 10.9750090705 1.30887908617 1.30949227715 1.37187613381
11696 65536 139481.023 145461.384 145818.95 10.5131610946 10.5390040287 10.9908722995 1.31414513683 1.31737550359 1.37385903744
12864 65536 153966.214 159297.903 159880.703 10.5460520023 10.5846353043 10.9511701574 1.31825650029 1.32307941304 1.36889626967
14144 65536 168896.213 174692.918 174740.681 10.6093346861 10.612235397 10.9764590636 1.32616683576 1.32652942462 1.37205738296
15552 65536 185477.49 191368.899 191761.884 10.630015212 10.6518444463 10.9901840056 1.3287519015 1.33148055578 1.3737730007
17104 32768 101977.971 105116.524 106499.277 10.525214589 10.6636682925 10.9918616051 1.31565182363 1.33295853657 1.37398270064
18800 32768 111859.375 115215.113 115319.712 10.6840086455 10.6937082117 11.0145153234 1.33550108068 1.33671352646 1.37681441542
20672 32768 123249.503 126117.631 126454.377 10.7134305996 10.7420364723 10.9920134282 1.33917882494 1.34275455904 1.37400167853
22736 32768 135328.048 138638.25 156664.513 9.51093816632 10.7475858647 11.0104780053 1.18886727079 1.34344823308 1.37630975066
25008 32768 148887.27 152274.785 174844.472 9.37361226954 10.7629394322 11.0078201313 1.17170153369 1.34536742902 1.37597751641
27504 32768 163803.872 167566.513 205320.056 8.7789872023 10.7569353311 11.0040264738 1.09737340029 1.34461691639 1.37550330923
30240 32768 182147.75 183762.003 203690.558 9.72950665686 10.7846486632 10.8802257508 1.21618833211 1.3480810829 1.36002821885
33264 16384 99136.812 101610.465 108438.974 10.0516881689 10.7271898815 10.9948537784 1.25646102111 1.34089873518 1.3743567223
36576 16384 108775.641 110607.872 113924.411 10.5203297299 10.8357781985 11.0182974514 1.31504121623 1.35447227481 1.37728718142
40224 16384 120910.191 121006.853 121868.875 10.8153950875 10.8924412074 10.9011492009 1.35192438594 1.36155515093 1.36264365011
44240 16384 133073.025 133475.473 133681.702 10.8440893429 10.8608442242 10.8936902877 1.35551116786 1.35760552802 1.36171128596
48656 16384 146361.14 153600.629 168213.322 9.47820178 10.3799041604 10.8933273409 1.1847752225 1.29748802005 1.36166591761
53520 16384 160545.179 161101.73 169863.812 10.324408356 10.8859374757 10.9236750111 1.2905510445 1.36074218446 1.36545937639
58864 16384 177086.746 178111.393 189413.507 10.1833052064 10.8294900147 10.8921508558 1.2729131508 1.35368625184 1.36151885698
64736 16384 195675.803 196302.378 206838.783 10.2556649059 10.806131182 10.8407335781 1.28195811324 1.35076639775 1.35509169726
71200 8192 106322.762 106328.535 107151.226 10.8868637677 10.9710982099 10.9716939069 1.36085797096 1.37138727624 1.37146173836
78320 8192 116806.563 117508.811 121460.945 10.5646706437 10.9199886296 10.9856402504 1.32058383047 1.3649985787 1.3732050313
86144 8192 128924.581 129095.058 136024.641 10.3759384007 10.9328995073 10.9473560825 1.29699230009 1.36661243841 1.36841951032
94752 8192 141822.753 141865.628 148008.478 10.488701654 10.9428674858 10.9461756676 1.31108770675 1.36785843573 1.36827195845
104224 8192 155733.34 156092.962 164901.321 10.3553204161 10.9396733467 10.964935421 1.29441505202 1.36745916834 1.37061692763
114640 8192 171240.364 171418.042 180579.529 10.401299474 10.9571999428 10.9685690694 1.30016243425 1.36964999285 1.37107113367
126096 8192 188374.637 194546.892 198592.32 10.4030048292 10.6193259772 10.9672772137 1.30037560365 1.32741574715 1.37090965171
138704 4096 103587.62 103843.766 103943.278 10.9315695047 10.9420450718 10.9691019834 1.36644618808 1.36775563398 1.37113774793
152560 4096 113801.294 114024.087 114083.714 10.9548635487 10.9605922124 10.982050169 1.36935794359 1.37007402655 1.37275627112
167808 4096 125109.0 125388.073 125413.882 10.9611720336 10.9634282042 10.9878836535 1.3701465042 1.37042852553 1.37348545668
184576 4096 137538.32 137734.575 138092.881 10.9494898003 10.9779740635 10.9936386601 1.36868622503 1.37224675794 1.37420483252
203024 4096 151428.912 151479.018 168330.696 9.88038811412 10.9795576309 10.983190634 1.23504851427 1.37244470386 1.37289882925
223312 4096 166580.958 166691.007 199952.386 9.14903763139 10.9746286673 10.9818788772 1.14362970392 1.37182858341 1.37273485965
245632 4096 183249.305 183904.6 191699.061 10.4967511761 10.9416368269 10.9807638506 1.31209389701 1.36770460337 1.37259548133
270192 2048 100580.938 100766.514 107959.574 10.2511189235 10.9828790147 11.0031428818 1.28138986543 1.37285987684 1.37539286023
297200 2048 110712.549 110790.971 148583.583 8.19290513408 10.9876390559 10.9954220275 1.02411314176 1.37345488199 1.37442775344
326912 2048 121559.574 122889.418 140960.933 9.49930965624 10.8962315372 11.0154347201 1.18741370703 1.36202894215 1.37692934001
359600 2048 134093.611 141154.063 142280.094 10.3522675491 10.4348508905 10.9842787364 1.29403344364 1.30435636132 1.37303484206
395552 2048 147595.206 148125.61 175098.995 9.25294283956 10.9378857039 10.9771925248 1.15661785495 1.36723571299 1.3721490656
435104 2048 162353.3 163677.079 231829.197 7.68749582478 10.8884273527 10.9772082489 0.960936978098 1.36105341909 1.37215103112
478608 2048 178566.048 178642.626 195266.45 10.0395043183 10.9737435678 10.9784496547 1.25493803979 1.37171794597 1.37230620683
526464 1024 98089.505 98269.29 110012.455 9.80069276701 10.9718740412 10.9919840252 1.22508659588 1.37148425515 1.37399800315
579104 1024 108042.192 108332.052 130547.064 9.08488445209 10.9478678757 10.9772392622 1.13561055651 1.36848348446 1.37215490778
637008 1024 118808.08 118837.527 137874.175 9.46219539664 10.9779496169 10.9806705403 1.18277442458 1.37224370211 1.37258381753
700704 1024 130731.122 130836.272 132540.528 10.8271923589 10.9682259366 10.977047929 1.35339904486 1.37102824208 1.37213099112
770768 1024 143598.123 143900.118 143937.919 10.9667617468 10.9696425961 10.9927123769 1.37084521835 1.37120532452 1.37408904711
847840 1024 158207.545 159302.984 200460.388 8.66194232848 10.8998354984 10.9753066455 1.08274279106 1.3624794373 1.37191333068
932624 1024 173754.025 173862.466 192887.303 9.90222747839 10.9857751126 10.9926314052 1.2377784348 1.37322188908 1.37407892565
1025872 1024 191359.648 192702.119 195740.494 10.733526891 10.9027646759 10.979252303 1.34169086137 1.36284558448 1.37240653787
1128448 512 108047.402 117973.609 127068.184 9.09378505008 9.79482412884 10.6946648472 1.13672313126 1.22435301611 1.3368331059
1241280 512 116869.479 130269.141 130690.384 9.72581670584 9.75726645806 10.8759851663 1.21572708823 1.21965830726 1.35949814579
1365408 512 127413.908 131017.803 133821.581 10.4480740816 10.6716626289 10.9735099876 1.3060092602 1.33395782862 1.37168874845
1501936 512 139886.915 145425.05 146890.441 10.470269226 10.5757740087 10.9944698116 1.30878365325 1.32197175108 1.37430872645
1652128 512 153941.279 169477.794 174589.758 9.69002472642 9.98230524525 10.9897688456 1.2112530908 1.24778815566 1.3737211057
1817328 512 169359.391 178987.589 180520.932 10.3087428775 10.3970553623 10.9881351191 1.28859285969 1.29963192029 1.37351688989
1999056 512 186258.836 187105.588 205325.252 9.96971061309 10.9405248976 10.9902616593 1.24621382664 1.3675656122 1.37378270741
2198960 256 102765.707 110242.404 113528.515 9.91704612713 10.2126539258 10.9556733746 1.23963076589 1.27658174072 1.36945917182
2418848 256 112993.186 113617.055 126013.387 9.82792547271 10.9002136695 10.9603969924 1.22849068409 1.36252670869 1.37004962405
2660720 256 124362.331 125872.722 140805.175 9.67498985744 10.8227471239 10.9541903006 1.20937373218 1.35284339048 1.36927378757
2926784 256 136891.342 139153.458 149173.372 10.0454483794 10.7687831085 10.9467361931 1.25568104742 1.34609788856 1.36834202414
3219456 256 151467.518 154304.213 164289.994 10.0332432418 10.6825435285 10.8826070022 1.25415540523 1.33531794106 1.36032587528
3541392 256 166371.937 169167.926 196218.683 9.24067309126 10.7183007256 10.8984287657 1.15508413641 1.3397875907 1.36230359571
3895520 256 183675.448 190409.794 194768.419 10.240398573 10.4748090847 10.8588614413 1.28004982163 1.30935113558 1.35735768016
4285072 128 101363.933 105112.774 106729.62 10.2781067898 10.4362047566 10.8221770755 1.28476334873 1.30452559458 1.35277213444
4713568 128 111441.527 113512.853 116509.873 10.3568339483 10.6302799737 10.827861395 1.29460424354 1.32878499671 1.35348267437
5184912 128 122842.044 126139.271 144571.628 9.18117538249 10.5227932703 10.8052375944 1.14764692281 1.31534915879 1.3506546993
5703392 128 135439.335 139562.26 143739.347 10.1577500001 10.4617706248 10.780238636 1.26971875001 1.3077213281 1.3475298295
6273728 128 149097.157 161970.351 169898.862 9.45312022161 9.91585409357 10.7719986103 1.1816400277 1.2394817617 1.34649982628
6901088 128 163949.846 169032.557 189877.86 9.30428923098 10.4517056321 10.7757254496 1.16303615387 1.30646320401 1.3469656812
7591184 128 184788.004 190033.283 206441.799 9.41351564176 10.2263302161 10.5166085565 1.17668945522 1.27829127701 1.31457606956
8350288 128 198671.668 211368.488 238245.568 8.97256450957 10.1134930198 10.7598317844 1.1215705637 1.26418662748 1.34497897305
9185312 64 109267.603 109512.945 116839.243 10.0627144255 10.7358991761 10.7600048296 1.25783930319 1.34198739702 1.3450006037
10103840 64 120518.996 123727.461 147433.188 8.77205151394 10.4527443588 10.731018038 1.09650643924 1.30659304485 1.34137725475
11114224 64 132515.171 133826.938 142141.609 10.0084745206 10.6303012926 10.7355305907 1.25105931508 1.32878766157 1.34194132384
12225632 64 145939.419 149990.623 185786.008 8.42302879989 10.4331915202 10.7228116072 1.05287859999 1.30414894003 1.3403514509
13448192 64 160423.991 169486.776 180905.3 9.51530207241 10.1563591958 10.7301193872 1.18941275905 1.26954489948 1.3412649234
14793008 64 176620.657 193046.46 193739.691 9.77344917929 9.80854569413 10.7207449919 1.22168114741 1.22606821177 1.34009312399
16272304 64 194184.222 200026.129 274513.626 7.58743725166 10.4129141648 10.7261799674 0.948429656457 1.3016142706 1.34077249592
17899520 32 106816.963 111670.084 118669.888 9.6534116557 10.2585154319 10.7246007359 1.20667645696 1.28231442899 1.34057509199
19689472 32 117631.009 121017.952 188161.272 6.69705404628 10.4127213126 10.7125342094 0.837131755784 1.30159016408 1.33906677618
21658416 32 129238.387 133425.165 202336.912 6.8506463319 10.3888844657 10.7254404529 0.856330791487 1.29861055821 1.34068005662
23824256 32 142374.061 146125.891 168542.067 9.04671700745 10.4345121427 10.7094815818 1.13083962593 1.30431401784 1.33868519772
26206672 32 156795.163 161215.505 168268.399 9.96756977524 10.4036333726 10.6969307975 1.2459462219 1.30045417158 1.33711634969
28827328 32 172003.456 177326.004 195419.718 9.440956168 10.4042777167 10.7262321055 1.180119521 1.30053471458 1.34077901318
31710048 32 189174.165 200641.711 259504.24 7.82046209341 10.1147615911 10.7279081792 0.977557761677 1.26434519889 1.3409885224
34881040 16 104116.561 107218.831 108238.183 10.3123800591 10.4104220275 10.7206122569 1.28904750738 1.30130275343 1.34007653211
38369136 16 114689.926 118019.895 239656.14 5.12322510076 10.4034353869 10.7054943256 0.640403137595 1.30042942336 1.3381867907
42206048 16 125803.426 131264.063 145985.048 9.25158812155 10.2891340183 10.7357452729 1.15644851519 1.28614175229 1.34196815912
46426640 16 138501.95 142615.654 144083.91 10.3110227922 10.4171767848 10.7265816835 1.28887784903 1.3021470981 1.34082271044
51069296 16 152282.025 154641.471 263842.238 6.19391907978 10.5677827651 10.7315191796 0.774239884972 1.32097284563 1.34143989745
56176224 16 172543.569 177732.555 251360.107 7.15164864248 10.1142931749 10.4184651936 0.89395608031 1.26428664687 1.3023081492
61793840 16 184221.636 190466.784 337493.265 5.85908841766 10.3818778187 10.7338254232 0.732386052208 1.29773472733 1.3417281779
67973216 8 102865.215 104673.051 162465.622 6.6941636182 10.3901763215 10.5727816347 0.836770452275 1.29877204019 1.32159770434
74770528 8 111772.233 114904.067 186032.304 6.43075649915 10.4115413774 10.7032705341 0.803844562394 1.30144267217 1.33790881676
82247568 8 122752.698 124097.667 235133.058 5.59666556116 10.6042371288 10.7204249637 0.699583195146 1.3255296411 1.34005312046
90472320 8 134982.204 138866.778 249398.797 5.80418645724 10.4240707594 10.7240590026 0.725523307155 1.30300884492 1.34050737533
99519552 8 148801.459 151819.662 274341.102 5.8041351456 10.4881858583 10.7009221731 0.7255168932 1.31102323229 1.33761527164
109471504 8 163263.848 167799.578 302815.261 5.78420010344 10.4383103037 10.7283032065 0.72302501293 1.30478878797 1.34103790081
120418640 8 179094.096 184295.771 217734.395 8.84884650402 10.4543811806 10.7580220847 1.106105813 1.30679764757 1.34475276058
132460496 8 197136.464 203289.625 216493.764 9.78951031587 10.4253620223 10.7507657031 1.22368878948 1.30317025279 1.34384571289
145706544 4 108467.912 111755.382 112888.649 10.3256825405 10.4303911914 10.7465178458 1.29071031756 1.30379889892 1.34331473072
160277184 4 119436.184 121092.898 123560.629 10.3772332852 10.5887091083 10.7355863948 1.29715416065 1.32358863853 1.34194829935
176304896 4 131107.159 145381.033 166045.611 8.49428756054 9.70167248708 10.7579111527 1.06178594507 1.21270906089 1.34473889408
193935376 4 144284.073 148114.341 164783.66 9.41527216958 10.474900658 10.7529748484 1.1769090212 1.30936258225 1.34412185606
213328912 4 158666.651 173049.258 203717.161 8.37745473981 9.86211276329 10.7560806587 1.04718184248 1.23276409541 1.34451008234
234661792 4 175532.91 179959.865 180027.872 10.4277982911 10.4317389658 10.6948283145 1.30347478639 1.30396737072 1.33685353932
258127968 4 192288.336 209275.868 211708.038 9.75411119723 9.86747188644 10.7392043998 1.21926389965 1.2334339858 1.34240054997
283940752 2 106453.747 109024.701 122118.14 9.30052658843 10.4174833554 10.6690749739 1.16256582355 1.30218541943 1.33363437174
312334816 2 116237.266 121878.621 177443.285 7.04078074299 10.2506842771 10.748181775 0.880097592873 1.28133553464 1.34352272188
343568288 2 128776.078 129135.767 132647.117 10.360369551 10.6420799127 10.671804681 1.29504619388 1.33025998909 1.33397558512
377925104 2 140636.855 145097.245 203005.597 7.44659476556 10.4185328674 10.7489634634 0.930824345695 1.30231660842 1.34362043292
415717600 2 154827.583 171032.235 192542.737 8.63637042824 9.72255551709 10.7401431178 1.07954630353 1.21531943964 1.34251788972
457289360 2 170386.02 183066.534 305053.904 5.99617777716 9.99176310401 10.735372773 0.749522222145 1.248970388 1.34192159662
503018288 2 187594.054 207082.479 352286.008 5.71147620487 9.7162887064 10.7256765825 0.713934525609 1.2145360883 1.34070957281
553320112 1 103491.432 114557.859 154691.918 7.15383349245 9.66009869301 10.6930612768 0.894229186556 1.20751233663 1.3366326596
608652112 1 113344.472 121747.4 136722.112 8.90349195308 9.99860550615 10.7398640844 1.11293649413 1.24982568827 1.34248301055
669517312 1 124532.539 129372.411 225358.647 5.94179385537 10.3502332039 10.7524879421 0.742724231922 1.29377915049 1.34406099277
736469040 1 137540.915 151047.368 192126.032 7.66652006845 9.75149782153 10.7090903096 0.958315008556 1.21893722769 1.3386362887
810115936 1 151132.271 170206.647 280587.123 5.77443417459 9.51920445269 10.7206214879 0.721804271823 1.18990055659 1.34007768599
891127520 1 165651.798 178346.699 186075.027 9.57815279532 9.993204528 10.7590443419 1.19726909942 1.249150566 1.34488054274
980240272 1 182617.565 204922.874 295358.41 6.63763237349 9.56691903511 10.7354434608 0.829704046687 1.19586487939 1.3419304326

META_DATA
ERT_VERSION  1.1.0
TIMESTAMP_DATA  1535256198.63
FLOPS          2
TIMESTAMP_DATA  1535256147.6
HOSTNAME  ('atajo-Inspiron-15-7568', [], ['127.0.1.1'])
MPI_PROCS      2
UNAME  ('Linux', 'atajo-Inspiron-15-7568', '4.15.0-33-generic', '#36-Ubuntu SMP Wed Aug 15 16:00:05 UTC 2018', 'x86_64', 'x86_64')
TIMESTAMP_DATA  1535256252.06
CONFIG  {'ERT_WORKING_SET_MIN': ['1'], 'ERT_CFLAGS': [], 'ERT_CC': ['mpicc'], 'ERT_MPI_CFLAGS': ['-I/usr/include/mpi'], 'ERT_MPI_LDFLAGS': ['-lmpi'], 'ERT_MEMORY_MAX': ['1073741824'], 'ERT_PROCS_THREADS': ['1-4'], 'ERT_LDFLAGS': [], 'ERT_LDLIBS': [], 'ERT_RUN': ['export', 'OMP_NUM_THREADS=ERT_OPENMP_THREADS;', 'mpirun', '-np', 'ERT_MPI_PROCS', 'ERT_CODE'], 'ERT_FLOPS': ['1,2,4,8,16,32'], 'ERT_OPENMP_CFLAGS': ['-fopenmp'], 'ERT_MPI': ['True'], 'ERT_TRIALS_MIN': ['1'], 'ERT_DRIVER': ['driver1'], 'ERT_RESULTS': ['Results/myLaptop'], 'ERT_OPENMP': ['False'], 'ERT_MPI_PROCS': ['1,2,4,8'], 'ERT_KERNEL': ['kernel1'], 'ERT_GPU': [False], 'ERT_OPENMP_THREADS': ['1,2,4,8'], 'ERT_LD': ['mpicc'], 'ERT_NUM_EXPERIMENTS': ['3'], 'ERT_OPENMP_LDFLAGS': ['-fopenmp'], 'ERT_ALIGN': ['64'], 'ERT_GNUPLOT': ['gnuplot']}
