16 67108864 697168.241 697464.596 762025.157 2.81812697163 3.07898588734 3.08029471469 0.704531742907 0.769746471834 0.770073678672
32 33554432 348803.856 349102.032 407325.821 5.27215201513 6.1514498661 6.15670845107 1.31803800378 1.53786246652 1.53917711277
48 16777216 237563.672 237623.073 287403.941 5.60400365561 6.77801492787 6.77970971925 1.4010009139 1.69450373197 1.69492742981
64 16777216 306258.185 306546.602 399899.326 5.37006068372 7.00540679293 7.01200409713 1.34251517093 1.75135169823 1.75300102428
80 8388608 188689.885 188698.806 253121.612 5.30249973282 7.11280218699 7.11313847057 1.3256249332 1.77820054675 1.77828461764
96 8388608 226830.537 227056.103 289413.393 5.56509399688 7.09345714438 7.10051105685 1.39127349922 1.77336428609 1.77512776421
112 8388608 260973.509 260999.909 327229.662 5.74229176082 7.1994208703 7.2001491615 1.43557294021 1.79985521757 1.80003729037
128 8388608 294932.901 295002.957 362263.755 5.9279561324 7.27953261838 7.28126174028 1.4819890331 1.81988315459 1.82031543507
144 4194304 165113.503 165244.336 203358.962 5.94003598425 7.31014194641 7.31593437273 1.48500899606 1.8275354866 1.82898359318
160 4194304 182589.496 182743.638 216394.594 6.2024529134 7.34459100568 7.35079130729 1.55061322835 1.83614775142 1.83769782682
176 4194304 200395.1 200695.429 238163.173 6.19909026825 7.35639578518 7.36742070041 1.54977256706 1.83909894629 1.8418551751
192 4194304 218183.519 218354.023 256914.774 6.26905456204 7.37615324816 7.38191749488 1.56726364051 1.84403831204 1.84547937372
208 4194304 236241.85 236268.09 275084.899 6.34287985398 7.38496029659 7.38578056344 1.58571996349 1.84624007415 1.84644514086
224 4194304 253940.73 253990.237 293185.404 6.40907823638 7.39811188884 7.39955418731 1.60226955909 1.84952797221 1.84988854683
240 4194304 271543.806 271653.378 308190.73 6.53253237046 7.41115731681 7.41414782998 1.63313309261 1.8527893292 1.8535369575
256 4194304 288571.991 289293.392 324518.668 6.61744256882 7.42320325104 7.44176051376 1.65436064221 1.85580081276 1.86044012844
272 2097152 153397.25 162879.896 171355.06 6.6578173297 7.00424494377 7.4372303806 1.66445433243 1.75106123594 1.85930759515
288 2097152 161854.638 162038.429 180698.114 6.68495937927 7.45477205287 7.46323717952 1.67123984482 1.86369301322 1.86580929488
304 2097152 187121.033 196596.407 202941.327 6.28294115767 6.48571576387 6.81413732897 1.57073528942 1.62142894097 1.70353433224
320 2097152 195638.515 195788.484 213189.659 6.29569598402 6.85524118977 6.86049615537 1.573923996 1.71381029744 1.71512403884
352 2097152 197119.856 197155.682 216139.045 6.83076492727 7.4884730332 7.4898340429 1.70769123182 1.8721182583 1.87245851072
384 2097152 215273.019 217059.461 233377.501 6.90131966063 7.42014528452 7.48172132059 1.72532991516 1.85503632113 1.87043033015
416 2097152 232049.622 233660.388 252261.648 6.91674885118 7.46737809919 7.51921269667 1.72918721279 1.8668445248 1.87980317417
448 2097152 250359.382 250662.713 269878.68 6.96256626125 7.49632113014 7.50540354026 1.74064156531 1.87408028253 1.87635088506
480 2097152 267320.8 267659.364 286981.318 7.01532048856 7.52174663316 7.53127298736 1.75383012214 1.88043665829 1.88281824684
528 1048576 155997.193 156037.35 165051.582 6.70878911055 7.09635389219 7.09818064483 1.67719727764 1.77408847305 1.77454516121
576 1048576 160429.168 160436.745 170383.029 7.08967060329 7.52919508558 7.52955068619 1.77241765082 1.88229877139 1.88238767155
624 1048576 173662.433 173728.572 184162.955 7.10578763248 7.53257125719 7.53544002231 1.77644690812 1.8831428143 1.88386000558
672 1048576 196068.376 196139.146 205182.623 6.86844784122 7.1851344963 7.18772793834 1.7171119603 1.79628362408 1.79693198458
736 1048576 204650.427 214218.524 216167.105 7.14032725747 7.20527731766 7.54214830932 1.78508181437 1.80131932942 1.88553707733
800 1048576 222294.837 222690.552 232172.161 7.22619625356 7.53386969017 7.5472810014 1.80654906339 1.88346742254 1.88682025035
880 1048576 244277.361 244347.645 254117.071 7.26237616677 7.55273806711 7.55491115691 1.81559404169 1.88818451678 1.88872778923
960 1048576 266636.415 266656.003 275887.554 7.2974148011 7.55004911703 7.55060376881 1.82435370028 1.88751227926 1.8876509422
1056 524288 146626.425 146951.861 151202.78 7.32325328939 7.53509515609 7.5518192304 1.83081332235 1.88377378902 1.8879548076
1152 524288 159509.211 159542.13 164672.484 7.33552760399 7.57141422143 7.57297678565 1.833881901 1.89285355536 1.89324419641
1264 524288 179941.182 180186.403 184305.882 7.19130637404 7.3557163134 7.36574056738 1.79782659351 1.83892907835 1.84143514185
1376 524288 195263.464 195448.993 199755.204 7.22304374108 7.38218475242 7.38919891332 1.80576093527 1.8455461881 1.84729972833
1504 524288 212809.379 212880.222 217321.643 7.2567935813 7.4081955063 7.41066165134 1.81419839533 1.85204887657 1.85266541283
1648 524288 233014.86 237088.018 246541.402 7.00918074604 7.28865702526 7.41606457202 1.75229518651 1.82216425631 1.854016143
1808 524288 254885.697 254982.505 259247.114 7.31281200685 7.43511955065 7.43794347943 1.82820300171 1.85877988766 1.85948586986
1984 524288 279024.318 279291.058 283375.216 7.34141402119 7.44876974901 7.4558905794 1.8353535053 1.86219243725 1.86397264485
2176 262144 152708.597 154218.768 155173.674 7.35208916946 7.39761251367 7.47076923246 1.83802229236 1.84940312842 1.86769230812
2384 262144 167312.577 167473.772 169314.078 7.38215396359 7.46327366413 7.47046405244 1.8455384909 1.86581841603 1.86761601311
2608 262144 182706.201 182930.464 184814.682 7.39845497773 7.47466044803 7.48383523119 1.84961374443 1.86866511201 1.8709588078
2864 262144 200340.082 200402.758 202431.808 7.41761310555 7.49271540465 7.4950594859 1.85440327639 1.87317885116 1.87376487147
3136 262144 219488.585 221185.534 223739.74 7.34857011991 7.43342992766 7.4909005769 1.83714252998 1.85835748191 1.87272514423
3440 262144 241633.173 242959.847 294434.078 6.12548225481 7.42324603127 7.46400296618 1.5313705637 1.85581150782 1.86600074155
3776 262144 263039.459 263593.176 265382.668 7.45983715862 7.51048080243 7.52629090527 1.86495928965 1.87762020061 1.88157272632
4144 131072 144265.597 144390.221 145630.826 7.45944224748 7.52353399334 7.53003320674 1.86486056187 1.88088349834 1.88250830168
4544 131072 157887.699 158661.065 159084.496 7.48773366325 7.50771675458 7.54449107527 1.87193341581 1.87692918864 1.88612276882
4992 131072 173389.598 173482.007 174484.784 7.49992531154 7.54327708464 7.54729731826 1.87498132788 1.88581927116 1.88682432957
5488 131072 190638.461 191735.795 192237.182 7.48370454161 7.50327434687 7.54646394255 1.8709261354 1.87581858672 1.88661598564
6032 131072 209373.112 210352.379 211737.865 7.46797275962 7.51716056418 7.55231936372 1.8669931899 1.87929014104 1.88807984093
6624 131072 229592.206 230713.532 232612.897 7.46494230713 7.52639795745 7.56315680855 1.86623557678 1.88159948936 1.89078920214
7280 131072 253570.113 254088.228 262015.904 7.28355909266 7.51080967041 7.52615636528 1.82088977316 1.8777024176 1.88153909132
8000 131072 278640.439 280031.17 286917.628 7.30924765626 7.48899488582 7.52637344215 1.82731191407 1.87224872145 1.88159336054
8800 65536 152969.907 153547.086 157130.986 7.3405865346 7.51192113148 7.54026476593 1.83514663365 1.87798028287 1.88506619148
9680 65536 168425.686 168764.307 172006.915 7.37631367902 7.51804088527 7.53315595817 1.84407841975 1.87951022132 1.88328898954
10640 65536 184771.646 185340.175 188445.525 7.40057945128 7.52457517643 7.54772775039 1.85014486282 1.88114379411 1.8869319376
11696 65536 203014.906 203535.051 206499.125 7.42384797999 7.5319612247 7.55125888145 1.855961995 1.88299030618 1.88781472036
12864 65536 223058.82 223565.649 227382.065 7.41531750976 7.54190196724 7.55903849935 1.85382937744 1.88547549181 1.88975962484
14144 65536 245193.046 245589.77 249456.439 7.43168777455 7.54869540372 7.56090924373 1.85792194364 1.88717385093 1.89022731093
15552 65536 270069.537 273841.083 274101.38 7.4367803037 7.44384926348 7.54780330519 1.85919507592 1.86096231587 1.8869508263
17104 32768 148722.648 150187.422 150236.607 7.46108266409 7.46352610008 7.53703460148 1.86527066602 1.86588152502 1.88425865037
18800 32768 163326.637 164920.614 165140.257 7.46079013308 7.47072649147 7.54363662065 1.86519753327 1.86768162287 1.88590915516
20672 32768 179478.715 181208.127 181317.14 7.47177124016 7.47626618314 7.54830561384 1.86794281004 1.86906654578 1.88707640346
22736 32768 197217.298 198620.036 198873.321 7.49233978951 7.50189419964 7.55525256207 1.87308494738 1.87547354991 1.88881314052
25008 32768 217105.959 218859.037 228332.322 7.17780239628 7.48849264104 7.54896040417 1.79445059907 1.87212316026 1.88724010104
27504 32768 238768.499 240175.216 240363.302 7.49907381452 7.50494648873 7.54916227035 1.87476845363 1.87623662218 1.88729056759
30240 32768 262276.624 263822.563 264162.956 7.50222010689 7.51189973088 7.55617717574 1.87555502672 1.87797493272 1.88904429394
33264 16384 145099.133 145211.947 153418.886 7.10469734476 7.50623329911 7.51206936571 1.77617433619 1.87655832478 1.87801734143
36576 16384 159301.329 159302.293 159514.523 7.5135626867 7.52357260796 7.52361813629 1.87839067168 1.88089315199 1.88090453407
40224 16384 175447.886 175600.549 188025.942 7.00999031293 7.50601316172 7.51254439167 1.75249757823 1.87650329043 1.87813609792
44240 16384 192556.818 192911.692 192946.656 7.51324925787 7.51461098584 7.52846009327 1.87831231447 1.87865274646 1.88211502332
48656 16384 211829.351 212228.78 212482.174 7.50349913118 7.51245805588 7.5266236736 1.87587478279 1.87811451397 1.8816559184
53520 16384 233132.258 233296.34 233974.46 7.49544783649 7.51723477531 7.52252551854 1.87386195912 1.87930869383 1.88063137964
58864 16384 256337.867 256643.774 256733.908 7.5130533673 7.51569197233 7.52466100531 1.87826334183 1.87892299308 1.88116525133
64736 16384 281931.526 282113.442 282197.604 7.51696406324 7.51920657506 7.52405833465 1.87924101581 1.87980164377 1.88101458366
71200 8192 155399.325 155474.795 155497.054 7.50201222462 7.50308627196 7.50673016115 1.87550305615 1.87577156799 1.87668254029
78320 8192 170730.315 170772.277 173204.596 7.40854982855 7.5140702141 7.51591701802 1.85213745714 1.87851755353 1.8789792545
86144 8192 187472.751 187891.018 189253.095 7.45764974676 7.51171243321 7.5284716764 1.86441243669 1.8779281083 1.8821179191
94752 8192 206453.052 206469.328 207172.988 7.49333580109 7.51887354426 7.51946630462 1.87333395027 1.87971838606 1.87986657616
104224 8192 226829.886 226886.429 227533.642 7.50485071566 7.52625894606 7.5281350536 1.87621267891 1.88156473651 1.8820337634
114640 8192 249558.396 249731.217 250371.487 7.50189960728 7.52113325103 7.52634169038 1.87547490182 1.88028331276 1.8815854226
126096 8192 274569.377 275272.081 275739.245 7.49242953791 7.50514493331 7.52435281229 1.87310738448 1.87628623333 1.88108820307
138704 4096 150817.256 150994.321 151604.783 7.49490316542 7.52520465985 7.53403952662 1.87372579136 1.88130116496 1.88350988165
152560 4096 166317.078 166376.275 166616.862 7.50087059016 7.51171716039 7.51439079515 1.87521764754 1.8779292901 1.87859769879
167808 4096 182501.512 182731.264 183087.995 7.50831935212 7.52297721752 7.53244792843 1.87707983803 1.88074430438 1.88311198211
184576 4096 200790.34 201060.278 201912.063 7.48863921023 7.52036457445 7.5304747828 1.87215980256 1.88009114361 1.8826186957
203024 4096 220692.823 220982.736 221640.895 7.5039067497 7.5262558429 7.53614270456 1.87597668742 1.88156396072 1.88403567614
223312 4096 243021.673 243053.19 243381.52 7.51647826014 7.52663194423 7.52760805823 1.87911956504 1.88165798606 1.88190201456
245632 4096 267084.969 267422.788 267658.063 7.51786559854 7.52447971637 7.5339969581 1.87946639964 1.88111992909 1.88349923952
270192 2048 147000.365 147179.683 154121.751 7.18072838402 7.51942394114 7.52859649022 1.795182096 1.87985598529 1.88214912255
297200 2048 161674.85 161903.841 162108.274 7.50937117497 7.51885311974 7.52950257879 1.87734279374 1.87971327993 1.8823756447
326912 2048 177805.365 177878.406 178109.805 7.51801144244 7.52779149595 7.53088385156 1.87950286061 1.88194787399 1.88272096289
359600 2048 195599.314 196640.637 318851.884 4.61945396565 7.49042325366 7.53030043858 1.15486349141 1.87260581342 1.88257510964
395552 2048 215398.076 215549.697 215813.51 7.50731959274 7.51650786129 7.52179881124 1.87682989818 1.87912696532 1.88044970281
435104 2048 236589.1 236728.516 237069.183 7.51757761784 7.52839587775 7.5328321719 1.87939440446 1.88209896944 1.88320804297
478608 2048 260561.153 260844.667 261790.703 7.48834219678 7.51550104722 7.52367858919 1.8720855492 1.8788752618 1.8809196473
526464 1024 143301.629 143389.869 143464.186 7.51545247676 7.51934763257 7.52397777697 1.87886311919 1.87983690814 1.88099444424
579104 1024 157534.587 157676.144 158021.869 7.50532188681 7.52177825962 7.52853715864 1.8763304717 1.88044456491 1.88213428966
637008 1024 173426.241 173568.114 174028.432 7.49643244502 7.51631364733 7.52246243981 1.87410811125 1.87907841183 1.88061560995
700704 1024 190718.065 190825.031 190901.244 7.51719455532 7.52019682365 7.52441459596 1.87929863883 1.88004920591 1.88110364899
770768 1024 209818.439 209820.139 210138.832 7.51185703745 7.52326669653 7.52332765187 1.87796425936 1.88081667413 1.88083191297
847840 1024 230706.851 230771.168 231084.808 7.51402195163 7.52423422323 7.52633184699 1.87850548791 1.88105855581 1.88158296175
932624 1024 253834.715 254540.026 262679.519 7.27127093605 7.50378626896 7.52463646275 1.81781773401 1.87594656724 1.88115911569
1025872 1024 279154.906 279224.594 279588.269 7.51457084918 7.52435817312 7.52623654768 1.87864271229 1.88108954328 1.88155913692
1128448 512 153629.122 153630.511 153946.045 7.50607624899 7.52149260247 7.5215606062 1.87651906225 1.88037315062 1.88039015155
1241280 512 168986.328 169244.339 169788.267 7.48621057543 7.51027022535 7.52173702478 1.87155264386 1.87756755634 1.8804342562
1365408 512 185827.171 186228.307 186499.646 7.49694609072 7.50786931656 7.52407618582 1.87423652268 1.87696732914 1.88101904646
1501936 512 204489.636 204501.311 205119.563 7.49798040473 7.52064843242 7.52107781149 1.87449510118 1.88016210811 1.88026945287
1652128 512 224971.884 225216.935 225331.553 7.50795460945 7.51177557762 7.5199577917 1.87698865236 1.87794389441 1.87998944793
1817328 512 247382.006 247481.843 248157.586 7.49904083932 7.5195167833 7.52255146642 1.87476020983 1.87987919582 1.8806378666
1999056 512 272298.306 272502.785 272505.403 7.51190002644 7.51197219507 7.51761321644 1.87797500661 1.87799304877 1.87940330411
2198960 256 149737.744 150171.036 150790.811 7.46641995314 7.49723481964 7.51892936226 1.86660498828 1.87430870491 1.87973234056
2418848 256 164762.353 164836.09 164940.362 7.50847252294 7.51322223185 7.51658466543 1.87711813073 1.87830555796 1.87914616636
2660720 256 181272.593 181414.065 181565.4 7.50301896727 7.50927796034 7.51513848539 1.87575474182 1.87731949008 1.87878462135
2926784 256 199419.998 199667.116 199992.262 7.49285693863 7.50505860965 7.51435875553 1.87321423466 1.87626465241 1.87858968888
3219456 256 219765.728 219921.942 221690.685 7.43541151492 7.49521151464 7.50053926516 1.85885287873 1.87380287866 1.87513481629
3541392 256 241826.567 242524.695 242603.376 7.473897247 7.47632196383 7.4979053232 1.86847431175 1.86908049096 1.8744763308
3895520 256 267092.827 267518.65 268129.496 7.43859317887 7.45557829333 7.46746463543 1.85964829472 1.86389457333 1.86686615886
4285072 128 146718.83 147112.814 147358.674 7.44427458678 7.45671571478 7.47673922972 1.8610686467 1.8641789287 1.86918480743
4713568 128 161742.447 161746.941 162379.787 7.43117989187 7.46025489286 7.4604621754 1.85779497297 1.86506372321 1.86511554385
5184912 128 178320.068 178738.132 178899.817 7.41944566662 7.42615723432 7.4435675518 1.85486141666 1.85653930858 1.86089188795
5703392 128 195915.18 196625.336 197399.832 7.39650250564 7.42563690775 7.45255345706 1.84912562641 1.85640922694 1.86313836427
6273728 128 214971.408 215064.77 215785.783 7.44291095396 7.46786360221 7.4711068925 1.86072773849 1.86696590055 1.86777672313
6901088 128 236121.78 236386.907 237755.157 7.43066333573 7.47367335366 7.4820650937 1.85766583393 1.86841833841 1.87051627342
7591184 128 260003.596 260197.214 261560.115 7.42981438129 7.46873140617 7.47429317862 1.85745359532 1.86718285154 1.86857329466
8350288 128 285737.643 285914.018 288524.209 7.40899259514 7.47663141162 7.48124645236 1.85224814879 1.8691578529 1.87031161309
9185312 64 157346.568 158322.109 169737.625 6.92669015488 7.42612603777 7.47216765478 1.73167253872 1.85653150944 1.86804191369
10103840 64 172897.964 172981.622 174043.59 7.43084832943 7.47646776026 7.48008530627 1.85771208236 1.86911694006 1.87002132657
11114224 64 190094.323 190246.205 192385.979 7.39461721376 7.47778738609 7.48376200588 1.84865430344 1.86944684652 1.87094050147
12225632 64 209125.723 209292.385 210780.266 7.42422867993 7.47700828198 7.48296705709 1.85605716998 1.86925207049 1.87074176427
13448192 64 229932.111 230026.172 231696.867 7.42939944889 7.48335965874 7.48642096362 1.85734986222 1.87083991469 1.87160524091
14793008 64 253009.421 253204.875 254723.778 7.43356210742 7.47815390205 7.48393090074 1.85839052686 1.86953847551 1.87098272518
16272304 64 277916.881 278425.869 280523.628 7.42488227052 7.48082396036 7.49452463811 1.85622056763 1.87020599009 1.87363115953
17899520 32 152955.367 153395.531 154209.175 7.42867134851 7.46807467292 7.48956576332 1.85716783713 1.86701866823 1.87239144083
19689472 32 168631.576 169474.016 169855.775 7.4188010858 7.43551275731 7.47265866744 1.85470027145 1.85887818933 1.86816466686
21658416 32 184946.844 185087.069 185785.726 7.46095329197 7.48911650873 7.49479468814 1.86523832299 1.87227912718 1.87369867204
23824256 32 203553.987 203648.509 204220.164 7.46621858555 7.48717676101 7.4906534943 1.86655464639 1.87179419025 1.87266337357
26206672 32 223702.81 223965.423 224713.651 7.46384120651 7.48877655101 7.4975679027 1.86596030163 1.87219413775 1.87439197568
28827328 32 246448.337 247066.009 247239.509 7.46219323708 7.46743349871 7.48614908284 1.86554830927 1.86685837468 1.87153727071
31710048 32 270916.284 270961.66 271692.643 7.46962836237 7.48977944703 7.49103391659 1.86740709059 1.87244486176 1.87275847915
34881040 16 149019.091 149179.002 150697.751 7.40683435946 7.48224123392 7.49027035737 1.85170858986 1.87056030848 1.87256758934
38369136 16 163986.13 164529.046 173304.768 7.08470035862 7.4625871957 7.48729390711 1.77117508965 1.86564679892 1.87182347678
42206048 16 180077.923 180322.387 180859.026 7.46765901526 7.48988275094 7.50005060865 1.86691475381 1.87247068774 1.87501265216
46426640 16 198379.949 198537.517 198919.453 7.46861333869 7.48298106297 7.48892459893 1.86715333467 1.87074526574 1.87223114973
51069296 16 218194.657 218794.784 219010.127 7.46183518719 7.46917930182 7.48972268372 1.8654587968 1.86729482546 1.87243067093
56176224 16 239646.214 239952.349 240874.005 7.46298533958 7.49165063602 7.50122081211 1.86574633489 1.872912659 1.87530520303
61793840 16 263471.827 264038.671 268620.616 7.36132211088 7.489065418 7.5051776978 1.84033052772 1.8722663545 1.87629442445
67973216 8 144929.77 145123.835 145648.363 7.46710387675 7.49409258651 7.50412738528 1.86677596919 1.87352314663 1.87603184632
74770528 8 159650.306 159750.512 160139.949 7.47051847756 7.48872997665 7.4934303477 1.86762961939 1.87218249416 1.87335758693
82247568 8 175362.134 175810.404 176278.216 7.46525077154 7.48511497647 7.50424882489 1.86631269289 1.87127874412 1.87606220622
90472320 8 192892.234 193192.268 193916.04 7.46486530975 7.49283154541 7.50448626148 1.86621632744 1.87320788635 1.87612156537
99519552 8 212410.649 212757.89 213141.142 7.47069672734 7.48415408707 7.4963889028 1.86767418183 1.87103852177 1.8740972257
109471504 8 233370.808 233986.618 234436.594 7.47129120977 7.48565913287 7.50541200509 1.86782280244 1.87141478322 1.87635300127
120418640 8 256888.971 257108.63 258151.694 7.4634344255 7.49371283259 7.50012050926 1.86585860637 1.87342820815 1.87503012732
132460496 8 283416.168 283658.735 283739.354 7.46941834512 7.47154123775 7.47793589532 1.86735458628 1.86788530944 1.86948397383
145706544 4 155364.447 155529.124 156081.209 7.4682427146 7.49475289271 7.50269688148 1.86706067865 1.87368822318 1.87567422037
160277184 4 171079.801 171131.788 171524.011 7.475440112 7.49257333769 7.49485014891 1.868860028 1.87314333442 1.87371253723
176304896 4 187938.56 188212.385 188705.867 7.4742730071 7.49387011912 7.50478862879 1.86856825178 1.87346752978 1.8761971572
193935376 4 206715.385 207120.909 207635.638 7.47214217629 7.49071165963 7.50540656662 1.86803554407 1.87267791491 1.87635164165
213328912 4 227837.22 228313.114 239754.368 7.11824902393 7.47495956803 7.49057285724 1.77956225598 1.86873989201 1.87264321431
234661792 4 250032.747 250426.405 251282.523 7.47085119008 7.49639134899 7.5081938607 1.86771279752 1.87409783725 1.87704846518
258127968 4 275451.997 275552.557 277439.991 7.44313657363 7.49411933056 7.49685522883 1.86078414341 1.87352983264 1.87421380721
283940752 2 151319.829 151744.498 151977.601 7.47322632103 7.48470635159 7.50571168039 1.86830658026 1.8711765879 1.8764279201
312334816 2 166421.863 166691.826 167532.58 7.4572913758 7.49490418324 7.507062122 1.86432284395 1.87372604581 1.8767655305
343568288 2 183138.2 183322.573 195432.988 7.03194054424 7.49647536313 7.5040223831 1.75798513606 1.87411884078 1.87600559577
377925104 2 201657.068 201824.916 202326.145 7.47160193261 7.49015753833 7.49639192414 1.86790048315 1.87253938458 1.87409798103
415717600 2 222013.126 222584.585 222711.973 7.46646162575 7.47073477707 7.48996435463 1.86661540644 1.86768369427 1.87249108866
457289360 2 243909.407 243959.364 244896.203 7.4691131083 7.4977955755 7.49933125786 1.86727827707 1.87444889387 1.87483281446
503018288 2 268163.606 269247.319 269694.453 7.46056557567 7.47295519775 7.50315518952 1.86514139392 1.86823879944 1.87578879738
553320112 1 147539.769 148109.31 160636.282 6.88910506532 7.47178029524 7.50062326585 1.72227626633 1.86794507381 1.87515581646
608652112 1 162190.164 162445.804 162923.693 7.47162184692 7.49360213699 7.50541336156 1.86790546173 1.87340053425 1.87635334039
669517312 1 178442.68 178805.77 179488.924 7.46026325279 7.48876629652 7.50400422141 1.8650658132 1.87219157413 1.87600105535
736469040 1 196441.179 196531.682 197035.555 7.47549385186 7.49465971598 7.49811260296 1.86887346296 1.873664929 1.87452815074
810115936 1 215938.358 216133.48 216747.108 7.47521794847 7.49644095862 7.50321474613 1.86880448712 1.87411023965 1.87580368653
891127520 1 237383.598 237859.148 238448.611 7.47437794888 7.49290096675 7.50791147752 1.86859448722 1.87322524169 1.87697786938
980240272 1 261129.294 261950.023 262423.168 7.47068392986 7.48417778913 7.50770054929 1.86767098246 1.87104444728 1.87692513732

META_DATA
ERT_VERSION  1.1.0
HOSTNAME  ('atajo-Inspiron-15-7568', [], ['127.0.1.1'])
MPI_PROCS      1
UNAME  ('Linux', 'atajo-Inspiron-15-7568', '4.15.0-33-generic', '#36-Ubuntu SMP Wed Aug 15 16:00:05 UTC 2018', 'x86_64', 'x86_64')
TIMESTAMP_DATA  1535287331.86
OPENMP_THREADS 2
FLOPS          4
TIMESTAMP_DATA  1535287482.27
TIMESTAMP_DATA  1535287407.68
CONFIG  {'ERT_WORKING_SET_MIN': ['1'], 'ERT_CFLAGS': [], 'ERT_CC': ['mpicc'], 'ERT_MPI_CFLAGS': ['-I/usr/include/mpi'], 'ERT_MPI_LDFLAGS': ['-lmpi'], 'ERT_MEMORY_MAX': ['1073741824'], 'ERT_PROCS_THREADS': ['1-4'], 'ERT_LDFLAGS': [], 'ERT_LDLIBS': [], 'ERT_RUN': ['export', 'OMP_NUM_THREADS=ERT_OPENMP_THREADS;', 'mpirun', '-np', 'ERT_MPI_PROCS', 'ERT_CODE'], 'ERT_FLOPS': ['1,2,4,8,16'], 'ERT_OPENMP_CFLAGS': ['-fopenmp'], 'ERT_MPI': ['True'], 'ERT_TRIALS_MIN': ['1'], 'ERT_DRIVER': ['driver1'], 'ERT_RESULTS': ['Results/myLaptop'], 'ERT_OPENMP': ['True'], 'ERT_MPI_PROCS': ['1,2,4'], 'ERT_KERNEL': ['kernel1'], 'ERT_GPU': [False], 'ERT_OPENMP_THREADS': ['1,2,4'], 'ERT_LD': ['mpicc'], 'ERT_NUM_EXPERIMENTS': ['3'], 'ERT_OPENMP_LDFLAGS': ['-fopenmp'], 'ERT_ALIGN': ['64'], 'ERT_GNUPLOT': ['gnuplot']}
