32 33554432 276945.805 290715.69 305628.121 7.02645961037 7.3868859572 7.75416564985 0.878307451296 0.923360744651 0.969270706231
64 16777216 227779.315 242661.784 242741.601 8.84678868045 8.84969859119 9.4279133643 1.10584858506 1.1062123239 1.17848917054
96 8388608 157676.339 157703.48 168198.263 9.57567995812 10.2129181677 10.2146761284 1.19695999477 1.27661477096 1.27683451605
128 8388608 202185.936 204120.127 220084.48 9.7575424128 10.5206854393 10.6213304965 1.2196928016 1.31508567991 1.32766631206
160 4194304 123028.932 123505.241 134668.365 9.96653727845 10.8673710454 10.9094442923 1.24581715981 1.35842138068 1.36368053654
192 4194304 144741.27 144786.483 162233.879 9.9277212992 11.1240545569 11.1275293909 1.2409651624 1.39050681962 1.39094117386
224 4194304 166339.177 166546.985 183292.242 10.2516515238 11.2823909241 11.2964860467 1.28145644047 1.41029886551 1.41206075584
256 4194304 188139.23 188264.224 205365.801 10.456870801 11.406753776 11.4143320774 1.30710885012 1.425844222 1.42679150967
288 2097152 105126.871 105912.255 113261.132 10.6652611595 11.4052859322 11.490492778 1.33315764494 1.42566074153 1.43631159725
320 2097152 115617.017 115984.858 124419.353 10.7875282071 11.5720043387 11.608821217 1.34844102589 1.44650054234 1.45110265213
352 2097152 126538.446 128728.33 135232.315 10.9174719667 11.4690760612 11.6675607665 1.36468399583 1.43363450765 1.45844509581
384 2097152 137380.094 137430.108 146040.635 11.0285246021 11.7195042588 11.7237708106 1.37856557526 1.46493803236 1.46547135133
416 2097152 148309.423 148371.125 157100.93 11.1064298856 11.7599058712 11.7647984107 1.38830373569 1.4699882339 1.47059980134
448 2097152 159235.236 159250.112 168059.451 11.1808540419 11.7993524049 11.8004547185 1.39760675524 1.47491905061 1.47505683981
480 2097152 170432.585 170557.485 178542.241 11.2761322403 11.8040314677 11.8126819469 1.40951653004 1.47550393347 1.47658524337
512 2097152 180993.597 189484.782 191113.843 11.2366724162 11.3332776666 11.864970273 1.40458405203 1.41665970832 1.48312128412
544 1048576 95901.954 95915.888 100212.816 11.3842793121 11.8942827074 11.8960108779 1.42303491402 1.48678533842 1.48700135974
576 1048576 101348.783 103636.292 105639.633 11.434719316 11.6557581199 11.9188362824 1.4293399145 1.45696976499 1.4898545353
608 1048576 115165.41 115476.816 119388.43 10.6799998626 11.0417697696 11.0716265934 1.33499998283 1.3802212212 1.38395332418
640 1048576 119092.711 119366.092 119745.845 11.2085499083 11.2442089501 11.2700203793 1.40106873854 1.40552611876 1.40875254742
704 1048576 123107.075 123201.995 127412.475 11.5875231841 11.9835316628 11.9927713984 1.44844039801 1.49794145785 1.4990964248
768 1048576 134001.486 134049.138 138624.621 11.6185185891 12.0150920777 12.0193647405 1.45231482364 1.50188650971 1.50242059256
832 1048576 144892.648 149280.291 167183.279 10.4366326252 11.6882841821 12.042229113 1.30457907815 1.46103552277 1.50527863912
896 1048576 155737.484 155807.149 160907.708 11.6778009914 12.0600896946 12.0654844533 1.45972512392 1.50751121183 1.50818555666
960 1048576 167068.26 167130.18 171390.16 11.7466832402 12.0460943679 12.0505589751 1.46833540502 1.50576179598 1.50631987189
1056 524288 96737.382 97496.298 98832.415 11.20377617 11.3573159055 11.4464153682 1.40047202125 1.41966448818 1.43080192102
1152 524288 100642.806 102208.324 105164.549 11.486376003 11.8186024849 12.0024430956 1.43579700038 1.47732531061 1.50030538695
1248 524288 109578.485 111707.742 113688.571 11.5105928106 11.7147014573 11.9423338258 1.43882410133 1.46433768216 1.49279172823
1344 524288 120555.986 120616.506 122878.548 11.4689355216 11.6840239428 11.6898894096 1.4336169402 1.46050299285 1.46123617619
1472 524288 127192.921 128554.572 132473.054 11.6514553367 12.0066042614 12.1351397536 1.45643191709 1.50082553268 1.5168924692
1600 524288 138011.367 140265.281 140954.352 11.9025881514 11.9610611267 12.156401581 1.48782351892 1.49513264084 1.51955019763
1760 524288 153924.751 155059.277 155215.219 11.8899021107 11.9018596998 11.9895841832 1.48623776384 1.48773246247 1.49869802291
1920 524288 168749.968 169917.727 174667.268 11.5262919209 11.8484748798 11.9304669735 1.44078649012 1.48105935998 1.49130837169
2112 262144 93022.575 94061.333 116297.756 9.52121772668 11.7720663814 11.9035218709 1.19015221583 1.47150829768 1.48794023386
2304 262144 100765.411 101181.05 102115.631 11.8293305361 11.9385947467 11.9878392795 1.47866631701 1.49232434334 1.49847990994
2528 262144 112703.72 113205.928 114149.505 11.6110890187 11.7078680191 11.7600383022 1.45138612734 1.46348350238 1.47000478777
2752 262144 123640.828 124038.28 126514.847 11.4045158352 11.6322201179 11.6696126946 1.4255644794 1.45402751473 1.45870158683
3008 262144 132756.14 133298.521 134110.658 11.759380854 11.8310262722 11.8793624461 1.46992260675 1.47887828403 1.48492030576
3296 262144 145064.61 145553.328 146457.303 11.7990241019 11.8723032427 11.91230065 1.47487801274 1.48403790534 1.48903758125
3616 262144 158707.082 159212.634 160010.566 11.8481263794 11.907506084 11.9454367386 1.48101579742 1.4884382605 1.49317959233
3968 262144 173751.504 174965.717 174990.966 11.8884696253 11.8901852298 11.9732764097 1.48605870317 1.48627315373 1.49665955122
4352 131072 94993.2 95261.247 95639.218 11.9286910941 11.9760209312 12.0098142604 1.49108638676 1.49700261639 1.50122678255
4768 131072 103880.32 104216.407 104520.756 11.9584151496 11.993337978 12.0321403708 1.4948018937 1.49916724725 1.50401754635
5216 131072 113452.771 113736.855 114083.466 11.9854625034 12.0219879827 12.0520908564 1.49818281292 1.50274849784 1.50651135705
5728 131072 124867.901 124949.532 125022.069 12.0103662018 12.0173385843 12.0251947856 1.50129577523 1.50216732304 1.50314934821
6272 131072 136255.728 136613.459 159239.584 10.325115946 12.0351770611 12.0667746753 1.29063949326 1.50439713264 1.50834683442
6880 131072 149015.297 149396.14 171655.476 10.5068056203 12.0722712113 12.1031246879 1.31335070254 1.50903390141 1.51289058599
7552 131072 163337.139 163698.278 164065.971 12.0665575923 12.0936610463 12.1204001743 1.50831969903 1.51170763079 1.51505002178
8288 65536 89773.046 89791.384 90037.323 12.0652713764 12.0983182083 12.1007895399 1.50815892205 1.51228977604 1.51259869249
9088 65536 98268.333 98275.791 98360.19 12.1104110921 12.1208114825 12.1217313822 1.51380138652 1.51510143531 1.51521642277
9984 65536 107748.684 107787.747 107984.35 12.1186343021 12.140738483 12.1451399629 1.51482928776 1.51759231038 1.51814249536
10976 65536 118382.796 118443.371 118491.785 12.1413165647 12.1462793557 12.1524944554 1.51766457059 1.51828491947 1.51906180692
12064 65536 129824.245 130060.455 130209.77 12.1438860387 12.1578277425 12.1799484218 1.51798575483 1.51972846781 1.52249355273
13248 65536 142724.171 142832.155 142931.815 12.1487427834 12.157219472 12.1664175299 1.51859284793 1.51965243401 1.52080219124
14560 65536 156425.621 156478.266 198089.822 9.63405540341 12.195996088 12.2001006472 1.20425692543 1.52449951101 1.5250125809
16000 65536 171679.777 171688.231 171709.454 12.2133752752 12.2148850145 12.2154865101 1.5266719094 1.52686062681 1.52693581376
17600 32768 94641.37 96698.706 127045.632 9.0788922204 11.9281182522 12.1874144468 1.13486152755 1.49101478152 1.52342680585
19360 32768 103937.512 103977.629 105592.161 12.0158253035 12.2024032689 12.2071130585 1.50197816294 1.52530040861 1.52588913231
21280 32768 114126.455 114191.621 114330.193 12.1980558539 12.2128582447 12.2198317647 1.52475698174 1.52660728058 1.52747897059
23392 32768 125412.563 125507.96 125572.934 12.2081890035 12.2145090399 12.2238001946 1.52602362544 1.52681362999 1.52797502432
25728 32768 137808.645 138182.853 138822.327 12.1458143257 12.2020219687 12.2351555521 1.51822679071 1.52525274608 1.52939444401
28288 32768 151461.51 151481.557 151482.918 12.2382272039 12.2383371594 12.2399569897 1.52977840049 1.52979214493 1.52999462372
31104 32768 166348.279 166391.948 166590.926 12.2361511095 12.2507835776 12.253999598 1.52951888868 1.5313479472 1.53174994975
34208 16384 91407.678 91451.883 91505.258 12.2498725046 12.2570220233 12.2629495522 1.53123406307 1.53212775291 1.53286869403
37600 16384 100772.429 100967.22 102184.041 12.0574288112 12.2027406519 12.2263282946 1.5071786014 1.52534258148 1.52829103683
41344 16384 110651.519 111506.296 111868.633 12.1102775252 12.1496295779 12.2434848093 1.51378469066 1.51870369723 1.53043560116
45472 16384 121664.708 121752.311 122550.065 12.1585124904 12.2381783455 12.2469902776 1.5198140613 1.52977229319 1.5308737847
50016 16384 133800.487 134704.66 136352.781 12.019734955 12.1667972585 12.2490158649 1.50246686938 1.52084965732 1.53112698312
55008 16384 147247.614 147293.161 148421.275 12.1444997963 12.237514164 12.2412995025 1.51806247453 1.5296892705 1.53016243781
60480 16384 162029.178 162527.718 162904.928 12.1654308702 12.1936655752 12.2311836946 1.52067885878 1.52420819691 1.52889796182
66528 8192 89183.578 89198.186 89626.664 12.1615008676 12.2199206159 12.2219222019 1.52018760846 1.52749007698 1.52774027523
73152 8192 98168.446 98185.281 98910.368 12.1172571919 12.2067417417 12.2088350874 1.51465714899 1.52584271771 1.52610438592
80448 8192 108168.39 110414.129 110715.462 11.9049318694 11.9374218131 12.1852607032 1.48811648368 1.49217772664 1.52315758791
88480 8192 118879.561 119368.014 119881.667 12.0923937436 12.1444285736 12.1943276692 1.51154921795 1.5180535717 1.52429095865
97312 8192 131242.047 131274.124 131587.811 12.116318342 12.1452709751 12.1482394129 1.51453979275 1.51815887189 1.51852992662
107040 8192 144339.009 144383.387 144493.66 12.1371647725 12.1464345479 12.150169051 1.51714559656 1.51830431849 1.51877113137
117728 8192 158725.636 158809.664 159448.602 12.0970364607 12.1457063973 12.1521362308 1.51212955759 1.51821329966 1.51901702886
129472 8192 174293.606 174708.018 174723.033 12.1407533488 12.1417967663 12.170665905 1.51759416859 1.51772459579 1.52133323812
142400 4096 95824.059 95909.005 96421.356 12.0983654285 12.1629955394 12.1737777775 1.51229567856 1.52037444242 1.52172222218
156640 4096 105440.756 105696.556 108109.586 11.8693903795 12.1403660494 12.169818661 1.48367379744 1.51754575617 1.52122733263
172288 4096 115955.112 116256.056 116892.748 12.0741732926 12.1402991342 12.1718074491 1.50927166157 1.51753739177 1.52147593113
189504 4096 127481.419 127850.683 129814.705 11.9587127514 12.142420608 12.1775924694 1.49483909392 1.51780257599 1.52219905867
208448 4096 140316.259 140428.357 144728.127 11.7987156429 12.1599800245 12.1696945755 1.47483945536 1.51999750307 1.52121182193
229280 4096 155110.243 157003.97 159260.16 11.7936699298 11.963148193 12.1092051929 1.47420874122 1.49539352413 1.51365064911
252192 4096 169801.914 174394.975 174809.57 11.8183281613 11.8464242677 12.1668644088 1.47729102017 1.48080303346 1.52085805111
277408 2048 93385.277 93591.55 93616.17 12.1374669355 12.1406597925 12.1674765499 1.51718336693 1.51758247406 1.52093456873
305120 2048 102698.261 103342.397 104413.703 11.9694205271 12.0935023406 12.16935426 1.49617756589 1.51168779257 1.52116928251
335616 2048 113196.653 114827.317 115327.872 11.9197823749 11.9717430653 12.1442030269 1.48997279686 1.49646788316 1.51802537837
369152 2048 124456.135 124657.775 124719.622 12.1235661859 12.1295811031 12.1492330772 1.51544577324 1.51619763789 1.51865413465
406048 2048 137726.649 138918.513 141340.238 11.767155847 11.9722891649 12.0758954064 1.47089448088 1.49653614562 1.5094869258
446624 2048 153084.064 154593.153 154948.935 11.8062889816 11.8334600757 11.9501132659 1.4757861227 1.47918250946 1.49376415823
491264 2048 166111.938 168418.866 193170.968 10.4167689629 11.9476955984 12.1136227066 1.30209612037 1.4934619498 1.51420283833
540384 1024 91218.107 93623.14 95771.302 11.5557208568 11.8208642863 12.1325301346 1.44446510709 1.47760803579 1.51656626683
594400 1024 100128.643 100325.625 102989.122 11.819997844 12.1338013095 12.157672006 1.47749973051 1.51672516369 1.51970900075
653824 1024 110472.537 112426.829 112881.194 11.8623085436 11.9102492164 12.1209450635 1.48278856795 1.48878115205 1.51511813293
719200 1024 121510.045 125572.159 125660.257 11.7214593951 11.7296828511 12.1218093533 1.46518242438 1.46621035639 1.51522616916
791104 1024 134382.333 136268.932 137441.533 11.7881469788 11.8895845753 12.0565029333 1.47351837235 1.48619807191 1.50706286666
870208 1024 148634.361 149076.245 149886.807 11.8902124855 11.9548623189 11.9904036456 1.48627656068 1.49435778987 1.4988004557
957216 1024 163645.51 163864.628 169893.344 11.5388768144 11.9634016928 11.9794204436 1.4423596018 1.4954252116 1.49742755545
1052928 512 89034.835 89175.459 92711.081 11.6296591558 12.0907510215 12.1098474771 1.45370739448 1.51134387769 1.51373093464
1158208 512 97891.455 101107.214 101148.101 11.7254301393 11.7301718154 12.1155109197 1.46567876741 1.46627147693 1.51443886497
1274016 512 108199.86 108855.864 109770.401 11.8847373437 11.9845852677 12.0572465066 1.48559216797 1.49807315847 1.50715581333
1401408 512 118565.268 118981.142 122574.014 11.7075532176 12.0610860501 12.1033909526 1.4634441522 1.50763575626 1.51292386907
1541536 512 132884.519 133018.897 133961.726 11.7834616732 11.8669820574 11.8789824118 1.47293270915 1.48337275718 1.48487280147
1695680 512 145026.258 146328.502 148374.283 11.7026770738 11.8662891799 11.9728409458 1.46283463422 1.48328614749 1.49660511823
1865248 512 159407.186 160820.931 161611.827 11.8185283061 11.8766502602 11.9819814898 1.47731603826 1.48458128252 1.49774768623
2051744 512 175384.99 176077.867 177089.0 11.8640110679 11.9321405455 11.979279732 1.48300138349 1.49151756819 1.4974099665
2256896 256 95748.847 98817.799 98889.859 11.6850278045 11.6935487705 12.0683516116 1.46062847556 1.46169359631 1.50854395145
2482560 256 105344.18 106521.626 108466.954 11.7185066338 11.9325133096 12.065884608 1.46481332923 1.49156416369 1.50823557599
2730816 256 116379.92 117324.194 118046.145 11.8443325023 11.9172162564 12.0139092036 1.48054156279 1.48965203204 1.50173865045
3003872 256 126971.85 130110.061 131475.198 11.6978904569 11.8206267231 12.112782983 1.46223630711 1.47757834039 1.51409787287
3304256 256 144802.502 145095.519 145196.778 11.6516295699 11.6597609882 11.6833552503 1.45645369624 1.45747012353 1.46041940629
3634656 256 158754.407 159927.909 194064.693 9.58929645178 11.636142082 11.722155669 1.19866205647 1.45451776025 1.46526945863
3998112 256 171806.45 173774.84 178406.409 11.4739899507 11.7798027839 11.9147642245 1.43424874383 1.47247534798 1.48934552806
4397920 128 95272.572 95866.616 106300.434 10.5913727502 11.7441041207 11.8173310153 1.32392159377 1.46801301508 1.47716637691
4837696 128 105670.827 107060.868 107530.419 11.5172077587 11.5677202991 11.7198872306 1.43965096983 1.44596503738 1.46498590382
5321440 128 114230.988 117726.988 117792.119 11.5651934235 11.5715917237 11.9257362985 1.44564917794 1.44644896547 1.49071703731
5853568 128 127867.319 129411.274 129579.502 11.5644325288 11.5794656963 11.7192838617 1.44555406611 1.44743321204 1.46491048272
6438912 128 142536.925 142537.194 143726.741 11.4687180724 11.5644304882 11.564452313 1.43358975906 1.44555381103 1.44555653912
7082784 128 153801.33 153860.393 157246.483 11.5308951234 11.7846618525 11.7891874147 1.44136189043 1.47308273156 1.47364842684
7791040 128 172035.358 172379.217 172448.37 11.5658167137 11.5704565476 11.5935832214 1.44572708922 1.44630706844 1.44919790268
8570144 64 94636.965 94810.919 95007.233 11.5462622935 11.5701698029 11.5914371514 1.44328278669 1.44627122536 1.44892964393
9427136 64 104404.728 105082.249 105285.758 11.4609367014 11.483132684 11.5576509907 1.43261708768 1.4353915855 1.44470637383
10369824 64 114540.767 114674.569 114738.464 11.568374072 11.5748198016 11.5883410489 1.446046759 1.4468524752 1.44854263111
11406784 64 126078.192 126318.409 129131.565 11.3068276684 11.5586347513 11.5806574384 1.41335345854 1.44482934392 1.4475821798
12547456 64 138520.541 138569.828 139061.325 11.549396412 11.5903612726 11.5944852396 1.4436745515 1.44879515907 1.44931065494
13802176 64 152187.13 152396.642 153117.872 11.5380295254 11.5926342262 11.6085934993 1.44225369067 1.44907927827 1.45107418742
15182368 64 167181.456 168680.149 169272.2 11.4805804143 11.5208761406 11.624154679 1.43507255178 1.44010951757 1.45301933487
16700576 64 183918.163 184153.621 187669.836 11.3906090268 11.6081004348 11.6229615016 1.42382612835 1.45101255435 1.4528701877
18370624 32 101107.077 101685.1 101699.14 11.5607657646 11.562361998 11.6284633172 1.44509572057 1.44529524975 1.45355791465
20207680 32 111541.568 111761.269 111848.602 11.5628760385 11.5719115537 11.5947044962 1.44535950481 1.44648894422 1.44933806202
22228448 32 122453.321 123022.011 123455.178 11.5233779178 11.5639523402 11.6176569192 1.44042223972 1.44549404253 1.45220711491
24451264 32 134652.508 134991.696 135362.915 11.5606323637 11.5924234036 11.6216245746 1.44507904547 1.44905292545 1.45270307182
26896384 32 148021.844 149015.18 149687.865 11.4997202746 11.5516323639 11.6291523567 1.43746503432 1.44395404549 1.45364404459
29586016 32 163055.521 163107.218 165506.534 11.4406662881 11.6089591081 11.6126397462 1.43008328602 1.45111988851 1.45157996827
32544608 32 179304.12 179718.368 180334.431 11.5499569353 11.5895494444 11.6163248898 1.44374461691 1.44869368055 1.45204061123
35799040 16 98640.518 98954.505 99225.754 11.545080121 11.5767269009 11.6135772929 1.44313501513 1.44709086261 1.45169716161
39378944 16 108680.773 109351.517 112160.111 11.2350656286 11.5236280444 11.5947483001 1.40438320358 1.44045350555 1.44934353752
43316832 16 119981.148 120161.468 122716.251 11.2954772714 11.5356332364 11.5529701716 1.41193465892 1.44195415455 1.44412127145
47648512 16 131715.232 132438.451 133446.696 11.4259283272 11.5129131494 11.576127991 1.4282410409 1.43911414367 1.44701599888
52413344 16 145012.396 145742.129 147779.091 11.3495555877 11.5081824282 11.5660940324 1.41869444846 1.43852280352 1.44576175405
57654656 16 160647.265 161008.2 162319.645 11.366147283 11.4587268971 11.4844718458 1.42076841038 1.43234086214 1.43555898073
63420096 16 176491.105 177503.221 177836.785 11.4118295155 11.4332746221 11.4988405336 1.42647868943 1.42915932776 1.4373550667
69762080 8 97036.003 97437.01 97482.014 11.450248453 11.4555370695 11.5028777515 1.43128105663 1.43194213369 1.43785971893
76738272 8 106784.341 107433.955 107457.255 11.4260535689 11.4285316221 11.4980561804 1.42825669612 1.42856645276 1.43725702254
84412096 8 117767.049 119717.382 120271.573 11.2295324848 11.2815157953 11.4683482983 1.4036915606 1.41018947441 1.43354353729
92853280 8 129710.015 130353.853 130757.848 11.3618608957 11.3970737789 11.4536451175 1.42023261197 1.42463422236 1.43170563969
102138592 8 142721.02 143105.095 147628.903 11.0697664129 11.4197015277 11.4504329636 1.38372080161 1.42746269097 1.43130412044
112352448 8 157776.313 157961.012 161470.743 11.1329094956 11.3802712786 11.3935934604 1.39161368695 1.42253390982 1.42419918255
123587680 8 173678.106 173780.15 173961.783 11.366880966 11.3787614984 11.3854470523 1.42086012075 1.4223451873 1.42318088153
135946432 4 95627.267 96207.827 97175.363 11.1918435128 11.304396845 11.3730266494 1.39898043911 1.41304960562 1.42162833117
149541056 4 105176.206 105276.124 105422.433 11.3479495204 11.3637204956 11.3745160954 1.41849369005 1.42046506195 1.42181451192
164495136 4 115848.481 115879.302 115889.217 11.3553367782 11.3563083768 11.3593296748 1.41941709728 1.4195385471 1.41991620935
180944640 4 127412.035 127952.147 128624.806 11.2541053706 11.3132694835 11.3612275324 1.40676317133 1.41415868543 1.42015344155
199039104 4 140600.497 140767.961 140826.46 11.3069151351 11.3116139545 11.3250867954 1.41336439189 1.41395174432 1.41563584942
218943008 4 154707.492 154954.722 155599.746 11.2567282983 11.3035862437 11.3216499173 1.40709103728 1.41294828047 1.41520623966
240837280 4 170588.681 170768.413 174019.135 11.0717608153 11.2825212002 11.2944084491 1.38397010191 1.41031515003 1.41180105613
264920992 4 187256.093 187832.946 192234.525 11.0249079139 11.2832598388 11.3180185597 1.37811348924 1.41040747985 1.41475231997
291413088 2 103156.24 103401.245 103619.15 11.2493911791 11.2730978433 11.2998724265 1.40617389739 1.40913723041 1.41248405332
320554368 2 113869.454 114149.292 114328.043 11.2152490181 11.2328114308 11.2604164414 1.40190612727 1.40410142886 1.40755205518
352609792 2 124831.718 124994.36 125446.294 11.2433705535 11.2840224791 11.2987243194 1.40542131918 1.41050280989 1.41234053993
387870752 2 137327.795 138726.428 140490.437 11.043335341 11.1837595069 11.2976619773 1.38041691763 1.39796993836 1.41220774716
426657824 2 151144.858 151726.205 151893.271 11.2357268019 11.2480984811 11.2913619331 1.40446585024 1.40601231013 1.41142024163
469323584 2 166535.143 166686.6 168314.407 11.1534976088 11.2624190307 11.2726617468 1.3941872011 1.40780237884 1.40908271835
516255936 2 182987.884 183147.797 183608.759 11.246869459 11.2751765395 11.2850299094 1.40585868237 1.40939706744 1.41062873868
567881504 1 100736.901 100766.097 100847.614 11.2621703474 11.2712811334 11.2745478243 1.40777129343 1.40891014167 1.40931847804
624669632 1 110997.141 111074.438 112028.039 11.1520229681 11.2477657911 11.2555985924 1.39400287101 1.40597072389 1.40694982405
687136576 1 122838.597 122862.416 123487.183 11.1288727997 11.1854641699 11.1876330857 1.39110909996 1.39818302124 1.39845413571
755850208 1 134124.189 134250.562 137453.357 10.9979155766 11.2602911562 11.2709007023 1.37473944707 1.40753639452 1.40886258779
831435200 1 147602.768 148317.774 149314.079 11.1367287743 11.2115382746 11.2658483478 1.39209109678 1.40144228432 1.40823104347
914578720 1 162322.411 162502.18 162634.563 11.247040028 11.2562024706 11.268668502 1.4058800035 1.40702530883 1.40858356275
1006036576 1 178322.717 179153.081 179518.18 11.208186001 11.2310273469 11.2833248946 1.40102325012 1.40387841837 1.41041561183

META_DATA
ERT_VERSION  1.1.0
TIMESTAMP_DATA  1535277779.07
TIMESTAMP_DATA  1535277823.93
FLOPS          2
HOSTNAME  ('atajo-Inspiron-15-7568', [], ['127.0.1.1'])
TIMESTAMP_DATA  1535277869.32
UNAME  ('Linux', 'atajo-Inspiron-15-7568', '4.15.0-33-generic', '#36-Ubuntu SMP Wed Aug 15 16:00:05 UTC 2018', 'x86_64', 'x86_64')
MPI_PROCS      4
CONFIG  {'ERT_WORKING_SET_MIN': ['1'], 'ERT_CFLAGS': [], 'ERT_CC': ['mpicc'], 'ERT_MPI_CFLAGS': ['-I/usr/include/mpi'], 'ERT_MPI_LDFLAGS': ['-lmpi'], 'ERT_MEMORY_MAX': ['1073741824'], 'ERT_PROCS_THREADS': ['1-4'], 'ERT_LDFLAGS': [], 'ERT_LDLIBS': [], 'ERT_RUN': ['export', 'OMP_NUM_THREADS=ERT_OPENMP_THREADS;', 'mpirun', '-np', 'ERT_MPI_PROCS', 'ERT_CODE'], 'ERT_FLOPS': ['1,2,4,8,16'], 'ERT_OPENMP_CFLAGS': ['-fopenmp'], 'ERT_MPI': ['True'], 'ERT_TRIALS_MIN': ['1'], 'ERT_DRIVER': ['driver1'], 'ERT_RESULTS': ['Results/myLaptop'], 'ERT_OPENMP': ['False'], 'ERT_MPI_PROCS': ['1,2,4,8'], 'ERT_KERNEL': ['kernel1'], 'ERT_GPU': [False], 'ERT_OPENMP_THREADS': ['1,2,4,8'], 'ERT_LD': ['mpicc'], 'ERT_NUM_EXPERIMENTS': ['3'], 'ERT_OPENMP_LDFLAGS': ['-fopenmp'], 'ERT_ALIGN': ['64'], 'ERT_GNUPLOT': ['gnuplot']}
