16 67108864 1282623.079 1283201.473 1284143.366 1.6723083301 1.67353583454 1.67429050916 0.836154165048 0.83676791727 0.83714525458
32 33554432 640243.724 640466.555 642255.126 3.34366135989 3.35299889 3.35416587075 1.67183067995 1.676499445 1.67708293537
48 16777216 408468.869 408542.527 409393.254 3.93414576392 3.9423380176 3.94304892792 1.96707288196 1.9711690088 1.97152446396
64 16777216 542529.119 543102.796 573980.496 3.74138783977 3.95410162462 3.95828274058 1.87069391989 1.97705081231 1.97914137029
80 8388608 333443.637 333630.2 344900.963 3.89148603218 4.02294900162 4.02519985709 1.94574301609 2.01147450081 2.01259992855
96 8388608 403181.847 403320.421 411888.881 3.91030884857 3.9933825617 3.99475509124 1.95515442428 1.99669128085 1.99737754562
112 8388608 460579.748 462282.721 462753.601 4.06058037785 4.06471647466 4.07974558187 2.03029018892 2.03235823733 2.03987279093
128 8388608 528798.158 529757.149 530256.554 4.04989553038 4.05371338934 4.0610649177 2.02494776519 2.02685669467 2.03053245885
144 4194304 298198.719 298370.438 298383.01 4.04835232408 4.0485229036 4.05085426272 2.02417616204 2.0242614518 2.02542713136
160 4194304 327060.056 327118.233 327819.302 4.09425946493 4.10303414668 4.10376398884 2.04712973246 2.05151707334 2.05188199442
176 4194304 359422.451 359663.107 360952.041 4.0902802597 4.1049387031 4.10768721846 2.04514012985 2.05246935155 2.05384360923
192 4194304 416099.582 416569.596 417487.863 3.85786720703 3.86637131338 3.87073865409 1.92893360351 1.93318565669 1.93536932705
208 4194304 425264.667 425628.664 426047.225 4.09539215752 4.09941954473 4.10292836296 2.04769607876 2.04970977237 2.05146418148
224 4194304 455387.185 455735.611 458172.168 4.10118362318 4.12311030046 4.12626497603 2.05059181159 2.06155515023 2.06313248802
240 4194304 486563.257 486670.035 486778.2 4.13589992321 4.13681914893 4.13772698829 2.0679499616 2.06840957447 2.06886349415
256 4194304 518270.427 519045.505 520641.803 4.12468540871 4.13737066849 4.14355814286 2.06234270436 2.06868533425 2.07177907143
272 2097152 277959.865 278216.323 278573.109 4.09533673977 4.10058862003 4.10437200349 2.04766836989 2.05029431001 2.05218600175
288 2097152 291497.636 291959.329 292361.17 4.13173730287 4.13742405881 4.14397718134 2.06586865144 2.06871202941 2.07198859067
304 2097152 311793.396 317027.926 318207.065 4.00703993169 4.02194353062 4.08946575636 2.00351996584 2.01097176531 2.04473287818
320 2097152 328031.457 329860.466 330131.731 4.06558096047 4.0689243433 4.09161149444 2.03279048023 2.03446217165 2.04580574722
352 2097152 356162.735 356647.353 357738.967 4.12701758598 4.13964942003 4.14528209415 2.06350879299 2.06982471001 2.07264104708
384 2097152 390328.044 391205.845 391531.807 4.11361914206 4.11704670721 4.12630545193 2.05680957103 2.05852335361 2.06315272597
416 2097152 423662.052 431015.508 431326.621 4.04526495479 4.04818488341 4.11844878663 2.0226324774 2.0240924417 2.05922439331
448 2097152 455527.121 461044.109 462273.859 4.06479439712 4.07563648536 4.12499740493 2.03239719856 2.03781824268 2.06249870246
480 2097152 479892.291 487917.028 488092.592 4.1247622951 4.1262464814 4.19524538684 2.06238114755 2.0631232407 2.09762269342
528 1048576 271055.266 271205.445 273006.475 4.05593404332 4.08286882293 4.0851309489 2.02796702166 2.04143441147 2.04256547445
576 1048576 295109.505 295144.194 295153.38 4.09265024172 4.09277762042 4.09325871086 2.04632512086 2.04638881021 2.04662935543
624 1048576 318624.738 318700.327 319035.339 4.10181158019 4.10612333008 4.10709744703 2.05090579009 2.05306166504 2.05354872351
672 1048576 342655.731 342845.65 342935.094 4.10948359808 4.11055570925 4.11283400948 2.05474179904 2.05527785463 2.05641700474
736 1048576 374617.233 374714.573 375044.411 4.1155229267 4.1191455663 4.12021587912 2.05776146335 2.05957278315 2.06010793956
800 1048576 406212.573 406294.972 406789.609 4.12429807173 4.12931912926 4.13015674923 2.06214903587 2.06465956463 2.06507837462
880 1048576 444891.17 444908.231 446303.228 4.13506702219 4.14803240626 4.14819147793 2.0675335111 2.07401620313 2.07409573896
960 1048576 486067.506 486652.831 486770.943 4.13596158306 4.13696539248 4.14194714756 2.06798079153 2.06848269624 2.07097357378
1056 524288 266468.05 266627.212 266734.878 4.15129908883 4.15297541348 4.15545599557 2.07564954441 2.07648770674 2.07772799778
1152 524288 291009.651 291162.761 291414.678 4.14515686132 4.14874329345 4.15092608733 2.07257843066 2.07437164672 2.07546304366
1264 524288 318391.431 318392.436 318453.947 4.16198347198 4.16278753557 4.16280067537 2.08099173599 2.08139376778 2.08140033769
1376 524288 345773.827 346342.062 346751.273 4.16102459702 4.16594094194 4.17278713232 2.08051229851 2.08297047097 2.08639356616
1504 524288 378254.315 378268.362 378575.485 4.16576975131 4.16915201594 4.1693068432 2.08288487565 2.08457600797 2.0846534216
1648 524288 413085.482 413294.798 414237.768 4.17164580705 4.1811637997 4.18328245194 2.08582290353 2.09058189985 2.09164122597
1808 524288 452307.342 452405.437 452668.15 4.18811309786 4.1905451459 4.19145397821 2.09405654893 2.09527257295 2.09572698911
1984 524288 499234.6 500119.351 501766.134 4.14610441605 4.15975662577 4.16712860847 2.07305220802 2.07987831289 2.08356430424
2176 262144 273598.745 273873.871 274953.438 4.14925049237 4.16560617424 4.16979503323 2.07462524618 2.08280308712 2.08489751662
2384 262144 298112.405 298452.568 299077.754 4.17918944249 4.18794383434 4.19272251351 2.08959472124 2.09397191717 2.09636125675
2608 262144 325716.532 326038.572 326076.622 4.19331841582 4.19380779278 4.19795426288 2.09665920791 2.09690389639 2.09897713144
2864 262144 357605.776 359101.764 359226.248 4.17998640233 4.1814354106 4.1989277936 2.08999320116 2.0907177053 2.0994638968
3136 262144 392862.055 393144.058 403521.408 4.07454755907 4.18209848157 4.1851004623 2.03727377954 2.09104924078 2.09255023115
3440 262144 428470.214 429451.317 440803.35 4.09150865119 4.19966279903 4.20927910756 2.0457543256 2.09983139952 2.10463955378
3776 262144 473556.76 484299.246 484345.504 4.08739519961 4.08778560849 4.18051573797 2.0436975998 2.04389280424 2.09025786898
4144 131072 257809.69 265348.332 266758.7 4.07231230322 4.09395728178 4.21366914486 2.03615615161 2.04697864089 2.10683457243
4544 131072 284807.55 290902.616 291000.533 4.09340259181 4.09478041958 4.18241137217 2.0467012959 2.04739020979 2.09120568609
4992 131072 312245.394 319058.913 319663.547 4.09375063338 4.10150851357 4.19100769185 2.04687531669 2.05075425679 2.09550384593
5488 131072 350147.644 350270.892 350895.024 4.09993352314 4.10723901089 4.10868471244 2.04996676157 2.05361950544 2.05434235622
6032 131072 383993.745 384838.717 385125.424 4.10581205358 4.10887090656 4.11791241027 2.05290602679 2.05443545328 2.05895620513
6624 131072 422306.137 422793.224 428542.454 4.051971607 4.10707115779 4.11180824493 2.0259858035 2.0535355789 2.05590412246
7280 131072 462725.512 463377.122 463459.52 4.11774542899 4.11847764897 4.12427728861 2.05887271449 2.05923882448 2.0621386443
8000 131072 507727.77 508667.535 508683.661 4.12270367772 4.12283437747 4.13046542638 2.06135183886 2.06141718873 2.06523271319
8800 65536 279471.116 279632.812 279876.928 4.12121716585 4.12481493767 4.12720146722 2.06060858293 2.06240746883 2.06360073361
9680 65536 307260.425 307335.931 308107.22 4.11797217865 4.12830662484 4.12932111254 2.05898608932 2.06415331242 2.06466055627
10640 65536 337293.266 337483.386 351063.092 3.97252263704 4.13236958574 4.13469885284 1.98626131852 2.06618479287 2.06734942642
11696 65536 370993.718 371602.002 372334.15 4.11731803811 4.12543017462 4.13219425996 2.05865901906 2.06271508731 2.06609712998
12864 65536 407368.894 409111.804 409204.282 4.1204608118 4.12139222461 4.13902542102 2.0602304059 2.0606961123 2.06951271051
14144 65536 448521.258 449166.06 449965.859 4.12005117926 4.12738747001 4.13332107438 2.06002558963 2.06369373501 2.06666053719
15552 65536 493102.79 493307.877 493398.078 4.13141403441 4.13216946057 4.13388807636 2.0657070172 2.06608473029 2.06694403818
17104 32768 271212.287 271312.48 272719.869 4.11017997372 4.13150085835 4.13302714416 2.05508998686 2.06575042917 2.06651357208
18800 32768 297795.698 298371.399 298910.078 4.12189782373 4.12933948807 4.13732235984 2.06094891187 2.06466974403 2.06866117992
20672 32768 327957.562 327991.759 329547.527 4.1109705915 4.13047021709 4.13090091211 2.05548529575 2.06523510854 2.06545045606
22736 32768 360671.236 361363.783 362070.797 4.11529045796 4.12334208932 4.13125957181 2.05764522898 2.06167104466 2.0656297859
25008 32768 396532.002 396772.349 397286.464 4.12529606848 4.13064139205 4.13314506707 2.06264803424 2.06532069602 2.06657253353
27504 32768 435607.938 435703.163 436114.755 4.1330914016 4.13699577389 4.13790013165 2.0665457008 2.06849788694 2.06895006583
30240 32768 478942.58 479022.991 480975.77 4.12039184427 4.13718898098 4.13788358513 2.06019592214 2.06859449049 2.06894179256
33264 16384 263453.959 264202.662 264414.258 4.12229945633 4.12560094493 4.13732538367 2.06114972817 2.06280047246 2.06866269184
36576 16384 289852.3 290212.824 290369.549 4.12757595322 4.12980498753 4.13494172032 2.06378797661 2.06490249376 2.06747086016
40224 16384 318974.288 319357.71 319545.313 4.12479851332 4.12722157859 4.13218269179 2.06239925666 2.06361078929 2.0660913459
44240 16384 351081.798 351251.483 351469.718 4.12455539057 4.12711800565 4.12911272603 2.06227769529 2.06355900282 2.06455636302
48656 16384 386105.146 386588.214 386702.469 4.12296257669 4.12418110605 4.12934099563 2.06148128834 2.06209055302 2.06467049781
53520 16384 424947.099 425022.112 426796.463 4.10908597431 4.12624028371 4.12696866063 2.05454298716 2.06312014185 2.06348433032
58864 16384 467767.847 467933.403 468016.506 4.1213408657 4.12207279847 4.12353171423 2.06067043285 2.06103639923 2.06176585711
64736 16384 513539.616 514150.058 514480.557 4.12312811269 4.12577848625 4.13068277872 2.06156405635 2.06288924312 2.06534138936
71200 8192 286703.968 288896.622 289076.594 4.03540384871 4.03791775731 4.06879893619 2.01770192436 2.01895887865 2.0343994681
78320 8192 312494.108 317375.474 317693.071 4.03910250847 4.04314443025 4.10630103784 2.01955125424 2.02157221512 2.05315051892
86144 8192 343783.543 344516.366 344887.405 4.09230164842 4.0967089964 4.10544170813 2.04615082421 2.0483544982 2.05272085406
94752 8192 378095.688 378569.07 379533.222 4.09033169697 4.10074908655 4.10588329164 2.04516584849 2.05037454328 2.05294164582
104224 8192 415796.648 416599.791 421042.318 4.05566363047 4.09891232039 4.10682968276 2.02783181523 2.04945616019 2.05341484138
114640 8192 457457.19 458084.82 465679.04 4.03338264913 4.10024885784 4.10587438794 2.01669132457 2.05012442892 2.05293719397
126096 8192 502259.207 503001.221 503720.981 4.10139132958 4.10726013725 4.11332800914 2.05069566479 2.05363006862 2.05666400457
138704 4096 276539.99 277779.029 278054.584 4.08647522243 4.09052897942 4.10885661781 2.04323761122 2.04526448971 2.0544283089
152560 4096 304266.074 304947.16 305168.455 4.09534963239 4.0983215584 4.10749546793 2.04767481619 2.0491607792 2.05374773397
167808 4096 333485.782 334211.606 338791.434 4.05760889456 4.1132118434 4.12216415271 2.02880444728 2.0566059217 2.06108207636
184576 4096 366367.983 367283.466 368440.071 4.10391461465 4.11683816989 4.12712535527 2.05195730733 2.05841908495 2.06356267764
203024 4096 403480.243 403998.261 404750.938 4.1091260127 4.11678160169 4.12206703266 2.05456300635 2.05839080085 2.06103351633
223312 4096 442899.935 446581.7 466098.206 3.92486364558 4.09638797111 4.1304406694 1.96243182279 2.04819398556 2.0652203347
245632 4096 488213.199 488732.914 490335.354 4.10375741334 4.11721266638 4.12159554089 2.05187870667 2.05860633319 2.06079777044
270192 2048 267521.505 268553.89 270503.534 4.0912827113 4.12098455174 4.1368877317 2.04564135565 2.06049227587 2.06844386585
297200 2048 294340.089 295635.789 296444.679 4.10643633108 4.11767196427 4.13579816509 2.05321816554 2.05883598213 2.06789908255
326912 2048 323027.492 325596.673 326074.943 4.10651471616 4.11254678883 4.14525569855 2.05325735808 2.05627339442 2.07262784927
359600 2048 355063.318 357801.677 358284.326 4.11104112883 4.11658663076 4.1483350302 2.05552056441 2.05829331538 2.0741675151
395552 2048 391008.034 392766.195 394879.396 4.10297677826 4.12505203509 4.14360026168 2.05148838913 2.06252601755 2.07180013084
435104 2048 430650.356 431668.106 432624.448 4.1194758924 4.12860241289 4.13835948158 2.0597379462 2.06430120645 2.06917974079
478608 2048 472954.37 474983.166 475308.324 4.12443516979 4.12725862373 4.14496300774 2.0622175849 2.06362931186 2.07248150387
526464 1024 259891.187 260369.943 260876.127 4.13298941685 4.14102434243 4.14865268979 2.06649470843 2.07051217121 2.07432634489
579104 1024 286191.083 286570.302 286855.234 4.13450706638 4.13861793676 4.14410183423 2.06725353319 2.06930896838 2.07205091711
637008 1024 314526.746 315458.105 315764.152 4.13154050495 4.13554878864 4.1477947443 2.06577025248 2.06777439432 2.07389737215
700704 1024 345680.68 345865.734 347024.022 4.13528084808 4.14912970824 4.15135087098 2.06764042404 2.07456485412 2.07567543549
770768 1024 380156.954 381505.005 384553.723 4.10484353574 4.13764654018 4.15231879199 2.05242176787 2.06882327009 2.076159396
847840 1024 418162.151 418355.908 420680.516 4.12754157599 4.15047639294 4.15239953173 2.063770788 2.07523819647 2.07619976587
932624 1024 460086.3 460256.656 462659.203 4.12833882827 4.14988882203 4.15142539997 2.06416941413 2.07494441102 2.07571269999
1025872 1024 505856.23 506120.351 506473.413 4.1482648488 4.15115861642 4.15332604681 2.0741324244 2.07557930821 2.0766630234
1128448 512 278239.648 278424.32 288424.918 4.00634854995 4.15025078269 4.15300536895 2.00317427498 2.07512539135 2.07650268448
1241280 512 306104.078 306493.384 328144.336 3.87351107593 4.14713917609 4.15241354609 1.93675553797 2.07356958805 2.07620677304
1365408 512 336745.119 336750.151 336872.316 4.1504680723 4.15197376407 4.15203580724 2.07523403615 2.07598688204 2.07601790362
1501936 512 370234.003 370236.902 370855.511 4.14712042394 4.15404962523 4.1540821522 2.07356021197 2.07702481262 2.0770410761
1652128 512 407018.86 407523.477 407600.555 4.15058088427 4.15136591505 4.15651272769 2.07529044213 2.07568295752 2.07825636385
1817328 512 448079.823 448245.672 449503.247 4.14000095532 4.15161592904 4.15315257791 2.07000047766 2.07580796452 2.07657628895
1999056 512 493004.108 493279.457 494040.597 4.1434516848 4.14984511305 4.15216285378 2.0717258424 2.07492255653 2.07608142689
2198960 256 270981.446 271352.794 281724.873 3.99633695105 4.14909131173 4.15477715031 1.99816847553 2.07454565587 2.07738857516
2418848 256 298021.157 298416.772 298423.318 4.14997790488 4.15006893781 4.15557804173 2.07498895244 2.07503446891 2.07778902086
2660720 256 328057.478 328281.982 328574.066 4.14606258061 4.14975147798 4.1525913334 2.0730312903 2.07487573899 2.0762956667
2926784 256 360857.083 360996.106 361750.414 4.14239583427 4.15105144652 4.1526506714 2.07119791714 2.07552572326 2.0763253357
3219456 256 397140.552 397175.786 397584.019 4.14594499081 4.15020635724 4.15057456031 2.07297249541 2.07510317862 2.07528728016
3541392 256 437792.518 437995.688 438598.086 4.13406433333 4.13975012466 4.14167129279 2.06703216667 2.06987506233 2.0708356464
3895520 256 481006.204 482492.071 483193.104 4.12776222071 4.13375961985 4.14652913708 2.06388111036 2.06687980993 2.07326456854
4285072 128 264857.584 264926.723 265715.41 4.12839598577 4.14068622288 4.14176711663 2.06419799288 2.07034311144 2.07088355831
4713568 128 291471.651 291706.39 293213.663 4.11533826785 4.13660258865 4.13993403427 2.05766913392 2.06830129433 2.06996701714
5184912 128 320414.089 320664.661 322212.884 4.11944257325 4.13933193593 4.14256899921 2.05972128663 2.06966596796 2.0712844996
5703392 128 352804.146 353312.572 353948.834 4.12508309605 4.13251174091 4.13846710293 2.06254154802 2.06625587045 2.06923355147
6273728 128 387935.363 388060.043 388691.789 4.13199973206 4.13872645992 4.14005662072 2.06599986603 2.06936322996 2.07002831036
6901088 128 427184.494 427238.723 427837.381 4.12932251004 4.13510862404 4.13563355603 2.06466125502 2.06755431202 2.06781677801
7591184 128 469500.904 469606.827 470244.23 4.13262509143 4.13823435322 4.13916797059 2.06631254572 2.06911717661 2.0695839853
8350288 128 516232.36 516659.492 517401.135 4.13155979644 4.137490477 4.1409138474 2.06577989822 2.0687452385 2.0704569237
9185312 64 283874.303 284120.815 285217.41 4.1221885298 4.13809856205 4.14169202205 2.0610942649 2.06904928103 2.07084601102
10103840 64 312482.119 312676.686 312974.766 4.13225493074 4.13619427961 4.13876968109 2.06612746537 2.0680971398 2.06938484055
11114224 64 343230.524 343523.596 343624.906 4.14003946501 4.1412604216 4.14479649252 2.0700197325 2.0706302108 2.07239824626
12225632 64 377517.59 378134.436 378259.43 4.13705719379 4.13842471623 4.14518670772 2.06852859689 2.06921235811 2.07259335386
13448192 64 414931.214 415285.77 416294.592 4.13497703088 4.14502181474 4.14856370868 2.06748851544 2.07251090737 2.07428185434
14793008 64 457019.687 457294.144 462440.925 4.09458791736 4.14067192603 4.14315855063 2.04729395868 2.07033596302 2.07157927531
16272304 64 501265.926 505083.742 575207.491 3.62104969874 4.12378134317 4.15518949916 1.81052484937 2.06189067159 2.07759474958
17899520 32 275604.419 275678.409 276102.849 4.14906721951 4.1554552065 4.15657079867 2.07453360976 2.07772760325 2.07828539934
19689472 32 302858.739 303171.844 303859.094 4.14707419617 4.15647505842 4.16077215457 2.07353709809 2.07823752921 2.08038607729
21658416 32 333578.887 333677.049 334284.598 4.14658238008 4.15413235089 4.15535478419 2.07329119004 2.07706617544 2.07767739209
23824256 32 366853.486 367899.27 369701.3 4.12428191083 4.14448330925 4.1562979287 2.06214095541 2.07224165462 2.07814896435
26206672 32 403193.964 403761.817 405012.533 4.14117310291 4.15400104067 4.15985148032 2.07058655145 2.07700052033 2.07992574016
28827328 32 443587.902 444129.868 473497.591 3.8964274097 4.15407547416 4.15915083275 1.94821370485 2.07703773708 2.07957541637
31710048 32 487536.285 488539.221 488967.573 4.15046556063 4.15410469572 4.16265031843 2.07523278031 2.07705234786 2.08132515921
34881040 16 268116.662 268788.978 269053.426 4.14859344701 4.15267504012 4.16308808141 2.07429672351 2.07633752006 2.08154404071
38369136 16 294839.041 295384.249 295852.489 4.1500828881 4.15666155578 4.16434793654 2.07504144405 2.07833077789 2.08217396827
42206048 16 324254.283 325026.644 325595.338 4.14807393833 4.15533175797 4.16522959544 2.07403696917 2.07766587899 2.08261479772
46426640 16 357012.053 357234.559 357723.741 4.15307207692 4.15875911938 4.16135104548 2.07653603846 2.07937955969 2.08067552274
51069296 16 392298.524 393220.258 393703.969 4.15087883455 4.15598494419 4.165749734 2.07543941727 2.0779924721 2.082874867
56176224 16 432166.095 432517.013 432649.319 4.15495665671 4.15622764878 4.15960249728 2.07747832835 2.07811382439 2.07980124864
61793840 16 474667.645 475552.038 476070.12 4.15359586105 4.15812092472 4.16586826768 2.07679793052 2.07906046236 2.08293413384
67973216 8 261548.617 261772.423 262320.661 4.14596186154 4.1546448764 4.15819998773 2.07298093077 2.0773224382 2.07909999386
74770528 8 287119.75 288015.704 289419.835 4.13353994207 4.15369173064 4.16665327969 2.06676997104 2.07684586532 2.08332663984
82247568 8 316142.06 316607.158 316903.449 4.15256158351 4.15644768208 4.16256251383 2.07628079176 2.07822384104 2.08128125691
90472320 8 347529.098 348296.434 348365.404 4.1552838008 4.15610663416 4.16528321896 2.0776419004 2.07805331708 2.08264160948
99519552 8 382193.125 382980.246 404323.304 3.93821680879 4.15768919841 4.16625189686 1.9691084044 2.07884459921 2.08312594843
109471504 8 420494.546 421402.026 428464.481 4.08795627566 4.15646806596 4.16543824566 2.04397813783 2.07823403298 2.08271912283
120418640 8 463450.797 464495.773 474073.263 4.06413605317 4.14793492642 4.15728757502 2.03206802658 2.07396746321 2.07864378751
132460496 8 509118.143 509320.27 509583.543 4.15901958592 4.16116942685 4.16282146912 2.07950979296 2.08058471343 2.08141073456
145706544 4 279928.498 280524.825 280696.41 4.15271556911 4.15525560706 4.16410747862 2.07635778455 2.07762780353 2.08205373931
160277184 4 308005.979 308625.861 308751.129 4.15291589752 4.15460152252 4.16296292742 2.07645794876 2.07730076126 2.08148146371
176304896 4 338845.409 339006.845 339211.471 4.15799372539 4.16050350842 4.16248569565 2.0789968627 2.08025175421 2.08124284783
193935376 4 372537.074 372770.208 373416.625 4.15483110319 4.16203595326 4.1646405587 2.0774155516 2.08101797663 2.08232027935
213328912 4 410390.851 410396.122 411233.397 4.15003087894 4.15849761855 4.15855102969 2.07501543947 2.07924880928 2.07927551484
234661792 4 451574.825 451854.434 452855.532 4.1454596518 4.1546440507 4.15721654988 2.0727298259 2.07732202535 2.07860827494
258127968 4 496020.743 496502.151 496593.913 4.15837506248 4.15914360057 4.16318021603 2.07918753124 2.07957180028 2.08159010802
283940752 2 273008.626 273140.696 284103.029 3.99771523731 4.15816106729 4.16017260934 1.99885761866 2.07908053365 2.08008630467
312334816 2 300084.964 300338.71 302116.826 4.13528528199 4.15976769694 4.16328511548 2.067642641 2.07988384847 2.08164255774
343568288 2 330031.677 330366.208 330719.188 4.15540797711 4.1598478256 4.16406438464 2.07770398856 2.0799239128 2.08203219232
377925104 2 363150.324 363515.485 363585.389 4.15775897969 4.15855851643 4.16274009988 2.07887948985 2.07927925821 2.08137004994
415717600 2 399353.64 399426.051 401771.465 4.13884644595 4.16314958886 4.16390445321 2.06942322298 2.08157479443 2.0819522266
457289360 2 439573.01 439823.364 440041.881 4.15678034064 4.15884554964 4.16121417464 2.07839017032 2.07942277482 2.08060708732
503018288 2 483485.716 483567.452 484717.022 4.15102639412 4.16089450123 4.16159792402 2.07551319706 2.08044725061 2.08079896201
553320112 1 265803.557 266008.122 266363.583 4.15462283371 4.1601745679 4.16337627867 2.07731141685 2.08008728395 2.08168813934
608652112 1 292260.424 292370.813 292868.804 4.15648306468 4.1635627425 4.16513535202 2.07824153234 2.08178137125 2.08256767601
669517312 1 321543.937 321544.549 322035.752 4.15803095055 4.16438290795 4.16439083409 2.07901547528 2.08219145397 2.08219541704
736469040 1 353275.477 353693.959 354230.93 4.15812950044 4.16444228837 4.16937539087 2.07906475022 2.08222114418 2.08468769543
810115936 1 388418.773 388927.069 401646.262 4.03397722148 4.1659015305 4.1713531493 2.01698861074 2.08295076525 2.08567657465
891127520 1 427594.436 428890.93 449422.882 3.96565264338 4.15549715635 4.16809689264 1.98282632169 2.07774857818 2.08404844632
980240272 1 470339.092 471424.679 478440.763 4.09764530034 4.15862942975 4.16822793883 2.04882265017 2.07931471488 2.08411396942

META_DATA
ERT_VERSION  1.1.0
FLOPS          8
UNAME  ('Linux', 'atajo-Inspiron-15-7568', '4.15.0-33-generic', '#36-Ubuntu SMP Wed Aug 15 16:00:05 UTC 2018', 'x86_64', 'x86_64')
HOSTNAME  ('atajo-Inspiron-15-7568', [], ['127.0.1.1'])
MPI_PROCS      2
TIMESTAMP_DATA  1535280047.88
TIMESTAMP_DATA  1535279914.97
CONFIG  {'ERT_WORKING_SET_MIN': ['1'], 'ERT_CFLAGS': [], 'ERT_CC': ['mpicc'], 'ERT_MPI_CFLAGS': ['-I/usr/include/mpi'], 'ERT_MPI_LDFLAGS': ['-lmpi'], 'ERT_MEMORY_MAX': ['1073741824'], 'ERT_PROCS_THREADS': ['1-4'], 'ERT_LDFLAGS': [], 'ERT_LDLIBS': [], 'ERT_RUN': ['export', 'OMP_NUM_THREADS=ERT_OPENMP_THREADS;', 'mpirun', '-np', 'ERT_MPI_PROCS', 'ERT_CODE'], 'ERT_FLOPS': ['1,2,4,8,16'], 'ERT_OPENMP_CFLAGS': ['-fopenmp'], 'ERT_MPI': ['True'], 'ERT_TRIALS_MIN': ['1'], 'ERT_DRIVER': ['driver1'], 'ERT_RESULTS': ['Results/myLaptop'], 'ERT_OPENMP': ['False'], 'ERT_MPI_PROCS': ['1,2,4,8'], 'ERT_KERNEL': ['kernel1'], 'ERT_GPU': [False], 'ERT_OPENMP_THREADS': ['1,2,4,8'], 'ERT_LD': ['mpicc'], 'ERT_NUM_EXPERIMENTS': ['3'], 'ERT_OPENMP_LDFLAGS': ['-fopenmp'], 'ERT_ALIGN': ['64'], 'ERT_GNUPLOT': ['gnuplot']}
TIMESTAMP_DATA  1535280180.87
