32 33554432 671448.324 672194.859 673822.553 3.18701657942 3.1947338175 3.19828581179 1.59350828971 1.59736690875 1.5991429059
64 16777216 484022.936 485618.833 532483.606 4.03295730385 4.4221589075 4.43673943584 2.01647865193 2.21107945375 2.21836971792
96 8388608 346443.296 346810.993 347419.812 4.63592656598 4.64406483217 4.64899380244 2.31796328299 2.32203241608 2.32449690122
128 8388608 451275.239 451756.609 451888.277 4.75224465272 4.75362973162 4.75870037266 2.37612232636 2.37681486581 2.37935018633
160 4194304 278607.556 278951.162 281246.453 4.77224606989 4.81151349353 4.81744752106 2.38612303495 2.40575674677 2.40872376053
192 4194304 330822.655 331441.843 333570.636 4.82840083082 4.85941280504 4.86850798051 2.41420041541 2.42970640252 2.43425399025
224 4194304 382766.271 384685.831 384786.625 4.8833511092 4.88463062732 4.90912688595 2.4416755546 2.44231531366 2.45456344297
256 4194304 434263.812 434577.083 435095.393 4.93566165616 4.94154830525 4.94511305952 2.46783082808 2.47077415263 2.47255652976
288 2097152 243124.651 243153.087 243341.884 4.96404290188 4.96789724903 4.96847829717 2.48202145094 2.48394862451 2.48423914858
320 2097152 269025.727 269568.459 270886.907 4.95475139372 4.97898487449 4.98902946929 2.47737569686 2.48949243724 2.49451473464
352 2097152 295365.87 295664.938 297988.678 4.95453390347 4.99347341618 4.99852947803 2.47726695173 2.49673670809 2.49926473902
384 2097152 320971.325 321173.17 321317.925 5.01252065536 5.01477983357 5.01793341196 2.50626032768 2.50738991679 2.50896670598
416 2097152 347500.634 347517.325 363677.701 4.7977383799 5.02084454063 5.02108569966 2.39886918995 2.51042227031 2.51054284983
448 2097152 373270.233 378913.196 387430.374 4.85002807756 4.9590465886 5.03401564303 2.42501403878 2.4795232943 2.51700782152
480 2097152 398694.132 413470.318 413710.77 4.866360912 4.86919092461 5.04965024165 2.433180456 2.4345954623 2.52482512083
512 2097152 429144.42 442610.719 443072.36 4.84680120421 4.85185639618 5.00410479064 2.4234006021 2.42592819809 2.50205239532
544 1048576 226052.235 233335.994 234551.863 4.8639591833 4.88930433939 5.04684542491 2.43197959165 2.44465216969 2.52342271245
576 1048576 238362.256 246652.284 249459.906 4.8422993954 4.89741887815 5.06774676608 2.4211496977 2.44870943907 2.53387338304
608 1048576 264709.259 264954.776 265313.252 4.80589795794 4.81240019618 4.81686368213 2.40294897897 2.40620009809 2.40843184106
640 1048576 264821.954 272506.734 272657.387 4.92257809248 4.92529949737 5.06822512155 2.46128904624 2.46264974868 2.53411256077
704 1048576 289865.147 294119.94 299687.935 4.92644125964 5.01970389359 5.09338574603 2.46322062982 2.50985194679 2.54669287301
768 1048576 316074.838 318206.217 326725.588 4.9295579996 5.06153761289 5.09566894407 2.4647789998 2.53076880644 2.54783447204
832 1048576 341573.14 341777.476 341800.038 5.10482817442 5.10516516308 5.10821917672 2.55241408721 2.55258258154 2.55410958836
896 1048576 367193.967 377647.311 377873.726 4.97268813021 4.97566946002 5.11731771454 2.48634406511 2.48783473001 2.55865885727
960 1048576 394115.244 397424.902 424778.308 4.73956857514 5.06577698043 5.1083178097 2.36978428757 2.53288849021 2.55415890485
1056 524288 224543.801 224599.017 224679.732 4.92833174645 4.93010285971 4.93131518692 2.46416587323 2.46505142986 2.46565759346
1152 524288 239430.656 243234.489 243935.16 4.95196982674 4.96623466913 5.04513320132 2.47598491337 2.48311733457 2.52256660066
1248 524288 259897.864 262230.045 262508.931 4.98506029115 4.99036198541 5.035142759 2.49253014557 2.4951809927 2.5175713795
1344 524288 283998.202 284004.984 284585.789 4.95206084939 4.96218807202 4.96230657122 2.4760304247 2.48109403601 2.48115328561
1472 524288 300003.342 307224.129 307448.113 5.02037191557 5.02403205446 5.14495559186 2.51018595778 2.51201602723 2.57247779593
1600 524288 325628.046 327163.494 328398.197 5.10880271368 5.12808314732 5.15226381944 2.55440135684 2.56404157366 2.57613190972
1760 524288 358044.747 368909.34 369739.117 4.99134031307 5.002567189 5.15436625021 2.49567015653 2.5012835945 2.5771831251
1920 524288 390692.862 401829.058 402202.449 5.00560333485 5.01025468397 5.15306553003 2.50280166743 2.50512734199 2.57653276501
2112 262144 214418.593 219736.842 220261.008 5.02720052929 5.03919254469 5.16418021641 2.51360026465 2.51959627234 2.5820901082
2304 262144 233268.864 233678.206 233885.263 5.16475273605 5.16932910723 5.17840028577 2.58237636802 2.58466455361 2.58920014289
2528 262144 263560.104 263926.361 264679.707 5.00756207955 5.0218555622 5.02883419715 2.50378103978 2.5109277811 2.51441709858
2752 262144 286547.023 286937.601 289045.937 4.99173450067 5.02841234809 5.03526632695 2.49586725033 2.51420617405 2.51763316348
3008 262144 311728.574 312027.158 314641.227 5.01224305231 5.05423410612 5.05907521971 2.50612152615 2.52711705306 2.52953760986
3296 262144 341033.361 341207.927 342197.548 5.04987033981 5.06451671036 5.06710910315 2.5249351699 2.53225835518 2.53355455157
3616 262144 372913.197 373636.793 373672.868 5.07348959572 5.07397944613 5.08382493098 2.53674479786 2.53698972307 2.54191246549
3968 262144 408639.233 410262.703 411561.815 5.05482945253 5.07083575667 5.0909815211 2.52741472627 2.53541787833 2.54549076055
4352 131072 225731.474 225931.875 230863.172 4.94167466433 5.04953401551 5.05401691569 2.47083733217 2.52476700775 2.52700845785
4768 131072 246410.042 247393.599 255127.454 4.89913011087 5.0522834748 5.07244989634 2.44956505543 2.5261417374 2.53622494817
5216 131072 269854.052 278099.033 314002.923 4.35455533642 4.91674886191 5.06697266121 2.17727766821 2.45837443095 2.5334863306
5728 131072 295569.729 297222.303 304587.562 4.92981664169 5.05197899634 5.08022535691 2.46490832085 2.52598949817 2.54011267845
6272 131072 323427.549 327014.271 332418.658 4.94607365872 5.027814728 5.08357180173 2.47303682936 2.513907364 2.54178590087
6880 131072 353567.605 355184.219 363784.637 4.95774295164 5.07778956249 5.10100669432 2.47887147582 2.53889478125 2.55050334716
7552 131072 387056.28 392014.576 397739.54 4.97740679239 5.05009662702 5.11478973549 2.4887033962 2.52504831351 2.55739486774
8288 65536 212943.224 213050.879 218707.999 4.96700962455 5.09889816507 5.10147595023 2.48350481228 2.54944908254 2.55073797511
9088 65536 233391.043 234337.841 239321.578 4.97732944081 5.08318388066 5.10380484482 2.4886647204 2.54159194033 2.55190242241
9984 65536 255664.786 256928.824 262165.7 4.99158680178 5.0933282908 5.11851032938 2.49579340089 2.5466641454 2.55925516469
10976 65536 280767.432 280876.258 287739.67 4.99981901001 5.12199315899 5.12397845346 2.499909505 2.5609965795 2.56198922673
12064 65536 309270.57 310487.973 315462.349 5.01249234025 5.09279825792 5.11284538972 2.50624617013 2.54639912896 2.55642269486
13248 65536 337867.68 338195.567 345967.806 5.01908508793 5.13443115592 5.13941391494 2.50954254397 2.56721557796 2.56970695747
14560 65536 371539.689 374292.936 379770.046 5.0251680987 5.09870247725 5.13648575509 2.51258404935 2.54935123862 2.56824287755
16000 65536 407400.709 409777.19 416346.101 5.03704008507 5.11778608272 5.14763954424 2.51852004254 2.55889304136 2.57381977212
17600 32768 223712.784 223747.965 228792.125 5.04140428784 5.1550573879 5.15586807055 2.52070214392 2.57752869395 2.57793403528
19360 32768 245404.967 245749.879 251542.374 5.04398897022 5.16287928671 5.17013561506 2.52199448511 2.58143964335 2.58506780753
21280 32768 270320.617 270737.766 276271.103 5.04796218228 5.15113240611 5.15908144735 2.52398109114 2.57556620305 2.57954072367
23392 32768 296265.315 296855.386 303377.798 5.05316513636 5.16419167143 5.17447718104 2.52658256818 2.58209583571 2.58723859052
25728 32768 325438.9 326056.73 333283.214 5.05909129885 5.17121731547 5.18103462125 2.52954564942 2.58560865773 2.59051731062
28288 32768 357620.082 357892.45 366265.925 5.06157477794 5.17999853867 5.18394369139 2.53078738897 2.58999926933 2.5919718457
31104 32768 392541.233 395882.513 402591.021 5.06328168705 5.14908256127 5.19291114572 2.53164084352 2.57454128063 2.59645557286
34208 16384 215704.74 215967.402 221186.982 5.06778352806 5.19026359358 5.19658373757 2.53389176403 2.59513179679 2.59829186878
37600 16384 237442.964 237491.37 242950.696 5.07130385006 5.18788030066 5.18893792111 2.53565192503 2.59394015033 2.59446896055
41344 16384 261434.138 261856.56 267062.291 5.07282472163 5.17367291467 5.18203247045 2.53641236082 2.58683645733 2.59101623522
45472 16384 287408.303 287775.833 292693.295 5.09074352387 5.17773323933 5.1843543852 2.54537176193 2.58886661967 2.5921771926
50016 16384 315828.236 315947.328 321525.083 5.09734504291 5.18733390902 5.1892899405 2.54867252145 2.59366695451 2.59464497025
55008 16384 348117.794 348621.17 353227.716 5.10294651963 5.17037489146 5.17785121895 2.55147325982 2.58518744573 2.58892560947
60480 16384 382379.596 383144.994 387944.949 5.10847903835 5.17247692397 5.18283051902 2.55423951917 2.58623846199 2.59141525951
66528 8192 211047.835 211206.594 213541.574 5.10436788295 5.16079887165 5.1646810402 2.55218394147 2.58039943582 2.5823405201
73152 8192 233613.438 235509.809 235973.094 5.07906366647 5.08905498709 5.13036569412 2.53953183324 2.54452749354 2.56518284706
80448 8192 256231.903 256792.975 259468.585 5.07984437499 5.13277293509 5.14401218805 2.5399221875 2.56638646754 2.57200609403
88480 8192 282648.091 283199.406 284024.843 5.10397718977 5.11885367443 5.12883817779 2.55198859488 2.55942683722 2.56441908889
97312 8192 310018.93 310758.702 312015.727 5.10987001626 5.13053953997 5.14278211334 2.55493500813 2.56526976998 2.57139105667
107040 8192 342127.658 342402.196 343487.459 5.10569837136 5.12188116924 5.12599118777 2.55284918568 2.56094058462 2.56299559388
117728 8192 376709.55 376816.634 378493.787 5.09613530856 5.1188174246 5.12027250703 2.54806765428 2.5594087123 2.56013625351
129472 8192 413847.916 414446.42 415598.588 5.10413006504 5.11831963225 5.12572171077 2.55206503252 2.55915981612 2.56286085539
142400 4096 227073.9 227615.429 260469.736 4.47860399413 5.12505151837 5.13727381262 2.23930199707 2.56252575918 2.56863690631
156640 4096 251631.37 251832.401 251998.852 5.09206637179 5.09543202108 5.09950281636 2.5460331859 2.54771601054 2.54975140818
172288 4096 274760.79 275022.764 278031.661 5.07634019422 5.13187808701 5.13677113827 2.53817009711 2.5659390435 2.56838556913
189504 4096 302213.753 304665.802 307735.59 5.04464487842 5.09547431254 5.13681707927 2.52232243921 2.54773715627 2.56840853963
208448 4096 332575.687 334620.455 335153.968 5.09498970336 5.10311306582 5.13448842699 2.54749485168 2.55155653291 2.5672442135
229280 4096 365650.481 367191.774 368110.897 5.10243455249 5.11520652965 5.13676819148 2.55121727624 2.55760326483 2.56838409574
252192 4096 403157.998 403369.153 404539.828 5.10693069262 5.12175224267 5.12443477309 2.55346534631 2.56087612133 2.56221738654
277408 2048 221708.028 221712.837 222554.818 5.10554288697 5.12493179635 5.12504295965 2.55277144348 2.56246589817 2.56252147983
305120 2048 243670.711 243799.949 244650.217 5.10840143665 5.12621731516 5.1289361568 2.55420071833 2.56310865758 2.5644680784
335616 2048 268291.59 269205.286 270362.008 5.08460173887 5.10644926935 5.12383983411 2.54230086943 2.55322463468 2.56191991706
369152 2048 294552.36 295645.621 295717.19 5.11315081819 5.11438859431 5.13337116701 2.55657540909 2.55719429715 2.56668558351
406048 2048 324220.016 324940.337 326585.249 5.09261399005 5.11839380532 5.12976536279 2.54630699502 2.55919690266 2.56488268139
446624 2048 356786.03 356978.315 357124.943 5.12249827366 5.12460232774 5.12736416277 2.56124913683 2.56230116387 2.56368208139
491264 2048 391817.724 392302.673 392781.883 5.12298919856 5.12924709029 5.13559550971 2.56149459928 2.56462354515 2.56779775486
540384 1024 215793.207 215966.946 216400.729 5.11415297497 5.12442506827 5.12855083524 2.55707648748 2.56221253413 2.56427541762
594400 1024 237590.386 237895.809 238472.147 5.10471019494 5.11707711505 5.12365512972 2.55235509747 2.55853855752 2.56182756486
653824 1024 261715.497 261731.537 263993.858 5.07220721779 5.11604970249 5.11636325456 2.5361036089 2.55802485124 2.55818162728
719200 1024 287170.337 287805.83 288956.335 5.09738469655 5.11776151303 5.12908685273 2.54869234827 2.55888075652 2.56454342636
791104 1024 315871.433 317728.375 318922.515 5.080171251 5.09926440155 5.129241909 2.5400856255 2.54963220078 2.5646209545
870208 1024 347419.73 347767.318 374603.08 4.7575315825 5.1246505688 5.12977770146 2.37876579125 2.5623252844 2.56488885073
957216 1024 382257.029 382317.448 385467.679 5.08571399056 5.12761941223 5.12842987643 2.54285699528 2.56380970612 2.56421493822
1052928 512 210364.214 210489.706 211045.3 5.10884758865 5.1223325477 5.12538825639 2.55442379432 2.56116627385 2.56269412819
1158208 512 231175.963 231204.133 231886.547 5.11459162829 5.12968767734 5.13031275661 2.55729581415 2.56484383867 2.5651563783
1274016 512 254736.17 255160.658 257011.707 5.07600373239 5.11282732309 5.12134725116 2.5380018662 2.55641366154 2.56067362558
1401408 512 280173.769 280176.149 282543.177 5.07901768231 5.12192703455 5.12197054393 2.53950884116 2.56096351728 2.56098527197
1541536 512 307806.315 309309.239 310805.635 5.07884248624 5.10341323493 5.12833163933 2.53942124312 2.55170661747 2.56416581966
1695680 512 338630.759 338647.872 339397.161 5.11606023717 5.12737998247 5.12763909908 2.55803011858 2.56368999124 2.56381954954
1865248 512 372261.993 372384.995 373076.256 5.1196341801 5.12913779461 5.13083255319 2.55981709005 2.5645688973 2.5654162766
2051744 512 409531.485 410596.11 411670.155 5.10356612079 5.1169161247 5.13021814672 2.5517830604 2.55845806235 2.56510907336
2256896 256 225674.504 226159.296 228602.678 5.05475597272 5.10936659442 5.12034249115 2.52737798636 2.55468329721 2.56017124557
2482560 256 247909.847 248552.031 249286.079 5.09884356599 5.11390196606 5.12714898332 2.54942178299 2.55695098303 2.56357449166
2730816 256 273551.123 273783.324 273809.841 5.10638254233 5.10687711572 5.11121203476 2.55319127116 2.55343855786 2.55560601738
3003872 256 300936.313 302555.467 302712.096 5.08067726504 5.08330746507 5.11065762941 2.54033863252 2.54165373254 2.55532881471
3304256 256 332048.502 370949.505 397732.304 4.25356214465 4.56067213784 5.09497576953 2.12678107233 2.28033606892 2.54748788477
3634656 256 366438.417 367807.587 368291.529 5.05290978876 5.05955814337 5.07846280757 2.52645489438 2.52977907169 2.53923140379
3998112 256 402114.55 403046.54 406282.466 5.03844865409 5.07890067485 5.09067215797 2.51922432705 2.53945033742 2.54533607899
4397920 128 222222.977 222731.847 223097.979 5.04651599735 5.05481158247 5.06638663202 2.52325799868 2.52740579123 2.53319331601
4837696 128 244408.172 244436.564 247338.803 5.00710022438 5.06655042001 5.06713898257 2.50355011219 2.53327521 2.53356949129
5321440 128 268885.32 269316.131 269823.767 5.04880891386 5.05832545173 5.06642995609 2.52440445693 2.52916272587 2.53321497804
5853568 128 295605.041 295754.4 296058.987 5.06153663223 5.06674932985 5.06930938299 2.53076831611 2.53337466492 2.53465469149
6438912 128 325506.161 325977.007 354005.296 4.65631867835 5.05668018481 5.06399469348 2.32815933918 2.5283400924 2.53199734674
7082784 128 357622.219 357728.009 358733.45 5.05442886355 5.0686349919 5.07013436992 2.52721443177 2.53431749595 2.53506718496
7791040 128 393574.986 395125.24 396412.315 5.0313932351 5.04778241957 5.06766514882 2.51569661755 2.52389120978 2.53383257441
8570144 64 216259.056 216455.734 216628.412 5.06387145561 5.06791116931 5.07252020928 2.5319357278 2.53395558466 2.53626010464
9427136 64 237206.685 237336.876 237967.651 5.07074555272 5.0842221754 5.08701265312 2.53537277636 2.5421110877 2.54350632656
10369824 64 260534.232 260536.212 260822.011 5.08905466571 5.0946371785 5.09467589656 2.54452733286 2.54731858925 2.54733794828
11406784 64 286553.055 286822.814 287211.078 5.08360736698 5.09048890372 5.09528105363 2.54180368349 2.54524445186 2.54764052681
12547456 64 315054.83 315831.484 316055.253 5.08162529417 5.0852256642 5.09776145314 2.54081264708 2.5426128321 2.54888072657
13802176 64 346590.672 346755.644 347357.03 5.08605951634 5.09488038211 5.09730546932 2.54302975817 2.54744019105 2.54865273466
15182368 64 381151.655 381888.029 383875.737 5.0624275428 5.08877722376 5.09860859452 2.5312137714 2.54438861188 2.54930429726
16700576 64 418385.065 419399.373 420904.557 5.07876118813 5.09698837342 5.10934521049 2.53938059407 2.54849418671 2.55467260525
18370624 32 230421.105 230683.161 231272.869 5.08369157646 5.0966872957 5.10248371563 2.54184578823 2.54834364785 2.55124185782
20207680 32 253081.034 253389.463 253842.764 5.09485281211 5.10396724745 5.11018743506 2.54742640606 2.55198362372 2.55509371753
22228448 32 278420.08 278508.112 279976.021 5.08122326662 5.10800443759 5.10961950733 2.54061163331 2.55400221879 2.55480975366
24451264 32 306206.613 306509.441 307409.665 5.09053902388 5.10549003285 5.11053919009 2.54526951194 2.55274501643 2.55526959504
26896384 32 337289.52 337326.191 339306.891 5.07319073576 5.10297931773 5.103534127 2.53659536788 2.55148965886 2.5517670635
29586016 32 370423.687 371114.462 371438.553 5.09776114705 5.10221297708 5.11172770655 2.54888057353 2.55110648854 2.55586385327
32544608 32 407369.923 407510.635 409543.115 5.08580131301 5.11116700549 5.11293248324 2.5429006565 2.55558350275 2.55646624162
35799040 16 224259.596 224349.468 231457.32 4.94937589358 5.10618228879 5.10822859058 2.47468794679 2.55309114439 2.55411429529
39378944 16 246415.74 246685.733 246848.637 5.10485382182 5.10822491709 5.11382190115 2.55242691091 2.55411245854 2.55691095057
43316832 16 270997.658 271134.681 271244.089 5.11029983772 5.11236194089 5.1149468753 2.55514991886 2.55618097045 2.55747343765
47648512 16 298298.419 298882.533 299034.197 5.09892313086 5.10151051216 5.11150005123 2.54946156543 2.55075525608 2.55575002561
52413344 16 327963.558 328332.881 330879.314 5.06899929078 5.10831264567 5.11406516696 2.53449964539 2.55415632283 2.55703258348
57654656 16 360928.263 362994.915 363049.686 5.0818085324 5.08257530825 5.11167780729 2.5409042662 2.54128765413 2.55583890364
63420096 16 396926.964 397098.199 398793.384 5.08895872756 5.11068314364 5.11288790146 2.54447936378 2.55534157182 2.55644395073
69762080 8 217926.866 218190.779 218241.789 5.11448006871 5.11567576373 5.12187093077 2.55724003435 2.55783788187 2.56093546539
76738272 8 240064.284 240126.788 240186.171 5.11191942021 5.11318359033 5.11451487719 2.5559597101 2.55659179516 2.5572574386
84412096 8 263988.325 264404.447 264420.144 5.1077558448 5.1080590789 5.11611085831 2.5538779224 2.55402953945 2.55805542916
92853280 8 290298.174 290365.498 290635.801 5.11173253566 5.11649107843 5.11767766062 2.55586626783 2.55824553921 2.55883883031
102138592 8 319313.143 319905.376 321924.653 5.0763974016 5.10844016576 5.11791483635 2.5381987008 2.55422008288 2.55895741817
112352448 8 350995.435 353748.307 378803.279 4.74557446479 5.08168981286 5.12154572039 2.37278723239 2.54084490643 2.56077286019
123587680 8 386089.927 387174.99 388541.631 5.08929474278 5.10725881339 5.12161219891 2.54464737139 2.55362940669 2.56080609946
135946432 4 212278.389 212570.62 212593.291 5.11573742936 5.11628303102 5.12332631279 2.55786871468 2.55814151551 2.56166315639
149541056 4 233430.234 233769.492 235162.511 5.0872413418 5.11755592128 5.12499356874 2.5436206709 2.55877796064 2.56249678437
164495136 4 256772.989 257151.039 258064.12 5.09935704351 5.11746362417 5.12499812821 2.54967852176 2.55873181208 2.56249906411
180944640 4 282563.433 283002.65 283802.501 5.1005791524 5.11499493026 5.12294568562 2.5502895762 2.55749746513 2.56147284281
199039104 4 311125.143 311160.669 349480.071 4.55623357133 5.11733323211 5.11791755769 2.27811678566 2.55866661606 2.55895877885
218943008 4 342094.541 342597.668 343199.78 5.10356989157 5.11253936498 5.12005850453 2.55178494578 2.55626968249 2.56002925226
240837280 4 376202.378 376510.29 380856.34 5.05885825611 5.11725254574 5.12144088574 2.52942912805 2.55862627287 2.56072044287
264920992 4 413585.446 414176.6 414710.8 5.11047201086 5.11706343623 5.12437745694 2.55523600543 2.55853171811 2.56218872847
291413088 2 227775.045 228164.437 228828.755 5.0939942054 5.10882575447 5.11755952896 2.5469971027 2.55441287724 2.55877976448
320554368 2 250695.185 250884.113 250890.613 5.11066339497 5.11079580396 5.11464738343 2.55533169748 2.55539790198 2.55732369172
352609792 2 275415.63 275555.181 277254.628 5.08716185614 5.1185361962 5.12112971947 2.54358092807 2.5592680981 2.56056485974
387870752 2 303121.494 303174.954 304015.422 5.10330363438 5.11745112032 5.11835365921 2.55165181719 2.55872556016 2.5591768296
426657824 2 333323.654 333397.579 333529.281 5.11688596241 5.11890728517 5.1200425638 2.5584429812 2.55945364258 2.5600212819
469323584 2 366634.128 366772.391 405258.771 4.63233486932 5.1184178037 5.12034803263 2.31616743466 2.55920890185 2.56017401632
516255936 2 402699.234 403818.707 405607.245 5.0911904791 5.11373967626 5.12795548054 2.54559523955 2.55686983813 2.56397774027
567881504 1 221591.112 222784.485 224816.616 5.05195313499 5.09803457813 5.12548990683 2.5259765675 2.54901728906 2.56274495342
624669632 1 244087.805 244259.448 244792.134 5.10367405842 5.11480425519 5.11840099508 2.55183702921 2.55740212759 2.55920049754
687136576 1 268406.015 268697.55 306933.067 4.47743596163 5.11457269335 5.12012799713 2.23871798082 2.55728634667 2.56006399857
755850208 1 294934.409 294995.487 295406.947 5.11734890243 5.12448658579 5.12554781629 2.55867445121 2.56224329289 2.56277390815
831435200 1 324860.399 325736.566 326004.211 5.10076356038 5.10495465836 5.11872301185 2.55038178019 2.55247732918 2.55936150592
914578720 1 357098.109 357519.257 357658.007 5.11426391749 5.1162487172 5.12228262738 2.55713195874 2.5581243586 2.56114131369
1006036576 1 392668.935 393068.022 393761.896 5.1098726729 5.1188930144 5.1240955743 2.55493633645 2.5594465072 2.56204778715

META_DATA
ERT_VERSION  1.1.0
FLOPS          8
OPENMP_THREADS 1
TIMESTAMP_DATA  1535290857.6
HOSTNAME  ('atajo-Inspiron-15-7568', [], ['127.0.1.1'])
TIMESTAMP_DATA  1535290650.82
UNAME  ('Linux', 'atajo-Inspiron-15-7568', '4.15.0-33-generic', '#36-Ubuntu SMP Wed Aug 15 16:00:05 UTC 2018', 'x86_64', 'x86_64')
MPI_PROCS      4
CONFIG  {'ERT_WORKING_SET_MIN': ['1'], 'ERT_CFLAGS': [], 'ERT_CC': ['mpicc'], 'ERT_MPI_CFLAGS': ['-I/usr/include/mpi'], 'ERT_MPI_LDFLAGS': ['-lmpi'], 'ERT_MEMORY_MAX': ['1073741824'], 'ERT_PROCS_THREADS': ['1-4'], 'ERT_LDFLAGS': [], 'ERT_LDLIBS': [], 'ERT_RUN': ['export', 'OMP_NUM_THREADS=ERT_OPENMP_THREADS;', 'mpirun', '-np', 'ERT_MPI_PROCS', 'ERT_CODE'], 'ERT_FLOPS': ['1,2,4,8,16'], 'ERT_OPENMP_CFLAGS': ['-fopenmp'], 'ERT_MPI': ['True'], 'ERT_TRIALS_MIN': ['1'], 'ERT_DRIVER': ['driver1'], 'ERT_RESULTS': ['Results/myLaptop'], 'ERT_OPENMP': ['True'], 'ERT_MPI_PROCS': ['1,2,4'], 'ERT_KERNEL': ['kernel1'], 'ERT_GPU': [False], 'ERT_OPENMP_THREADS': ['1,2,4'], 'ERT_LD': ['mpicc'], 'ERT_NUM_EXPERIMENTS': ['3'], 'ERT_OPENMP_LDFLAGS': ['-fopenmp'], 'ERT_ALIGN': ['64'], 'ERT_GNUPLOT': ['gnuplot']}
TIMESTAMP_DATA  1535290754.21
