16 67108864 1282789.574 1283360.914 1284189.59 1.67224813588 1.67332791935 1.67407320072 0.836124067942 0.836663959675 0.837036600361
32 33554432 639862.935 640424.138 641146.484 3.34944307049 3.35322096807 3.35616196928 1.67472153524 1.67661048404 1.67808098464
48 16777216 410362.319 411218.283 411716.608 3.91194502409 3.91668562071 3.92485533254 1.95597251204 1.95834281036 1.96242766627
64 16777216 547016.355 548789.05 550027.133 3.90432311273 3.9131313717 3.92581250701 1.95216155636 1.95656568585 1.96290625351
80 8388608 332891.526 333105.63 333313.802 4.02676778443 4.02928428439 4.03187577686 2.01338389222 2.01464214219 2.01593788843
96 8388608 400271.462 400803.544 403252.712 3.99405307905 4.01845931781 4.02380106729 1.99702653953 2.00922965891 2.01190053364
112 8388608 461365.203 461746.459 462031.479 4.06692677319 4.06943714538 4.07279998531 2.03346338659 2.03471857269 2.03639999265
128 8388608 531136.149 531406.137 531432.34 4.04093519788 4.04113445156 4.04318864766 2.02046759894 2.02056722578 2.02159432383
144 4194304 297304.68 297876.171 297938.604 4.05439085698 4.05524063219 4.06303577865 2.02719542849 2.02762031609 2.03151788932
160 4194304 326834.725 327033.232 327157.946 4.10253608818 4.10410058877 4.10659326361 2.05126804409 2.05205029439 2.05329663181
176 4194304 359793.188 360934.207 361165.665 4.08786092111 4.09048236317 4.10345458792 2.04393046055 2.04524118159 2.05172729396
192 4194304 394063.064 394330.994 394877.297 4.07876762791 4.08441831991 4.08719538353 2.03938381395 2.04220915995 2.04359769176
208 4194304 425975.15 426086.927 426925.408 4.08696796045 4.09501055638 4.09608509792 2.04348398023 2.04750527819 2.04804254896
224 4194304 455619.157 455794.848 456205.713 4.11886159786 4.12257444384 4.12416414703 2.05943079893 2.06128722192 2.06208207352
240 4194304 488104.722 488489.757 488940.313 4.11761081357 4.1214086706 4.12465978971 2.05880540679 2.0607043353 2.06232989485
256 4194304 517625.881 518218.118 528315.989 4.06477125946 4.14397639413 4.14871768748 2.03238562973 2.07198819706 2.07435884374
272 2097152 276857.157 277783.197 277900.639 4.10524672453 4.10698235286 4.1207195088 2.05262336227 2.05349117643 2.0603597544
288 2097152 292243.321 293601.493 293894.351 4.11018295483 4.11428272948 4.13340345253 2.05509147741 2.05714136474 2.06670172626
304 2097152 308040.836 322126.535 322878.611 3.94906436215 3.95828433072 4.13928371497 1.97453218107 1.97914216536 2.06964185748
320 2097152 326165.009 326738.916 326795.535 4.10708573482 4.10779743176 4.11502534903 2.05354286741 2.05389871588 2.05751267451
352 2097152 356036.198 356460.242 356771.959 4.13820360809 4.14182238029 4.14675534761 2.06910180405 2.07091119015 2.07337767381
384 2097152 390498.319 390517.756 390864.681 4.12064024787 4.12430090887 4.12450619538 2.06032012394 2.06215045443 2.06225309769
416 2097152 421692.729 421706.015 422602.831 4.12877135695 4.13755175866 4.13768211782 2.06438567848 2.06877587933 2.06884105891
448 2097152 454602.086 454673.73 455435.307 4.12582898848 4.13273973845 4.13339104652 2.06291449424 2.06636986922 2.06669552326
480 2097152 485571.525 485764.258 486355.111 4.13949781644 4.14453284045 4.14617788801 2.06974890822 2.07226642023 2.073088944
528 1048576 275964.266 275978.864 276098.053 4.01051816182 4.01225021348 4.01246245411 2.00525908091 2.00612510674 2.00623122705
576 1048576 291903.136 292066.767 292079.903 4.13571608177 4.13590208981 4.13822053628 2.06785804089 2.06795104491 2.06911026814
624 1048576 314321.839 314636.622 316282.527 4.13751230715 4.15915617096 4.16332142928 2.06875615358 2.07957808548 2.08166071464
672 1048576 348442.802 348448.643 348591.167 4.04280508921 4.04445869517 4.04452649305 2.0214025446 2.02222934758 2.02226324652
736 1048576 371778.497 372126.252 373654.651 4.13083008031 4.14779624846 4.15167602337 2.06541504016 2.07389812423 2.07583801169
800 1048576 402325.844 403139.995 403793.769 4.15489719952 4.16163521558 4.17005674634 2.07744859976 2.08081760779 2.08502837317
880 1048576 443920.757 444589.056 445829.371 4.13946204545 4.15101032087 4.15725944529 2.06973102272 2.07550516043 2.07862972265
960 1048576 484618.691 485236.904 485364.36 4.14794757489 4.14903710621 4.15432990388 2.07397378744 2.07451855311 2.07716495194
1056 524288 264644.308 264777.28 265389.721 4.172340405 4.18199120408 4.18409246875 2.0861702025 2.09099560204 2.09204623437
1152 524288 289901.298 290070.335 290726.099 4.15497458314 4.16436776274 4.1667959417 2.07748729157 2.08218388137 2.08339797085
1264 524288 322843.2 323148.493 323317.138 4.09938078816 4.10152017636 4.10539873226 2.04969039408 2.05076008818 2.05269936613
1376 524288 351059.112 351169.942 351254.488 4.10767869249 4.10866763762 4.10996475146 2.05383934625 2.05433381881 2.05498237573
1504 524288 383694.067 383720.905 403619.093 3.90729361259 4.10990978977 4.11019726297 1.9536468063 2.05495489489 2.05509863148
1648 524288 419953.238 420703.135 420804.12 4.10655021153 4.10753594218 4.1148706371 2.05327510577 2.05376797109 2.05743531855
1808 524288 460377.809 460690.243 461096.619 4.11155781648 4.11518463177 4.11797738931 2.05577890824 2.05759231589 2.05898869465
1984 524288 504668.067 505446.009 505714.523 4.11373351839 4.1159189052 4.12226356299 2.05686675919 2.0579594526 2.0611317815
2176 262144 276513.393 276569.505 276948.297 4.11936343483 4.12500535082 4.12584242529 2.05968171741 2.06250267541 2.06292121264
2384 262144 302673.264 302814.754 302852.083 4.12710581225 4.12761457455 4.12954410139 2.06355290612 2.06380728728 2.0647720507
2608 262144 330862.971 330942.746 332154.455 4.11658818184 4.13166059848 4.13265679102 2.05829409092 2.06583029924 2.06632839551
2864 262144 363297.11 363472.196 365164.354 4.11201371534 4.13115734443 4.13314829837 2.05600685767 2.06557867221 2.06657414919
3136 262144 397445.771 397539.853 398249.574 4.12848443624 4.13585494786 4.13683397326 2.06424221812 2.06792747393 2.06841698663
3440 262144 435475.738 435489.625 436160.146 4.13506538032 4.14143211793 4.14156418514 2.06753269016 2.07071605896 2.07078209257
3776 262144 478517.867 479027.443 489339.691 4.04567936019 4.13277259357 4.13717360317 2.02283968009 2.06638629679 2.06858680159
4144 131072 262144.764 262980.004 265295.567 4.09477153457 4.13082637264 4.14398792264 2.04738576729 2.06541318632 2.07199396132
4544 131072 288968.622 290432.314 290993.619 4.09349985094 4.10141116735 4.12218575067 2.04674992547 2.05070558368 2.06109287534
4992 131072 315416.415 318892.754 319219.731 4.09944223655 4.10364560369 4.14887363424 2.04972111827 2.05182280184 2.07443681712
5488 131072 346608.029 350679.215 350739.588 4.10175047591 4.10245663405 4.15064323856 2.05087523796 2.05122831702 2.07532161928
6032 131072 380796.415 384271.023 384697.877 4.11037518671 4.11494105295 4.15248816878 2.05518759335 2.05747052647 2.07624408439
6624 131072 417133.55 421232.658 421670.306 4.11800838544 4.12228687169 4.16279595827 2.05900419272 2.06114343584 2.08139797914
7280 131072 463198.756 464573.578 478690.463 3.98672726429 4.10787098185 4.12006356943 1.99336363215 2.05393549092 2.06003178471
8000 131072 508235.401 508363.797 508711.759 4.12247596581 4.12529769503 4.12633987297 2.0612379829 2.06264884751 2.06316993648
8800 65536 279189.185 279424.555 279498.548 4.12679639395 4.12788918998 4.13136920042 2.06339819697 2.06394459499 2.06568460021
9680 65536 307428.562 307506.104 307591.134 4.12488144083 4.12602203174 4.1270627288 2.06244072041 2.06301101587 2.0635313644
10640 65536 337145.213 337308.279 337493.983 4.13223983315 4.13451482464 4.13651455286 2.06611991657 2.06725741232 2.06825727643
11696 65536 370761.832 370902.021 371435.978 4.12727415436 4.13321585002 4.13477866298 2.06363707718 2.06660792501 2.06738933149
12864 65536 408435.97 408731.315 408742.101 4.12511998122 4.1252288389 4.12821184187 2.06255999061 2.06261441945 2.06410592094
14144 65536 448449.383 449293.473 449854.5 4.1210710752 4.12621700382 4.13398354035 2.0605355376 2.06310850191 2.06699177017
15552 65536 493413.939 493585.434 493686.181 4.12900304374 4.12984582523 4.13128122836 2.06450152187 2.06492291262 2.06564061418
17104 32768 271123.853 271718.712 273523.251 4.09810771078 4.12532407411 4.13437523699 2.04905385539 2.06266203706 2.06718761849
18800 32768 298087.412 299006.53 300008.327 4.10680867535 4.12056820298 4.13327349764 2.05340433767 2.06028410149 2.06663674882
20672 32768 327587.566 328425.291 328683.892 4.12177239279 4.12501786289 4.13556658619 2.06088619639 2.06250893145 2.06778329309
22736 32768 360036.33 360799.705 361197.623 4.12523893049 4.1297885651 4.13854484074 2.06261946524 2.06489428255 2.06927242037
25008 32768 396645.159 396731.966 396936.074 4.1289376183 4.13106184643 4.13196594188 2.06446880915 2.06553092321 2.06598297094
27504 32768 435713.266 435866.898 436221.387 4.13208108937 4.13544169624 4.13689984826 2.06604054468 2.06772084812 2.06844992413
30240 32768 479358.1 479743.832 481702.153 4.11417849735 4.13097263124 4.13429676061 2.05708924868 2.06548631562 2.0671483803
33264 16384 263257.877 263950.92 264040.772 4.12813045403 4.12953571823 4.14040698201 2.06406522702 2.06476785912 2.07020349101
36576 16384 289923.076 290507.839 307437.685 3.89842373423 4.12561110959 4.13393229865 1.94921186711 2.06280555479 2.06696614932
40224 16384 319336.888 319386.702 320177.138 4.11665879779 4.12684693428 4.12749068939 2.0583293989 2.06342346714 2.0637453447
44240 16384 350915.013 351195.892 351560.17 4.12349419446 4.12777128953 4.13107523559 2.06174709723 2.06388564477 2.06553761779
48656 16384 385956.091 386147.594 386288.313 4.12738297884 4.12888707006 4.13093573383 2.06369148942 2.06444353503 2.06546786691
53520 16384 424817.483 425333.848 426127.182 4.11553975921 4.12321607661 4.12822783944 2.0577698796 2.06160803831 2.06411391972
58864 16384 465344.332 467007.882 468387.097 4.11808003328 4.13024196452 4.14500708263 2.05904001664 2.06512098226 2.07250354131
64736 16384 511212.61 513958.357 514069.772 4.12642283896 4.12731735774 4.14948537361 2.06321141948 2.06365867887 2.07474268681
71200 8192 286214.018 286608.031 288774.468 4.03962583008 4.07016089511 4.07576403194 2.01981291504 2.03508044755 2.03788201597
78320 8192 312048.018 312161.428 316927.699 4.04885683406 4.1106772487 4.1121712236 2.02442841703 2.05533862435 2.0560856118
86144 8192 341937.07 344409.995 345214.233 4.08842730421 4.09797426466 4.1276112473 2.04421365211 2.04898713233 2.06380562365
94752 8192 374331.278 377831.962 380533.987 4.07957454796 4.10874919047 4.14717353114 2.03978727398 2.05437459523 2.07358676557
104224 8192 411083.417 414245.363 416961.187 4.09535963835 4.12220912658 4.15391607976 2.04767981918 2.06110456329 2.07695803988
114640 8192 452975.549 455449.269 460449.32 4.0791932541 4.12397579235 4.14649701103 2.03959662705 2.06198789618 2.07324850552
126096 8192 496559.97 499475.891 503866.025 4.1002106939 4.13624941909 4.16053848239 2.05010534695 2.06812470955 2.0802692412
138704 4096 273880.139 274187.201 277073.27 4.10094834482 4.14411454603 4.14876073946 2.05047417241 2.07205727302 2.07438036973
152560 4096 299775.84 301319.519 305341.794 4.09302474983 4.14766200393 4.16902015853 2.04651237492 2.07383100197 2.08451007926
167808 4096 330256.601 331201.859 333658.554 4.12002965163 4.15059003639 4.16246982449 2.06001482582 2.0752950182 2.08123491224
184576 4096 362900.971 363949.906 366845.8 4.12174977061 4.15454590611 4.16655427466 2.06087488531 2.07727295305 2.08327713733
203024 4096 399409.499 399796.107 402821.498 4.12880796149 4.16005203372 4.16407875167 2.06440398074 2.08002601686 2.08203937583
223312 4096 438790.911 439956.812 442535.637 4.13384087302 4.1580715518 4.16911986584 2.06692043651 2.0790357759 2.08455993292
245632 4096 483475.266 487782.181 509790.139 3.94714842454 4.12523749817 4.16198611492 1.97357421227 2.06261874908 2.08099305746
270192 2048 265514.026 265768.333 267534.758 4.13668280067 4.16417719714 4.16816560945 2.06834140033 2.08208859857 2.08408280473
297200 2048 291849.92 292459.723 294221.922 4.13745920673 4.16238922581 4.17108628983 2.06872960336 2.08119461291 2.08554314492
326912 2048 321464.933 323562.413 331979.133 4.03348108027 4.13840266422 4.16540472861 2.01674054014 2.06920133211 2.0827023643
359600 2048 352793.122 355526.313 355662.265 4.14134909701 4.14293273421 4.17502923994 2.07067454851 2.0714663671 2.08751461997
395552 2048 388745.763 389174.569 390879.401 4.14496386316 4.16312143973 4.16771357068 2.07248193158 2.08156071986 2.08385678534
435104 2048 427847.165 428379.836 431396.341 4.13120329178 4.16029381925 4.16547339749 2.06560164589 2.08014690962 2.08273669875
478608 2048 470113.253 470470.492 472330.984 4.15043356122 4.16684659577 4.17001298196 2.07521678061 2.08342329788 2.08500649098
526464 1024 258310.312 258614.421 259041.047 4.16226804395 4.16913437321 4.17404269946 2.08113402198 2.08456718661 2.08702134973
579104 1024 284162.574 284724.257 285818.782 4.14949984637 4.16545117896 4.17368471613 2.07474992319 2.08272558948 2.08684235807
637008 1024 312823.661 313096.892 314241.403 4.15156109776 4.16673693458 4.17037630667 2.07578054888 2.08336846729 2.08518815333
700704 1024 344121.464 344187.364 344672.614 4.16349235103 4.16936221982 4.17016066164 2.08174617552 2.08468110991 2.08508033082
770768 1024 379161.576 380539.47 380712.702 4.14625741591 4.14814490597 4.16321949247 2.07312870796 2.07407245298 2.08160974624
847840 1024 416325.63 416817.687 428646.326 4.05083681972 4.16579328122 4.17071684969 2.02541840986 2.08289664061 2.08535842485
932624 1024 458101.096 458325.118 458789.03 4.16316395359 4.1673778656 4.16941580947 2.0815819768 2.0836889328 2.08470790474
1025872 1024 503457.643 504843.736 504916.613 4.16105511664 4.16165578808 4.17311343906 2.08052755832 2.08082789404 2.08655671953
1128448 512 277055.705 277617.253 277939.445 4.1574910391 4.1623160647 4.17075241963 2.07874551955 2.08115803235 2.08537620981
1241280 512 304424.192 305232.672 306527.611 4.14667610482 4.16426823404 4.17532756398 2.07333805241 2.08213411702 2.08766378199
1365408 512 335102.276 335489.372 335855.26 4.16303675577 4.1675770045 4.17239121348 2.08151837789 2.08378850225 2.08619560674
1501936 512 368505.728 369966.98 379058.694 4.05737287746 4.1570803535 4.17356460739 2.02868643873 2.07854017675 2.08678230369
1652128 512 405210.805 406671.475 417465.683 4.05249854274 4.1600632845 4.17505913249 2.02624927137 2.08003164225 2.08752956625
1817328 512 445725.961 446144.644 446642.496 4.16651771532 4.17116712489 4.17508522013 2.08325885766 2.08558356245 2.08754261007
1999056 512 490344.544 492466.972 494166.132 4.14239910719 4.15669163698 4.17468363633 2.07119955359 2.07834581849 2.08734181816
2198960 256 270109.826 270638.351 270671.772 4.15953060669 4.16004426512 4.16818424073 2.07976530334 2.08002213256 2.08409212037
2418848 256 296527.252 296656.066 297115.234 4.16824866005 4.17470032789 4.17651385378 2.08412433002 2.08735016394 2.08825692689
2660720 256 326223.532 326804.377 326884.75 4.1674891227 4.16851405879 4.1759361492 2.08374456135 2.0842570294 2.0879680746
2926784 256 358927.939 359655.334 359865.447 4.16409360913 4.16652629987 4.17497008501 2.08204680457 2.08326314994 2.08748504251
3219456 256 395388.563 395647.171 413319.859 3.98810131211 4.1662410168 4.16896599005 1.99405065606 2.0831205084 2.08448299502
3541392 256 435145.323 435235.217 435572.041 4.16278487443 4.16600641028 4.16686703996 2.08139243722 2.08300320514 2.08343351998
3895520 256 478461.706 478948.994 479991.698 4.15529320259 4.16433955387 4.16858071396 2.0776466013 2.08216977693 2.08429035698
4285072 128 263476.513 263554.464 263775.771 4.15875358014 4.16224569052 4.16347711418 2.07937679007 2.08112284526 2.08173855709
4713568 128 290027.502 290099.737 290390.326 4.15534988586 4.15951224389 4.16054822277 2.07767494293 2.07975612194 2.08027411138
5184912 128 318730.236 319236.234 319375.007 4.15604678797 4.15785343464 4.16445420635 2.07802339398 2.07892671732 2.08222710317
5703392 128 351160.6 351422.376 351892.878 4.1491841503 4.15473928729 4.1578364771 2.07459207515 2.07736964365 2.07891823855
6273728 128 385890.259 385930.617 386487.791 4.15556300975 4.16156246033 4.16199769375 2.07778150488 2.08078123017 2.08099884688
6901088 128 424315.702 424563.876 425005.404 4.1568377987 4.16116072956 4.16359451152 2.07841889935 2.08058036478 2.08179725576
7591184 128 466739.258 466770.55 467289.705 4.15875437273 4.16337985333 4.16365898238 2.07937718636 2.08168992667 2.08182949119
8350288 128 513235.342 513804.121 514129.823 4.15784813946 4.16048381208 4.16509455422 2.07892406973 2.08024190604 2.08254727711
9185312 64 282340.706 282516.686 283982.3 4.14011695799 4.1615946748 4.1641885531 2.070058479 2.0807973374 2.08209427655
10103840 64 310703.583 311676.019 324207.776 3.98908235933 4.14947394461 4.16246091375 1.99454117967 2.0747369723 2.08123045688
11114224 64 341372.372 342232.095 355464.545 4.00214505781 4.15688853496 4.16735737478 2.00107252891 2.07844426748 2.08367868739
12225632 64 375427.67 376132.313 376660.4 4.15462017244 4.1604532286 4.16826201436 2.07731008622 2.0802266143 2.08413100718
13448192 64 412860.752 413278.807 414050.881 4.15738416458 4.1651508542 4.16936840729 2.07869208229 2.0825754271 2.08468420365
14793008 64 454133.401 455375.257 504060.945 3.75650016686 4.15812013256 4.1694907704 1.87825008343 2.07906006628 2.0847453852
16272304 64 498739.234 498971.56 499737.134 4.16790102294 4.17429584965 4.17624034768 2.08395051147 2.08714792482 2.08812017384
17899520 32 274474.249 274929.446 279397.631 4.1001395606 4.16677550065 4.17368581633 2.0500697803 2.08338775032 2.08684290817
19689472 32 301717.714 302196.293 302274.667 4.168811831 4.16989300395 4.17650721031 2.0844059155 2.08494650197 2.08825360516
21658416 32 332301.842 332690.219 336958.137 4.11368200317 4.16645439162 4.17132392543 2.05684100159 2.08322719581 2.08566196272
23824256 32 364938.397 365170.519 365647.351 4.17000801409 4.17545312304 4.17810895355 2.08500400704 2.08772656152 2.08905447678
26206672 32 401569.099 401590.872 403786.527 4.15374683366 4.17645699875 4.17668344546 2.07687341683 2.08822849938 2.08834172273
28827328 32 441652.401 441854.711 442570.843 4.1687088546 4.17546525152 4.17737792849 2.0843544273 2.08773262576 2.08868896424
31710048 32 486471.236 487106.814 497627.587 4.07823666737 4.16632043254 4.17176375871 2.03911833369 2.08316021627 2.08588187936
34881040 16 267218.142 267222.662 267658.385 4.17021600127 4.17701579516 4.17708644947 2.08510800063 2.08850789758 2.08854322473
38369136 16 294015.393 294349.392 306513.674 4.00573434776 4.17127531216 4.17601384564 2.00286717388 2.08563765608 2.08800692282
42206048 16 323589.515 324098.528 324219.296 4.16567907174 4.167231318 4.17378645906 2.08283953587 2.083615659 2.08689322953
46426640 16 355600.076 355691.434 357260.484 4.15845733445 4.17680140141 4.17787447267 2.07922866723 2.0884007007 2.08893723634
51069296 16 391157.517 391209.033 391843.854 4.17058339774 4.17735106848 4.17790123154 2.08529169887 2.08867553424 2.08895061577
56176224 16 430134.038 431109.022 431200.619 4.16891601911 4.1698017816 4.17925346331 2.08445800956 2.0849008908 2.08962673166
61793840 16 473248.909 473373.999 474900.951 4.16382168921 4.1772528364 4.17835697536 2.0819108446 2.0886264182 2.08917848768
67973216 8 260166.026 260474.999 261084.663 4.16558921349 4.17533913111 4.18029776109 2.08279460674 2.08766956555 2.09014888055
74770528 8 286373.115 286709.311 287410.003 4.16244541078 4.17261805634 4.17751662198 2.08122270539 2.08630902817 2.08875831099
82247568 8 315032.187 315062.798 329294.898 3.99629965721 4.17682156178 4.17722741454 1.99814982861 2.08841078089 2.08861370727
90472320 8 346422.633 346582.257 347881.165 4.16106781751 4.17666251161 4.17858702667 2.08053390876 2.0883312558 2.08929351334
99519552 8 381035.835 381169.819 381532.383 4.17346705797 4.17743680803 4.17890572418 2.08673352899 2.08871840401 2.08945286209
109471504 8 419423.418 419648.197 419659.757 4.1737241534 4.17383912649 4.1760759863 2.0868620767 2.08691956325 2.08803799315
120418640 8 461120.011 461199.662 461508.246 4.17478616406 4.17757947099 4.17830108006 2.08739308203 2.0887897355 2.08915054003
132460496 8 507216.471 507356.041 508987.669 4.1638885676 4.177279395 4.17842885075 2.0819442838 2.0886396975 2.08921442537
145706544 4 278951.217 279382.592 279393.994 4.17207376333 4.17224403158 4.17869606211 2.08603688167 2.08612201579 2.08934803106
160277184 4 306905.588 307017.279 307486.175 4.17000039758 4.17636908312 4.17788897347 2.08500019879 2.08818454156 2.08894448673
176304896 4 337543.878 337583.71 337876.327 4.1744243538 4.1780427379 4.1785357695 2.0872121769 2.08902136895 2.08926788475
193935376 4 371149.601 371520.852 372660.26 4.16326390155 4.17603211138 4.1802092844 2.08163195077 2.08801605569 2.0901046422
213328912 4 408514.824 408554.738 409253.636 4.17010661819 4.17724025024 4.1776483881 2.08505330909 2.08862012512 2.08882419405
234661792 4 449361.286 449737.447 451243.045 4.16027317607 4.17420063311 4.17769486266 2.08013658803 2.08710031655 2.08884743133
258127968 4 494174.66 494217.758 494648.286 4.17473142523 4.17836815973 4.17873256391 2.08736571261 2.08918407986 2.08936628195
283940752 2 271750.546 271846.125 272134.962 4.17352845681 4.17796283835 4.1794322945 2.08676422841 2.08898141918 2.08971614725
312334816 2 298870.991 299320.595 299325.199 4.17385261306 4.17391681317 4.18019580897 2.08692630653 2.08695840659 2.09009790448
343568288 2 328826.338 329244.829 329608.456 4.16941109059 4.17401590231 4.17932809263 2.0847055453 2.08700795116 2.08966404631
377925104 2 361580.674 361615.823 362154.966 4.17418110456 4.18040450625 4.1808108804 2.08709055228 2.09020225312 2.0904054402
415717600 2 397753.781 398216.512 409752.541 4.05823084328 4.17579469934 4.18065265356 2.02911542164 2.08789734967 2.09032632678
457289360 2 437730.616 439357.111 449456.926 4.06970575863 4.16325898501 4.17872859046 2.03485287932 2.08162949251 2.08936429523
503018288 2 481386.351 487477.835 503469.332 3.99641651261 4.12751720701 4.17974699079 1.99820825631 2.06375860351 2.0898734954
553320112 1 264988.613 265302.758 265693.545 4.1651001495 4.17123527981 4.17618029496 2.08255007475 2.0856176399 2.08809014748
608652112 1 291371.16 291552.844 291959.295 4.16943130377 4.17524386763 4.17784733396 2.08471565189 2.08762193381 2.08892366698
669517312 1 320349.911 320420.078 327317.614 4.09093359699 4.17899724748 4.17991258315 2.0454667985 2.08949862374 2.08995629158
736469040 1 352526.808 352555.558 352893.381 4.17388979024 4.17788926192 4.17822998585 2.08694489512 2.08894463096 2.08911499292
810115936 1 387757.673 387763.889 388326.079 4.17234885736 4.17839803541 4.17846501776 2.08617442868 2.0891990177 2.08923250888
891127520 1 426606.133 426763.621 427263.758 4.17132276405 4.17621126146 4.17775297197 2.08566138203 2.08810563073 2.08887648598
980240272 1 469411.422 469486.476 469587.676 4.17489777564 4.17579769433 4.17646536091 2.08744888782 2.08789884717 2.08823268046

META_DATA
ERT_VERSION  1.1.0
FLOPS          8
HOSTNAME  ('atajo-Inspiron-15-7568', [], ['127.0.1.1'])
MPI_PROCS      1
UNAME  ('Linux', 'atajo-Inspiron-15-7568', '4.15.0-33-generic', '#36-Ubuntu SMP Wed Aug 15 16:00:05 UTC 2018', 'x86_64', 'x86_64')
OPENMP_THREADS 2
TIMESTAMP_DATA  1535289315.44
TIMESTAMP_DATA  1535289448.09
TIMESTAMP_DATA  1535289182.75
CONFIG  {'ERT_WORKING_SET_MIN': ['1'], 'ERT_CFLAGS': [], 'ERT_CC': ['mpicc'], 'ERT_MPI_CFLAGS': ['-I/usr/include/mpi'], 'ERT_MPI_LDFLAGS': ['-lmpi'], 'ERT_MEMORY_MAX': ['1073741824'], 'ERT_PROCS_THREADS': ['1-4'], 'ERT_LDFLAGS': [], 'ERT_LDLIBS': [], 'ERT_RUN': ['export', 'OMP_NUM_THREADS=ERT_OPENMP_THREADS;', 'mpirun', '-np', 'ERT_MPI_PROCS', 'ERT_CODE'], 'ERT_FLOPS': ['1,2,4,8,16'], 'ERT_OPENMP_CFLAGS': ['-fopenmp'], 'ERT_MPI': ['True'], 'ERT_TRIALS_MIN': ['1'], 'ERT_DRIVER': ['driver1'], 'ERT_RESULTS': ['Results/myLaptop'], 'ERT_OPENMP': ['True'], 'ERT_MPI_PROCS': ['1,2,4'], 'ERT_KERNEL': ['kernel1'], 'ERT_GPU': [False], 'ERT_OPENMP_THREADS': ['1,2,4'], 'ERT_LD': ['mpicc'], 'ERT_NUM_EXPERIMENTS': ['3'], 'ERT_OPENMP_LDFLAGS': ['-fopenmp'], 'ERT_ALIGN': ['64'], 'ERT_GNUPLOT': ['gnuplot']}
