16 67108864 316114.846 316177.056 316257.353 6.79030424946 6.79202872962 6.79336537076 0.424394015591 0.424501795602 0.424585335673
32 33554432 226260.52 226349.788 226399.028 9.48539252563 9.48745597235 9.49119911861 0.592837032852 0.592965998272 0.593199944913
48 16777216 154691.72 154789.499 155013.575 10.3901399345 10.4051808837 10.4117578885 0.649383745907 0.650323805234 0.650734868033
64 16777216 198583.471 198799.966 199208.209 10.7800961556 10.8022334772 10.8140100341 0.673756009723 0.675139592328 0.675875627131
80 8388608 121606.95 121618.633 121686.875 11.029762084 11.0359510454 11.0370112892 0.689360130252 0.689746940339 0.689813205577
96 8388608 144354.967 144384.361 144863.03 11.1181765009 11.1550359391 11.1573073617 0.694886031308 0.697189746194 0.697331710103
112 8388608 166908.183 167090.765 167113.2 11.2441637884 11.2456735236 11.2579752426 0.702760236774 0.702854595226 0.703623452662
128 8388608 189941.439 189988.836 190424.201 11.2773672502 11.3032096686 11.3060302128 0.704835453137 0.706450604287 0.706626888301
144 4194304 106252.662 106265.053 106270.626 11.3668244694 11.367420595 11.3687462437 0.71042652934 0.710463787187 0.710546640234
160 4194304 117702.184 117707.662 117761.673 11.3974032961 11.4026330758 11.403163768 0.712337706004 0.712664567239 0.712697735498
176 4194304 129107.543 129304.185 129503.898 11.4003904964 11.4179986363 11.4353892398 0.712524406022 0.71362491477 0.714711827488
192 4194304 140574.208 140740.266 141030.774 11.420292822 11.4438659367 11.4573843873 0.713768301378 0.715241621044 0.716086524208
208 4194304 152118.982 152152.153 152920.465 11.4100520424 11.4676685778 11.4701692127 0.713128252651 0.716729286111 0.716885575792
224 4194304 163480.957 163575.771 163671.361 11.480616893 11.4873259072 11.4939882081 0.717538555814 0.717957869201 0.718374263004
240 4194304 174963.26 175015.125 175104.934 11.4974825324 11.5033824648 11.5067924546 0.718592658274 0.71896140405 0.719174528412
256 4194304 186508.363 186561.173 186816.352 11.495158882 11.510881999 11.5141413149 0.718447430126 0.719430124938 0.719633832184
272 2097152 98966.75 98997.883 99164.403 11.5046393009 11.5239907504 11.527615972 0.719039956304 0.720249421899 0.720475998252
288 2097152 104731.868 104741.79 105352.562 11.4658773272 11.5327373344 11.5338299132 0.716617332951 0.720796083397 0.720864369573
304 2097152 128990.44 130002.353 130058.643 9.8037960922 9.80804105907 9.88498384842 0.612737255762 0.613002566192 0.617811490526
320 2097152 136042.832 136151.824 136274.171 9.84909517446 9.85794564162 9.8658434279 0.615568448404 0.616121602602 0.616615214244
352 2097152 127732.122 128026.726 179960.045 8.20401555245 11.5319281694 11.5585256464 0.512750972028 0.72074551059 0.722407852897
384 2097152 139274.002 139359.032 200689.576 8.02539308768 11.5572899215 11.5643459143 0.50158706798 0.722330620092 0.722771619645
416 2097152 150685.358 150688.722 267676.226 6.51843643372 11.5790381712 11.5792966693 0.407402277108 0.723689885697 0.723706041831
448 2097152 162130.313 162164.285 292661.419 6.42055313755 11.5873121631 11.5897401123 0.401284571097 0.724207010193 0.72435875702
480 2097152 173624.785 173702.836 312803.18 6.43620669074 11.5902881401 11.5954984192 0.402262918171 0.724393008759 0.724718651199
528 1048576 104105.576 104339.808 185905.225 5.95624063821 10.6124045772 10.6362819221 0.372265039888 0.663275286073 0.664767620132
576 1048576 104052.269 104854.388 196821.123 6.13734711797 11.5203528917 11.6091610842 0.383584194873 0.720022055729 0.725572567764
624 1048576 112718.114 113657.276 201206.523 6.50387884293 11.5137621986 11.6096943212 0.406492427683 0.71961013741 0.725605895074
672 1048576 133308.765 133321.412 226569.063 6.22011728053 10.5705911966 10.5715940283 0.388757330033 0.660661949785 0.660724626772
736 1048576 132834.431 132857.305 232436.192 6.64054878338 11.6177569009 11.6197574709 0.415034298961 0.726109806307 0.726234841929
800 1048576 144371.265 144485.304 246063.893 6.8182356198 11.6117110429 11.6208831446 0.426139726238 0.725731940184 0.726305196536
880 1048576 158758.871 158819.33 253200.112 7.28867671275 11.6200827695 11.6245079621 0.455542294547 0.726255173095 0.726531747634
960 1048576 173125.522 173130.494 269517.811 7.46988079389 11.6286037975 11.62893776 0.466867549618 0.726787737347 0.726808609998
1056 524288 95248.979 95262.413 143170.145 7.7341282011 11.6236427477 11.6252821566 0.483383012569 0.726477671734 0.726580134785
1152 524288 103763.507 103770.296 151721.479 7.96169111955 11.6407064311 11.6414680549 0.497605694972 0.727544151941 0.727591753428
1264 524288 119714.787 120060.793 166486.501 7.96100618392 11.0394078773 11.071314557 0.497562886495 0.689962992332 0.691957159812
1376 524288 130830.127 130842.43 176953.988 8.15376128172 11.0273141213 11.0283511075 0.509610080107 0.689207132579 0.689271944221
1504 524288 142031.012 142274.394 187591.579 8.40687152593 11.0846249958 11.1036194264 0.525429470371 0.69278906224 0.693976214152
1648 524288 154856.623 154894.94 200806.76 8.60555315966 11.1562924392 11.1590529002 0.537847072479 0.697268277453 0.697440806261
1808 524288 167741.589 167766.305 215117.874 8.8129608793 11.300394367 11.3020594314 0.550810054956 0.70627464794 0.706378714464
1984 524288 185260.988 185272.528 230600.123 9.02156840567 11.2287277907 11.2294272338 0.563848025354 0.701795486916 0.70183920211
2176 262144 101256.589 101381.459 124417.206 9.16955720738 11.2530505997 11.2669279033 0.573097325462 0.703315662482 0.704182993958
2384 262144 111068.684 111081.941 133836.571 9.33902133521 11.2520773471 11.2534203791 0.58368883345 0.703254834195 0.703338773691
2608 262144 120866.779 121187.941 143938.317 9.49950737579 11.2828313834 11.312811637 0.593719210987 0.70517696146 0.707050727314
2864 262144 132505.095 132516.245 155871.946 9.63329752745 11.33114534 11.3320988299 0.602081095465 0.708196583747 0.708256176866
3136 262144 144431.572 144501.781 167560.374 9.81238659685 11.3781792627 11.3837102597 0.613274162303 0.71113620392 0.711481891231
3440 262144 158316.789 158613.227 181239.127 9.95122162556 11.3707460223 11.3920370126 0.621951351597 0.710671626396 0.712002313286
3776 262144 174106.412 174426.815 196122.723 10.0942484263 11.3498115986 11.370698329 0.630890526642 0.709363224915 0.710668645564
4144 131072 95095.027 95461.105 107146.054 10.1387283567 11.3797628469 11.4235704039 0.633670522295 0.711235177929 0.713973150247
4544 131072 104229.84 104685.642 115878.598 10.2795715219 11.3786600841 11.4284195006 0.64247322012 0.711166255254 0.714276218787
4992 131072 114573.078 114680.674 126136.886 10.3746246598 11.4110146231 11.421730749 0.648414041235 0.713188413943 0.713858171812
5488 131072 125640.625 125747.504 137696.897 10.4479207836 11.4407541004 11.450486433 0.652995048973 0.715047131273 0.715655402064
6032 131072 138477.999 139290.488 150105.314 10.534288 11.352193755 11.4188002384 0.658392999997 0.709512109685 0.713675014903
6624 131072 151183.924 151594.482 162719.765 10.6713640841 11.4545188789 11.4856249928 0.666960255258 0.715907429929 0.717851562048
7280 131072 166131.952 166303.42 177840.966 10.7309826466 11.4754604566 11.4873045012 0.670686415412 0.717216278535 0.717956531324
8000 131072 182387.679 183156.882 193689.816 10.8273735982 11.4500311269 11.4983205636 0.676710849888 0.715626945429 0.718645035227
8800 65536 100071.509 100214.169 105989.424 10.8825348461 11.509685821 11.5260938056 0.680158427882 0.719355363811 0.720380862849
9680 65536 110056.768 110351.106 116856.818 10.8575347311 11.497637006 11.5283865141 0.678595920693 0.718602312876 0.720524157133
10640 65536 121282.474 121450.663 127916.248 10.9024936379 11.4829021559 11.4988261206 0.681405852367 0.717681384745 0.718676632536
11696 65536 132795.366 132868.702 139551.288 10.9853383224 11.5378421624 11.5442139148 0.686583645147 0.72111513515 0.721513369676
12864 65536 145791.226 145924.365 152630.229 11.0470266542 11.5546859361 11.5652378697 0.690439165888 0.722167871006 0.722827366854
14144 65536 160215.786 160485.175 167003.824 11.1008378347 11.5517359656 11.5711592115 0.693802364669 0.721983497853 0.723197450718
15552 65536 176255.917 176518.797 183051.168 11.1358576199 11.5479585101 11.5651819167 0.695991101242 0.721747406878 0.722823869794
17104 32768 97033.091 97139.223 101222.021 11.073951428 11.5393937627 11.5520152192 0.692121964251 0.721212110169 0.722000951201
18800 32768 106380.005 106522.86 109860.622 11.2149082862 11.5663135594 11.5818456673 0.70093176789 0.72289459746 0.723865354208
20672 32768 116848.844 117061.623 120381.783 11.2538638176 11.573051503 11.5941257579 0.703366488599 0.723315718935 0.724632859868
22736 32768 128562.076 128716.566 132231.744 11.2682964841 11.5760274089 11.5899380467 0.704268530255 0.723501713058 0.724371127921
25008 32768 141365.46 141776.233 144729.504 11.3240510242 11.5599367632 11.5935270751 0.707753189011 0.722496047698 0.724595442196
27504 32768 155482.373 155615.558 158854.509 11.3468742899 11.5830458546 11.5929678022 0.709179643116 0.723940365911 0.724560487638
30240 32768 170956.298 170992.316 174265.231 11.3723697414 11.590045017 11.5924868705 0.710773108837 0.724377813562 0.724530429408
33264 16384 94010.196 94136.973 95802.014 11.3775765925 11.5788166675 11.5944312253 0.711098537031 0.723676041718 0.724651951582
36576 16384 103312.434 103447.897 105235.21 11.3889863288 11.5857586549 11.6009498721 0.711811645551 0.724109915932 0.725059367007
40224 16384 113751.561 114603.97 115492.549 11.4125113993 11.5009980195 11.5871819289 0.713281962458 0.71881237622 0.724198870554
44240 16384 124967.851 125074.345 127144.835 11.4016139153 11.5903570792 11.6002340474 0.712600869709 0.724397317451 0.725014627962
48656 16384 137979.659 138873.765 139380.927 11.4388664383 11.4806407675 11.5550351375 0.714929152394 0.717540047971 0.722189696091
53520 16384 151488.692 152624.429 153171.12 11.4495693444 11.4905809738 11.5767278524 0.715598084025 0.718161310861 0.723545490775
58864 16384 167865.748 168036.766 168302.67 11.4606354849 11.4787709733 11.4904652973 0.716289717804 0.717423185828 0.718154081082
64736 16384 184398.754 184581.702 185136.926 11.4578398477 11.492305169 11.5037070587 0.71611499048 0.718269073063 0.718981691167
71200 8192 101502.739 101848.069 101920.851 11.4455559246 11.4537350728 11.4927026748 0.715347245285 0.715858442049 0.718293917172
78320 8192 111374.464 112584.149 112736.618 11.3822367813 11.3976513692 11.5214460651 0.711389798832 0.712353210575 0.720090379066
86144 8192 122349.938 122913.317 124163.661 11.3671204975 11.4827532968 11.5356273903 0.710445031095 0.717672081049 0.720976711897
94752 8192 134531.941 134912.141 136355.256 11.385089314 11.5068722243 11.5393917345 0.711568082128 0.719179514022 0.721211983405
104224 8192 147801.314 148268.074 149724.556 11.4049830009 11.517017588 11.5533885984 0.712811437557 0.719813599251 0.722086787402
114640 8192 162689.075 163735.445 164600.402 11.4110399317 11.4713204584 11.5451007389 0.713189995733 0.716957528652 0.721568796184
126096 8192 178721.313 179955.18 180855.737 11.4232310142 11.4803967521 11.5596558089 0.713951938389 0.717524797008 0.722478488058
138704 4096 98306.68 98843.819 99740.795 11.3921607302 11.4955409402 11.5583515586 0.712010045639 0.718471308762 0.722396972413
152560 4096 108066.315 108993.942 109984.256 11.3631856545 11.4664310426 11.5648573748 0.710199103406 0.71665194016 0.722803585928
167808 4096 118816.999 119746.116 120090.056 11.4471021314 11.4799809958 11.5697513619 0.715443883214 0.717498812237 0.72310946012
184576 4096 130830.774 131536.196 132431.564 11.4175695456 11.4952890382 11.5572700961 0.713598096599 0.718455564885 0.722329381006
203024 4096 143750.102 144507.115 145425.889 11.4365648334 11.5092783355 11.5698881939 0.714785302086 0.719329895971 0.723118012118
223312 4096 159068.435 160160.967 172951.728 10.5773554572 11.4220832845 11.500533742 0.661084716078 0.713880205281 0.718783358873
245632 4096 173965.625 174995.324 175635.577 11.4567753206 11.4986920679 11.5667525926 0.71604845754 0.718668254244 0.72292203704
270192 2048 95632.767 96436.424 96503.75 11.468014787 11.476021052 11.57246064 0.716750924187 0.717251315748 0.723278789999
297200 2048 105094.722 106086.726 106179.347 11.4648586038 11.474868213 11.583181123 0.716553662738 0.717179263313 0.723948820189
326912 2048 115858.958 116638.399 116869.751 11.4574690246 11.4801948885 11.5574278857 0.71609181404 0.71751218053 0.722339242858
359600 2048 127293.634 128172.045 128251.481 11.4846361891 11.4917539156 11.5710546845 0.71778976182 0.718234619725 0.72319091778
395552 2048 140744.051 140907.127 140969.226 11.4931537753 11.4982189084 11.5115415571 0.718322110955 0.718638681775 0.719471347318
435104 2048 154130.375 154910.987 155142.077 11.4874444023 11.5045809114 11.5628472584 0.717965275146 0.71903630696 0.722677953648
478608 2048 169955.236 170696.821 179243.547 10.9369536634 11.4845628437 11.5346747422 0.683559603962 0.717785177733 0.72091717139
526464 1024 93550.816 93651.998 99045.559 10.8858820414 11.5128165445 11.5252684915 0.680367627588 0.719551034031 0.720329280719
579104 1024 102961.463 102965.034 103459.667 11.4634526322 11.5185218314 11.5189213269 0.716465789514 0.719907614463 0.719932582932
637008 1024 113207.746 113227.125 113741.869 11.469763909 11.5219068222 11.5238791522 0.716860244313 0.72011917639 0.720242447014
700704 1024 124719.685 125100.761 125446.79 11.439446095 11.4710876299 11.5061370785 0.71496538094 0.71694297687 0.719133567408
770768 1024 136995.973 137106.517 137648.068 11.46788972 11.5131862332 11.522476387 0.716743107502 0.719574139572 0.720154774184
847840 1024 150720.395 150757.529 151282.706 11.4776921032 11.5176756446 11.520513332 0.717355756447 0.719854727786 0.720032083249
932624 1024 165938.192 166070.278 166385.561 11.4794453348 11.5012389634 11.5103938941 0.717465333425 0.718827435214 0.719399618383
1025872 1024 182444.35 182682.109 183063.713 11.4768012817 11.5007751306 11.5157627847 0.717300080109 0.718798445665 0.719735174041
1128448 512 100345.331 100396.622 100643.424 11.4814332231 11.5096576855 11.5155407878 0.717589576444 0.719353605343 0.71972129924
1241280 512 110335.234 110341.417 110673.185 11.4849023275 11.5194344477 11.5200799774 0.71780639547 0.719964652982 0.720004998585
1365408 512 121400.015 121546.54 121734.267 11.4854907041 11.5032298904 11.5171138323 0.717843169007 0.718951868149 0.71981961452
1501936 512 133405.014 133603.113 133919.678 11.4843650087 11.5115765603 11.528670609 0.717772813044 0.719473535022 0.720541913065
1652128 512 146774.4 146906.884 147259.201 11.4884439173 11.5159958876 11.5263906512 0.718027744833 0.719749742973 0.720399415702
1817328 512 161322.535 161617.545 162027.88 11.4853312405 11.5144916475 11.5355481613 0.717833202533 0.719655727972 0.720971760083
1999056 512 177437.844 177861.235 178137.722 11.4912962904 11.509159621 11.5366220523 0.71820601815 0.719322476311 0.721038878268
2198960 256 97726.756 97796.011 98264.435 11.4575280466 11.5124073926 11.5205657701 0.716095502915 0.719525462035 0.720035360633
2418848 256 107534.88 107843.741 108301.369 11.4352218022 11.4837464327 11.5167299764 0.714701362639 0.717734152045 0.719795623522
2660720 256 118256.62 118324.602 119502.343 11.3996814272 11.5131478744 11.5197664198 0.712480089198 0.719571742147 0.71998540124
2926784 256 130198.111 130304.595 130417.038 11.4901659398 11.5000810831 11.5094865547 0.718135371239 0.718755067694 0.719342909668
3219456 256 143366.349 143833.275 143874.22 11.4569620047 11.4602234566 11.4975479497 0.716060125296 0.71626396604 0.718596746856
3541392 256 158320.567 158321.37 173487.049 10.4514585639 11.4526087287 11.4526668162 0.653216160245 0.715788045543 0.715791676011
3895520 256 174701.838 174714.882 175193.21 11.3846092551 11.4157776211 11.4166299727 0.711538078445 0.713486101316 0.713539373295
4285072 128 96429.122 96527.261 96635.749 11.3516834438 11.3644417197 11.3760076754 0.709480215236 0.710277607483 0.71100047971
4713568 128 106234.25 106439.116 106613.858 11.3181666121 11.3367477422 11.3586099398 0.707385413255 0.708546733891 0.709913121239
5184912 128 116659.294 116781.953 116811.481 11.3630737376 11.36594686 11.3778973495 0.710192108599 0.710371678747 0.711118584345
5703392 128 128534.849 128542.906 128670.242 11.3473661766 11.3586070008 11.3593189968 0.709210386035 0.709912937553 0.709957437302
6273728 128 141440.686 141582.511 142225.314 11.2924649124 11.3437341707 11.3551087273 0.705779057025 0.708983385667 0.709694295459
6901088 128 155737.555 155739.635 155810.059 11.3386679868 11.3437952259 11.3439467314 0.708666749173 0.70898720162 0.708996670713
7591184 128 171316.579 171349.723 171395.329 11.3383667766 11.341384567 11.3435787438 0.708647923538 0.70883653544 0.708973671486
8350288 128 188389.952 188423.441 188642.032 11.3319057547 11.3450519567 11.3470687014 0.708244109669 0.709065747292 0.709191793838
9185312 64 103647.096 103663.938 103794.141 11.3274210343 11.3416483946 11.343491341 0.707963814643 0.708853024665 0.708968208815
10103840 64 114043.862 114186.39 115083.61 11.2378428171 11.3261442104 11.3402992263 0.702365176066 0.707884013147 0.708768701642
11114224 64 125594.234 125623.289 126580.211 11.2388868747 11.3244978962 11.3271177083 0.702430429666 0.707781118515 0.707944856768
12225632 64 138101.491 138169.539 138204.749 11.3229169571 11.325802397 11.3313830623 0.707682309817 0.707862649813 0.708211441396
13448192 64 151545.62 151560.949 151573.363 11.3566694169 11.3575996149 11.3587484482 0.709791838557 0.709849975933 0.70992177801
14793008 64 166509.521 166518.033 166606.327 11.3651447583 11.371170977 11.3717522736 0.710321547392 0.710698186064 0.710734517097
16272304 64 183157.746 183340.802 184833.432 11.2688212812 11.360563984 11.3719182371 0.704301330075 0.710035249 0.710744889818
17899520 32 100785.288 100823.06 100838.344 11.3604531229 11.3621752801 11.3664335612 0.710028320179 0.710135955009 0.710402097576
19689472 32 110889.268 111017.976 125770.335 10.0192641452 11.3506501686 11.3638247481 0.626204009077 0.709415635536 0.710239046758
21658416 32 121954.616 121955.46 122109.839 11.3515719565 11.3659415003 11.3660201595 0.709473247279 0.710371343768 0.710376259969
23824256 32 134285.979 134451.396 135067.554 11.2888131816 11.3405470628 11.3545166469 0.705550823849 0.708784191426 0.709657290431
26206672 32 147629.422 147733.977 148392.092 11.3026710884 11.353021438 11.3610619433 0.706416943027 0.709563839874 0.710066371458
28827328 32 162496.055 162559.59 162616.018 11.3454321087 11.349370357 11.353807894 0.709089506791 0.709335647316 0.709612993374
31710048 32 178912.843 179846.442 193261.038 10.5010461136 11.2843103785 11.3431939148 0.6563153821 0.705269398657 0.708949619676
34881040 16 98474.135 98763.486 109023.605 10.2380881645 11.3016796511 11.3348878871 0.63988051028 0.706354978195 0.708430492941
38369136 16 108183.511 108422.133 108481.573 11.318165086 11.3243700159 11.3493483494 0.707385317873 0.707773125991 0.709334271837
42206048 16 119032.306 119141.28 119282.916 11.3226066338 11.336067029 11.3464451911 0.707662914612 0.708504189312 0.709152824444
46426640 16 130930.453 131609.837 131971.609 11.2573643017 11.2883087911 11.346882608 0.703585268859 0.705519299443 0.709180162998
51069296 16 144061.973 144152.208 144381.14 11.3187738509 11.3367495002 11.3438504136 0.707423365683 0.708546843764 0.70899065085
56176224 16 158593.994 158646.457 159248.021 11.2882983205 11.3311018852 11.3348502214 0.705518645032 0.708193867828 0.708428138836
61793840 16 174467.155 174481.67 174535.917 11.3294897348 11.3330121153 11.3339549785 0.708093108423 0.708313257203 0.708372186157
67973216 8 95975.822 96002.58 96124.477 11.3141989423 11.3285648782 11.3317232751 0.707137433892 0.708035304885 0.708232704691
74770528 8 105664.15 105723.776 105896.316 11.2971677693 11.3156046186 11.3219899843 0.70607298558 0.707225288662 0.707624374019
82247568 8 116276.12 116322.812 116345.091 11.3108432568 11.3130095926 11.3175524605 0.70692770355 0.707063099541 0.707347028779
90472320 8 127743.867 127826.587 128593.528 11.2568427238 11.3243821491 11.3317152048 0.70355267024 0.707773884317 0.708232200298
99519552 8 140678.11 140958.322 141035.013 11.2901952368 11.2963378778 11.3188386736 0.705637202302 0.706021117363 0.707427417101
109471504 8 154614.972 155000.896 155020.588 11.2987835138 11.3002189613 11.3284246755 0.706173969615 0.706263685082 0.708026542216
120418640 8 170239.094 170363.077 170485.633 11.301235219 11.3093651155 11.3176015845 0.70632720119 0.706835319721 0.707350099032
132460496 8 187219.141 187418.38 193449.288 10.9556771075 11.3082182014 11.3202524308 0.684729819218 0.70676363759 0.707515776926
145706544 4 103041.836 103382.135 104172.886 11.1895944977 11.2751816549 11.3124183075 0.699349656109 0.704698853433 0.707026144216
160277184 4 113552.627 113702.226 116770.844 10.9806303361 11.2769777436 11.2918345077 0.686289396007 0.704811108975 0.705739656732
176304896 4 124672.684 127192.702 139256.694 10.1283401716 11.0889944613 11.3131371103 0.633021260723 0.693062153833 0.707071069393
193935376 4 137347.369 138157.876 139720.432 11.1041956126 11.2297832952 11.296051896 0.694012225785 0.701861455948 0.706003243499
213328912 4 150903.782 151234.567 155477.841 10.9766850699 11.2846641469 11.3094004231 0.686042816867 0.705291509183 0.706837526444
234661792 4 166191.044 166426.965 191631.227 9.79639052251 11.279989009 11.2960018231 0.612274407657 0.704999313062 0.706000113941
258127968 4 182614.333 182826.903 186627.97 11.0649209976 11.2949664963 11.3081142651 0.691557562353 0.705935406016 0.706757141566
283940752 2 100412.687 100555.194 102295.925 11.1027199568 11.2949213543 11.3109512546 0.693919997302 0.705932584646 0.706934453412
312334816 2 110550.869 110656.47 122358.508 10.2104813504 11.2902504842 11.3010352185 0.638155084402 0.705640655264 0.706314701154
343568288 2 121542.043 121901.58 121967.158 11.2675672249 11.2736287093 11.3069775534 0.704222951559 0.704601794333 0.70668609709
377925104 2 133922.543 133957.519 137546.123 10.9904981909 11.2849239616 11.2878711988 0.686906136933 0.7053077476 0.705491949925
415717600 2 147177.122 147777.923 147824.249 11.2489690375 11.2524954083 11.2984299285 0.703060564847 0.703280963016 0.706151870533
457289360 2 161814.026 162069.697 166773.076 10.9679420916 11.2862396479 11.304072244 0.685496380723 0.705389977992 0.706504515251
503018288 2 178017.686 178085.742 182354.162 11.0338756732 11.2983393808 11.3026587257 0.689617229575 0.706146211301 0.706416170357
553320112 1 97833.935 98234.953 100607.61 10.9995677663 11.2652390031 11.3114148378 0.687472985393 0.704077437692 0.706963427363
608652112 1 107834.154 107875.891 108422.034 11.2274616062 11.2843028476 11.2886704151 0.701716350387 0.705268927976 0.705541900945
669517312 1 118630.363 118686.047 121501.924 11.020686586 11.2821570677 11.2874528084 0.688792911625 0.705134816732 0.705465800522
736469040 1 130492.709 130572.537 134024.995 10.9900252561 11.2806116343 11.2875124694 0.686876578507 0.705038227143 0.705469529336
810115936 1 143849.674 144126.027 144170.843 11.2382770211 11.2417715643 11.2633683966 0.702392313819 0.702610722767 0.703960524791
891127520 1 157695.673 157991.779 162405.085 10.9741332299 11.2806821423 11.3018639389 0.685883326868 0.705042633896 0.706366496182
980240272 1 173635.056 173721.722 175175.402 11.1915287284 11.2851779353 11.2908106759 0.699470545528 0.705323620957 0.705675667245

META_DATA
ERT_VERSION  1.1.0
OPENMP_THREADS 2
MPI_PROCS      1
UNAME  ('Linux', 'atajo-Inspiron-15-7568', '4.15.0-33-generic', '#36-Ubuntu SMP Wed Aug 15 16:00:05 UTC 2018', 'x86_64', 'x86_64')
FLOPS          1
TIMESTAMP_DATA  1535285182.24
HOSTNAME  ('atajo-Inspiron-15-7568', [], ['127.0.1.1'])
TIMESTAMP_DATA  1535285134.06
CONFIG  {'ERT_WORKING_SET_MIN': ['1'], 'ERT_CFLAGS': [], 'ERT_CC': ['mpicc'], 'ERT_MPI_CFLAGS': ['-I/usr/include/mpi'], 'ERT_MPI_LDFLAGS': ['-lmpi'], 'ERT_MEMORY_MAX': ['1073741824'], 'ERT_PROCS_THREADS': ['1-4'], 'ERT_LDFLAGS': [], 'ERT_LDLIBS': [], 'ERT_RUN': ['export', 'OMP_NUM_THREADS=ERT_OPENMP_THREADS;', 'mpirun', '-np', 'ERT_MPI_PROCS', 'ERT_CODE'], 'ERT_FLOPS': ['1,2,4,8,16'], 'ERT_OPENMP_CFLAGS': ['-fopenmp'], 'ERT_MPI': ['True'], 'ERT_TRIALS_MIN': ['1'], 'ERT_DRIVER': ['driver1'], 'ERT_RESULTS': ['Results/myLaptop'], 'ERT_OPENMP': ['True'], 'ERT_MPI_PROCS': ['1,2,4'], 'ERT_KERNEL': ['kernel1'], 'ERT_GPU': [False], 'ERT_OPENMP_THREADS': ['1,2,4'], 'ERT_LD': ['mpicc'], 'ERT_NUM_EXPERIMENTS': ['3'], 'ERT_OPENMP_LDFLAGS': ['-fopenmp'], 'ERT_ALIGN': ['64'], 'ERT_GNUPLOT': ['gnuplot']}
TIMESTAMP_DATA  1535285234.49
