32 33554432 1297332.835 1298927.784 1303913.61 1.64695239894 1.65327408841 1.65530663378 1.64695239894 1.65327408841 1.65530663378
64 16777216 892065.851 893350.493 894492.451 2.40078454055 2.40385343135 2.40731516131 2.40078454055 2.40385343135 2.40731516131
96 8388608 658560.418 658884.792 661263.459 2.43565966647 2.44445274129 2.44565675674 2.43565966647 2.44445274129 2.44565675674
128 8388608 873727.038 902381.241 909702.619 2.36064358082 2.37979642132 2.4578427296 2.36064358082 2.37979642132 2.4578427296
160 4194304 543046.18 543533.847 543590.356 2.46909693151 2.46935363346 2.47157116546 2.46909693151 2.46935363346 2.47157116546
192 4194304 650844.411 650922.182 654070.852 2.46244383323 2.47435527708 2.47465094388 2.46244383323 2.47435527708 2.47465094388
224 4194304 756344.497 757275.819 760301.656 2.4714508737 2.48132601736 2.48438138897 2.4714508737 2.48132601736 2.48438138897
256 4194304 862650.328 865062.034 887055.061 2.42091358521 2.48246202422 2.48940222741 2.42091358521 2.48246202422 2.48940222741
288 2097152 485737.136 487415.099 489235.998 2.4690733244 2.47829735779 2.48685855471 2.4690733244 2.47829735779 2.48685855471
320 2097152 537587.24 537696.104 538451.838 2.49265985419 2.49616329747 2.49666878254 2.49265985419 2.49616329747 2.49666878254
352 2097152 590992.035 594007.791 597246.737 2.47200179848 2.48548088151 2.49816396933 2.47200179848 2.48548088151 2.49816396933
384 2097152 643812.827 644601.976 646197.924 2.49244492466 2.49861588386 2.50167854453 2.49244492466 2.49861588386 2.50167854453
416 2097152 699859.752 738054.521 765622.827 2.27896870687 2.36409426994 2.49311445474 2.27896870687 2.36409426994 2.49311445474
448 2097152 750274.742 750400.525 750503.891 2.50371545642 2.50406033764 2.50448014149 2.50371545642 2.50406033764 2.50448014149
480 2097152 825676.22 826991.021 829620.625 2.42673079638 2.43444713289 2.43832372937 2.42673079638 2.43444713289 2.43832372937
512 2097152 861503.072 876398.687 876533.237 2.44997400823 2.45035014298 2.49271734228 2.44997400823 2.45035014298 2.49271734228
544 1048576 455181.655 456649.105 484445.526 2.3549617589 2.49830926089 2.50636350448 2.3549617589 2.49830926089 2.50636350448
576 1048576 491809.273 495674.556 501272.986 2.40978386176 2.43700132956 2.45615448572 2.40978386176 2.43700132956 2.45615448572
608 1048576 524484.544 524612.656 525186.526 2.42783916357 2.43049495931 2.43108863852 2.42783916357 2.43049495931 2.43108863852
640 1048576 541704.972 543198.605 546903.884 2.45413740744 2.47087762679 2.47769053152 2.45413740744 2.47087762679 2.47769053152
704 1048576 600944.043 601777.538 602829.959 2.44910689318 2.45339002334 2.45679281657 2.44910689318 2.45339002334 2.45679281657
768 1048576 643237.777 654439.333 687280.788 2.34345665428 2.46105735824 2.50391502737 2.34345665428 2.46105735824 2.50391502737
832 1048576 697848.677 698479.205 717566.827 2.43159298667 2.49804210563 2.50029916443 2.43159298667 2.49804210563 2.50029916443
896 1048576 746753.559 759151.546 760374.055 2.47121555456 2.47519510683 2.51628957017 2.47121555456 2.47519510683 2.51628957017
960 1048576 811113.137 815013.871 816810.761 2.46478868316 2.47022289023 2.48210246902 2.46478868316 2.47022289023 2.48210246902
1056 524288 452434.58 452693.442 461807.598 2.39774369412 2.44601788598 2.44741738353 2.39774369412 2.44601788598 2.44741738353
1152 524288 491376.716 491846.931 522990.127 2.3097176976 2.45596643156 2.45831662891 2.3097176976 2.45596643156 2.45831662891
1248 524288 531077.058 531796.314 534388.239 2.44882419278 2.46075953057 2.46409222219 2.44882419278 2.46075953057 2.46409222219
1344 524288 575401.358 575495.199 579045.208 2.43381021815 2.44882345926 2.44922283273 2.43381021815 2.44882345926 2.44922283273
1472 524288 622470.513 625302.614 630167.09 2.44935652225 2.46841103402 2.47964174971 2.44935652225 2.46841103402 2.47964174971
1600 524288 666962.867 668538.8 678792.613 2.47162619019 2.50953512347 2.51546477774 2.47162619019 2.50953512347 2.51546477774
1760 524288 746961.815 769260.486 773086.915 2.38717500477 2.39904920841 2.47066680376 2.38717500477 2.39904920841 2.47066680376
1920 524288 813625.053 813869.104 817956.819 2.46133521139 2.47369744116 2.47443943937 2.46133521139 2.47369744116 2.47443943937
2112 262144 444349.438 447079.849 448460.448 2.46910571699 2.47673040616 2.49194926629 2.46910571699 2.47673040616 2.49194926629
2304 262144 484557.289 484948.514 487856.79 2.47605358122 2.49090267756 2.49291379868 2.47605358122 2.49090267756 2.49291379868
2528 262144 534909.153 536129.243 540296.418 2.45309800296 2.4721652126 2.47780404685 2.45309800296 2.4721652126 2.47780404685
2752 262144 581085.268 584632.723 609559.335 2.36702236051 2.46794358105 2.48301007693 2.36702236051 2.46794358105 2.48301007693
3008 262144 634424.059 636857.273 637356.749 2.47437295749 2.47631356484 2.48581099917 2.47437295749 2.47631356484 2.48581099917
3296 262144 694418.91 694602.032 700527.758 2.46678768723 2.48783212313 2.48848817783 2.46678768723 2.48783212313 2.48848817783
3616 262144 762799.664 765175.494 765563.019 2.47638059957 2.47763476858 2.48535165584 2.47638059957 2.47763476858 2.48535165584
3968 262144 835250.75 839917.023 867189.932 2.39898401403 2.47688131926 2.49071884581 2.39898401403 2.47688131926 2.49071884581
4352 131072 457102.816 458288.968 461157.992 2.47388250402 2.48936973757 2.49582948971 2.47388250402 2.48936973757 2.49582948971
4768 131072 501395.035 502309.463 502583.308 2.48695603715 2.48831185567 2.49284995812 2.48695603715 2.48831185567 2.49284995812
5216 131072 547841.142 548023.061 549158.307 2.48988877446 2.49504665279 2.49587517105 2.48988877446 2.49504665279 2.49587517105
5728 131072 599960.747 600988.783 601383.289 2.4968449564 2.4984839559 2.50276512173 2.4968449564 2.4984839559 2.50276512173
6272 131072 657319.702 657580.396 657948.418 2.49893019425 2.50032874763 2.50132038184 2.49893019425 2.50032874763 2.50132038184
6880 131072 720594.559 721963.337 722705.568 2.49555392937 2.49811954094 2.50286474894 2.49555392937 2.49811954094 2.50286474894
7552 131072 790042.907 790762.077 793283.46 2.49559153546 2.50354884937 2.50582781069 2.49559153546 2.50354884937 2.50582781069
8288 65536 433079.66 433661.459 434294.21 2.50135670931 2.50500641331 2.50837163768 2.50135670931 2.50500641331 2.50837163768
9088 65536 475673.89 476726.893 476779.383 2.49839313207 2.49866821757 2.50419953889 2.49839313207 2.49866821757 2.50419953889
9984 65536 520863.799 521351.31 522189.4 2.50603104544 2.51005957576 2.51240890711 2.50603104544 2.51005957576 2.51240890711
10976 65536 572885.333 575766.57 579058.914 2.48445579062 2.49866238674 2.51122901762 2.48445579062 2.49866238674 2.51122901762
12064 65536 629593.023 629810.305 630226.823 2.50902143529 2.51068074855 2.51154722215 2.50902143529 2.51068074855 2.51154722215
13248 65536 690404.39 690443.828 692676.439 2.50685855362 2.51496470181 2.51510836424 2.50685855362 2.51496470181 2.51510836424
14560 65536 759922.389 760711.82 762154.172 2.50396624477 2.5087139043 2.51132003429 2.50396624477 2.5087139043 2.51132003429
16000 65536 834401.777 836432.483 855687.335 2.45083912572 2.5072579588 2.51335993979 2.45083912572 2.5072579588 2.51335993979
17600 32768 458272.153 458444.748 460261.225 2.50604121605 2.51597080135 2.51691836925 2.50604121605 2.51597080135 2.51691836925
19360 32768 503720.067 504234.944 505854.262 2.50818675518 2.51624163517 2.51881360923 2.50818675518 2.51624163517 2.51881360923
21280 32768 554380.57 554589.346 554794.73 2.51373346679 2.51466439097 2.5156113967 2.51373346679 2.51466439097 2.5156113967
23392 32768 609476.484 609976.468 612489.341 2.50293027059 2.51324139934 2.51530313678 2.50293027059 2.51324139934 2.51530313678
25728 32768 696579.035 696978.581 699116.922 2.41177141468 2.41917076645 2.42055836205 2.41177141468 2.41917076645 2.42055836205
28288 32768 736239.136 736649.248 736790.706 2.51615873124 2.51664190662 2.51804376778 2.51615873124 2.51664190662 2.51804376778
31104 32768 811178.84 811447.092 812740.254 2.50809743207 2.51209445951 2.51292519415 2.50809743207 2.51209445951 2.51292519415
34208 16384 445165.666 445930.382 446074.987 2.51286841152 2.51368327714 2.5180013411 2.51286841152 2.51368327714 2.5180013411
37600 16384 489106.76 490527.567 493168.007 2.49829020235 2.51173814254 2.51903449464 2.49829020235 2.51173814254 2.51903449464
41344 16384 538254.279 538799.383 539507.073 2.51110737894 2.51440561134 2.51695201479 2.51110737894 2.51440561134 2.51695201479
45472 16384 591757.405 592100.371 593330.699 2.51129176109 2.51650998543 2.51796848406 2.51129176109 2.51650998543 2.51796848406
50016 16384 651847.811 652674.578 654887.988 2.50260245726 2.51108951267 2.51427443698 2.50260245726 2.51108951267 2.51427443698
55008 16384 716204.338 717446.0 717978.716 2.5105230891 2.51238719569 2.51674284609 2.5105230891 2.51238719569 2.51674284609
60480 16384 787631.673 787729.595 788925.68 2.51203464438 2.51584890625 2.51616168818 2.51203464438 2.51584890625 2.51616168818
66528 8192 433315.546 433464.22 434616.723 2.50794480359 2.51461297544 2.51547575909 2.50794480359 2.51461297544 2.51547575909
73152 8192 477990.964 478010.148 478464.536 2.50493459352 2.50731574008 2.50741637032 2.50493459352 2.50731574008 2.50741637032
80448 8192 526459.31 527163.538 529675.298 2.48843024581 2.50028679336 2.50363134807 2.48843024581 2.50028679336 2.50363134807
88480 8192 580395.448 580541.757 580598.276 2.4968319403 2.49707502091 2.49770449612 2.4968319403 2.49707502091 2.49770449612
97312 8192 638724.51 638926.456 640151.355 2.49059819299 2.49537296981 2.49616193373 2.49059819299 2.49537296981 2.49616193373
107040 8192 701904.934 702015.778 704350.636 2.48987261509 2.49815376657 2.49854827207 2.48987261509 2.49815376657 2.49854827207
117728 8192 772060.95 772944.478 773459.336 2.49380343894 2.49546456039 2.49832031007 2.49380343894 2.49546456039 2.49832031007
129472 8192 848512.201 850110.357 851355.987 2.49163602581 2.4952869125 2.4999867362 2.49163602581 2.4952869125 2.4999867362
142400 4096 466454.373 467200.165 469522.289 2.48452699122 2.49687583051 2.50086796807 2.48452699122 2.49687583051 2.50086796807
156640 4096 513108.722 514207.347 545706.032 2.35143979497 2.49548141909 2.50082453286 2.35143979497 2.49548141909 2.50082453286
172288 4096 565007.392 565859.91 567316.569 2.48782315399 2.49422740692 2.49799085106 2.48782315399 2.49422740692 2.49799085106
189504 4096 621074.283 621130.802 621700.867 2.49704777716 2.49933953203 2.49956697692 2.49704777716 2.49933953203 2.49956697692
208448 4096 683627.162 686596.813 691838.054 2.46821637828 2.48705788269 2.49786156975 2.46821637828 2.48705788269 2.49786156975
229280 4096 752169.596 752229.95 754377.865 2.48981557803 2.49692498949 2.49712534246 2.48981557803 2.49692498949 2.49712534246
252192 4096 827866.67 829113.628 859246.106 2.40438315585 2.491765657 2.49551883034 2.40438315585 2.491765657 2.49551883034
277408 2048 454726.108 454985.385 455039.248 2.49706629262 2.49736190537 2.49878585815 2.49706629262 2.49736190537 2.49878585815
305120 2048 500247.521 500520.489 500948.326 2.49481125125 2.49694377646 2.49830627347 2.49481125125 2.49694377646 2.49830627347
335616 2048 550317.344 550466.331 550539.65 2.49697389825 2.49730648104 2.49798257494 2.49697389825 2.49730648104 2.49798257494
369152 2048 605399.287 605589.152 607824.58 2.48763646906 2.49681915042 2.4976022015 2.48763646906 2.49681915042 2.4976022015
406048 2048 666956.896 676888.89 695894.618 2.38997768481 2.45708362564 2.49367330629 2.38997768481 2.45708362564 2.49367330629
446624 2048 732805.828 733165.74 733452.353 2.49419324448 2.4951682876 2.49639377049 2.49419324448 2.4951682876 2.49639377049
491264 2048 806034.847 806824.004 809398.078 2.48606637289 2.49399786574 2.4964396409 2.48606637289 2.49399786574 2.4964396409
540384 1024 443680.812 444145.74 511183.751 2.16498750173 2.49176414931 2.49437524019 2.16498750173 2.49176414931 2.49437524019
594400 1024 487645.801 488075.904 490759.3 2.4805056165 2.49414320605 2.49634303731 2.4805056165 2.49414320605 2.49634303731
653824 1024 536699.972 536723.041 538693.532 2.48570192968 2.49482777841 2.49493501371 2.48570192968 2.49482777841 2.49493501371
719200 1024 590120.863 591271.856 593355.695 2.4823585792 2.49110723782 2.49596598316 2.4823585792 2.49110723782 2.49596598316
791104 1024 649132.116 649231.107 649611.944 2.49407512741 2.49553814432 2.49591870756 2.49407512741 2.49553814432 2.49591870756
870208 1024 714239.546 714731.922 716050.947 2.48890947141 2.4935027094 2.49522165775 2.48890947141 2.4935027094 2.49522165775
957216 1024 785268.629 787028.752 817816.054 2.39708961253 2.49085991207 2.49644299492 2.39708961253 2.49085991207 2.49644299492
1052928 512 432159.671 432360.621 433057.722 2.48973339402 2.49374762555 2.49490719369 2.48973339402 2.49374762555 2.49490719369
1158208 512 474987.24 475501.506 475592.522 2.49374188436 2.49421921284 2.49691968988 2.49374188436 2.49421921284 2.49691968988
1274016 512 523247.512 523558.949 525059.871 2.48465452428 2.49177745217 2.49326055849 2.48465452428 2.49177745217 2.49326055849
1401408 512 575255.493 577195.62 578673.808 2.47988032664 2.48623125726 2.49461640864 2.47988032664 2.48623125726 2.49461640864
1541536 512 631904.422 632439.078 634974.285 2.48597919835 2.49594454061 2.49805636587 2.48597919835 2.49594454061 2.49805636587
1695680 512 696377.56 698152.654 719184.521 2.4143683148 2.48710122357 2.49344094316 2.4143683148 2.48710122357 2.49344094316
1865248 512 765908.203 766743.583 766961.935 2.49036342592 2.4910726276 2.49378965328 2.49036342592 2.4910726276 2.49378965328
2051744 512 842089.906 842283.27 842361.143 2.49416283438 2.49439343132 2.49496620376 2.49416283438 2.49439343132 2.49496620376
2256896 256 463842.539 464070.219 464574.148 2.48729025705 2.48999117955 2.49121340723 2.48729025705 2.48999117955 2.49121340723
2482560 256 509145.079 511255.607 545174.677 2.33149259058 2.48617463084 2.4964804187 2.33149259058 2.48617463084 2.4964804187
2730816 256 562017.498 562326.756 564585.895 2.47646603357 2.48641519736 2.48778338215 2.47646603357 2.48641519736 2.48778338215
3003872 256 616543.973 616988.722 617792.177 2.48948193463 2.49272378758 2.49452193412 2.48948193463 2.49272378758 2.49452193412
3304256 256 678506.49 679445.7 681871.46 2.4810820972 2.48994006732 2.49338672059 2.4810820972 2.48994006732 2.49338672059
3634656 256 747475.262 748583.017 750270.977 2.48036233447 2.48595523775 2.48963941231 2.48036233447 2.48595523775 2.48963941231
3998112 256 822808.167 822955.148 824721.287 2.48209107279 2.48741787323 2.48786220908 2.48209107279 2.48741787323 2.48786220908
4397920 128 453168.115 453382.437 454021.649 2.47976615758 2.48326231481 2.48443675257 2.47976615758 2.48326231481 2.48443675257
4837696 128 498774.458 498840.903 499146.419 2.48113605319 2.48265562938 2.48298636014 2.48113605319 2.48265562938 2.48298636014
5321440 128 547943.432 548451.578 548783.799 2.48237765488 2.48388133911 2.48618481479 2.48237765488 2.48388133911 2.48618481479
5853568 128 603440.654 603463.859 679406.792 2.20562029353 2.48318666586 2.48328215553 2.20562029353 2.48318666586 2.48328215553
6438912 128 663633.336 663924.341 687358.383 2.39811066944 2.48275499211 2.48384368684 2.39811066944 2.48275499211 2.48384368684
7082784 128 729159.55 729275.128 729831.168 2.48440020583 2.486294451 2.48668854985 2.48440020583 2.486294451 2.48668854985
7791040 128 802108.571 802343.175 804509.261 2.47915883221 2.48585181771 2.48657888983 2.47915883221 2.48585181771 2.48657888983
8570144 64 440448.123 441356.746 441668.61 2.48371382336 2.48546882299 2.49059622397 2.48371382336 2.48546882299 2.49059622397
9427136 64 484452.73 485975.436 487547.419 2.47498676226 2.48299259307 2.49079700304 2.47498676226 2.48299259307 2.49079700304
10369824 64 533110.867 533340.963 557817.711 2.37951833695 2.48872215727 2.48979631473 2.37951833695 2.48872215727 2.48979631473
11406784 64 586400.903 587050.811 590737.921 2.47160085733 2.48712432492 2.48988080429 2.47160085733 2.48712432492 2.48988080429
12547456 64 645619.182 645839.963 646452.495 2.48444298757 2.48679930015 2.48764970555 2.48444298757 2.48679930015 2.48764970555
13802176 64 708963.245 709886.386 709893.174 2.48865405769 2.48867785443 2.49191836172 2.48865405769 2.48867785443 2.49191836172
15182368 64 780273.111 780678.673 783631.918 2.47991826183 2.48929959433 2.49059345581 2.47991826183 2.48929959433 2.49059345581
16700576 64 857260.417 858579.029 859772.691 2.48632429289 2.48978097041 2.49361067607 2.48632429289 2.48978097041 2.49361067607
18370624 32 471448.884 472408.064 472720.168 2.48713724437 2.48878041167 2.49384392646 2.48713724437 2.48878041167 2.49384392646
20207680 32 518529.381 520234.857 521995.98 2.47758904197 2.48597629051 2.4941528241 2.47758904197 2.48597629051 2.4941528241
22228448 32 570703.098 570781.792 572333.882 2.48564817975 2.49240724203 2.49275091897 2.48564817975 2.49240724203 2.49275091897
24451264 32 628098.569 629674.353 664147.601 2.35622457063 2.48522254169 2.4914575088 2.35622457063 2.48522254169 2.4914575088
26896384 32 690828.827 691322.793 691800.477 2.48824427451 2.48996357914 2.4917439874 2.48824427451 2.48996357914 2.4917439874
29586016 32 759335.137 759563.911 759627.537 2.49267559662 2.4928843993 2.49363546046 2.49267559662 2.4928843993 2.49363546046
32544608 32 835601.428 836233.827 836245.996 2.49072034062 2.49075658596 2.49264163775 2.49072034062 2.49075658596 2.49264163775
35799040 16 459191.041 460093.393 468831.482 2.44345638888 2.48986248755 2.49475529293 2.44345638888 2.48986248755 2.49475529293
39378944 16 505123.299 506114.769 506387.687 2.48846139104 2.48980327227 2.49469032708 2.48846139104 2.48980327227 2.49469032708
43316832 16 556831.357 557422.954 558804.73 2.48054203836 2.48669096608 2.48933291305 2.48054203836 2.48669096608 2.48933291305
47648512 16 611248.414 612624.24 612789.616 2.48821511362 2.48888679952 2.49448890022 2.48821511362 2.48888679952 2.49448890022
52413344 16 672353.774 673643.677 675594.551 2.4825940433 2.4897836427 2.49456026404 2.4825940433 2.4897836427 2.49456026404
57654656 16 740297.297 740659.787 743405.486 2.48175326487 2.49095336939 2.49217307624 2.48175326487 2.49095336939 2.49217307624
63420096 16 813638.416 814173.17 815387.479 2.48893087553 2.49264302335 2.49428128281 2.48893087553 2.49264302335 2.49428128281
69762080 8 447235.337 448054.729 450883.911 2.47556688711 2.49119852499 2.49576271743 2.47556688711 2.49119852499 2.49576271743
76738272 8 491706.244 492262.638 492362.542 2.49371600653 2.49422210263 2.49704445893 2.49371600653 2.49422210263 2.49704445893
84412096 8 540993.493 541183.349 541226.436 2.49543157201 2.49563024896 2.49650606426 2.49543157201 2.49563024896 2.49650606426
92853280 8 595392.084 595847.88 598018.53 2.48429171584 2.49334189122 2.49525064226 2.48429171584 2.49334189122 2.49525064226
102138592 8 654712.473 656325.801 658830.367 2.48048291921 2.4899485431 2.49608421925 2.48048291921 2.4899485431 2.49608421925
112352448 8 720769.006 721252.754 722842.988 2.486901302 2.49238447691 2.49405725418 2.486901302 2.49238447691 2.49405725418
123587680 8 793055.613 793179.088 794894.906 2.48762806891 2.49300934671 2.49339749645 2.48762806891 2.49300934671 2.49339749645
135946432 4 436082.887 436095.851 438649.329 2.47936423037 2.49388168566 2.4939558245 2.47936423037 2.49388168566 2.4939558245
149541056 4 479224.376 479974.846 483377.073 2.47493833453 2.49248154975 2.49638479993 2.47493833453 2.49248154975 2.49638479993
164495136 4 528168.534 528302.733 530076.778 2.48258581137 2.49092235531 2.491555258 2.48258581137 2.49092235531 2.491555258
180944640 4 579933.564 581848.96 603790.776 2.39744821806 2.48785719235 2.4960740503 2.39744821806 2.48785719235 2.4960740503
199039104 4 639419.339 639607.33 640674.26 2.48537038463 2.48951623491 2.49024815935 2.48537038463 2.48951623491 2.49024815935
218943008 4 701480.284 702086.947 702324.697 2.49392349647 2.49476802194 2.4969255786 2.49392349647 2.49476802194 2.4969255786
240837280 4 772469.85 772815.615 773530.911 2.49078377166 2.49308916979 2.49420510069 2.49078377166 2.49308916979 2.49420510069
264920992 4 850048.873 882916.716 904437.044 2.34330067533 2.40041659377 2.49323068745 2.34330067533 2.40041659377 2.49323068745
291413088 2 466990.076 471913.948 471980.768 2.46970307061 2.47005276479 2.49609662369 2.46970307061 2.47005276479 2.49609662369
320554368 2 514809.512 515841.033 516597.02 2.48204581591 2.48568335974 2.49066390988 2.48204581591 2.48568335974 2.49066390988
352609792 2 565057.355 566190.996 566644.783 2.48910642137 2.49110137386 2.49609912254 2.48910642137 2.49110137386 2.49609912254
387870752 2 622052.367 622076.802 624867.078 2.48290086424 2.49403771851 2.49413568745 2.48290086424 2.49403771851 2.49413568745
426657824 2 684080.282 684607.341 687165.402 2.48358152351 2.49286151899 2.49478217821 2.48358152351 2.49286151899 2.49478217821
469323584 2 752354.1 752905.689 753288.479 2.49213201627 2.49339905838 2.49522709586 2.49213201627 2.49339905838 2.49522709586
516255936 2 828288.69 828914.876 890442.588 2.3190981337 2.49123740421 2.49312077894 2.3190981337 2.49123740421 2.49312077894
567881504 1 455622.565 457593.624 528240.33 2.15008764666 2.48203416401 2.49277163874 2.15008764666 2.48203416401 2.49277163874
624669632 1 500655.374 502917.508 555902.943 2.24740537846 2.48418327882 2.49540767738 2.24740537846 2.48418327882 2.49540767738
687136576 1 550539.257 550773.669 554392.196 2.47888257071 2.49516857713 2.4962309854 2.47888257071 2.49516857713 2.4962309854
755850208 1 606132.986 606727.954 606745.532 2.49148998431 2.49156216725 2.49400783478 2.49148998431 2.49156216725 2.49400783478
831435200 1 666986.716 667333.858 728838.011 2.28153632893 2.49181182712 2.49310872332 2.28153632893 2.49181182712 2.49310872332
914578720 1 732535.84 733173.48 800508.796 2.28499355552 2.49484943182 2.49702108773 2.28499355552 2.49484943182 2.49702108773
1006036576 1 805825.978 807816.188 808334.313 2.48915964551 2.49075616692 2.49690777777 2.48915964551 2.49075616692 2.49690777777

META_DATA
ERT_VERSION  1.1.0
HOSTNAME  ('atajo-Inspiron-15-7568', [], ['127.0.1.1'])
TIMESTAMP_DATA  1535295371.34
UNAME  ('Linux', 'atajo-Inspiron-15-7568', '4.15.0-33-generic', '#36-Ubuntu SMP Wed Aug 15 16:00:05 UTC 2018', 'x86_64', 'x86_64')
OPENMP_THREADS 2
TIMESTAMP_DATA  1535295161.44
MPI_PROCS      2
FLOPS          16
TIMESTAMP_DATA  1535295581.57
CONFIG  {'ERT_WORKING_SET_MIN': ['1'], 'ERT_CFLAGS': [], 'ERT_CC': ['mpicc'], 'ERT_MPI_CFLAGS': ['-I/usr/include/mpi'], 'ERT_MPI_LDFLAGS': ['-lmpi'], 'ERT_MEMORY_MAX': ['1073741824'], 'ERT_PROCS_THREADS': ['1-4'], 'ERT_LDFLAGS': [], 'ERT_LDLIBS': [], 'ERT_RUN': ['export', 'OMP_NUM_THREADS=ERT_OPENMP_THREADS;', 'mpirun', '-np', 'ERT_MPI_PROCS', 'ERT_CODE'], 'ERT_FLOPS': ['1,2,4,8,16'], 'ERT_OPENMP_CFLAGS': ['-fopenmp'], 'ERT_MPI': ['True'], 'ERT_TRIALS_MIN': ['1'], 'ERT_DRIVER': ['driver1'], 'ERT_RESULTS': ['Results/myLaptop'], 'ERT_OPENMP': ['True'], 'ERT_MPI_PROCS': ['1,2,4'], 'ERT_KERNEL': ['kernel1'], 'ERT_GPU': [False], 'ERT_OPENMP_THREADS': ['1,2,4'], 'ERT_LD': ['mpicc'], 'ERT_NUM_EXPERIMENTS': ['3'], 'ERT_OPENMP_LDFLAGS': ['-fopenmp'], 'ERT_ALIGN': ['64'], 'ERT_GNUPLOT': ['gnuplot']}
