16 67108864 316006.837 317283.971 336215.503 6.38722375631 6.76833324177 6.79568729711 0.399201484769 0.423020827611 0.424730456069
32 33554432 226743.344 229142.522 243354.961 8.82449093775 9.37182513859 9.47098869636 0.551530683609 0.585739071162 0.591936793523
48 16777216 155707.67 155858.487 156242.677 10.3084046365 10.3338147765 10.3438240133 0.644275289779 0.64586342353 0.646489000831
64 16777216 199481.462 199489.126 199556.046 10.7613058639 10.764915818 10.7653294019 0.672581616495 0.672807238626 0.672833087618
80 8388608 122020.642 122736.255 123212.604 10.8931816748 10.9354589644 10.9995920198 0.680823854676 0.683466185277 0.687474501241
96 8388608 145525.414 152935.676 165957.632 9.70496334872 10.5313081821 11.0675702046 0.606560209295 0.658206761384 0.691723137788
112 8388608 169048.087 169748.899 169935.958 11.0573901728 11.0695751376 11.1154655776 0.691086885802 0.691848446098 0.694716598597
128 8388608 191735.858 192602.166 206744.806 10.3871226056 11.1498416274 11.2002192516 0.649195162852 0.696865101714 0.700013703227
144 4194304 107326.33 107780.457 108081.365 11.1763906017 11.207593525 11.2550159127 0.698524412603 0.700474595316 0.703438494543
160 4194304 119266.23 119555.958 119793.364 11.2041037599 11.2263520987 11.2536237626 0.700256484992 0.701647006166 0.703351485161
176 4194304 131001.399 131722.169 135902.02 10.8636722839 11.2084018902 11.2700705433 0.678979517744 0.700525118137 0.704379408956
192 4194304 142977.077 149860.317 152379.33 10.5697586149 10.7474264585 11.2648318863 0.660609913431 0.671714153654 0.704051992894
208 4194304 154949.537 158061.034 173298.121 10.068374971 11.0389665299 11.2606368356 0.629273435688 0.689935408116 0.703789802224
224 4194304 166008.472 166161.782 166305.408 11.2987798449 11.3085462215 11.3189897441 0.706173740303 0.706784138846 0.707436859006
240 4194304 177339.611 179137.666 188607.07 10.6743926407 11.2386521771 11.3526014219 0.667149540046 0.702415761072 0.70953758887
256 4194304 189295.499 189485.475 211725.551 10.142770383 11.3332362177 11.3446101959 0.633923148935 0.708327263607 0.709038137246
272 2097152 101274.435 101926.499 108164.275 10.5473890339 11.1928762313 11.2649425099 0.659211814622 0.699554764458 0.70405890687
288 2097152 106539.202 106927.491 114907.691 10.5124342982 11.296997065 11.3381697002 0.65702714364 0.706062316566 0.708635606263
304 2097152 129807.852 133780.296 142841.167 8.92647716887 9.53106290032 9.82273719467 0.557904823054 0.59569143127 0.613921074667
320 2097152 118332.062 136412.083 139714.377 9.60657957198 9.83913778371 11.3424650709 0.600411223249 0.614946111482 0.70890406693
352 2097152 129938.014 129996.588 153403.222 9.62427639232 11.3571827593 11.3623023975 0.60151727452 0.709823922456 0.710143899844
384 2097152 142353.516 142747.359 156955.661 10.2615778605 11.2829599601 11.3141760123 0.641348616282 0.705184997503 0.707136000771
416 2097152 154093.98 154352.3 164456.583 10.6096723656 11.3042077378 11.3231578807 0.663104522851 0.70651298361 0.707697367542
448 2097152 164912.303 166001.375 177411.325 10.591478261 11.319473661 11.3942268577 0.661967391315 0.707467103812 0.712139178603
480 2097152 176981.728 177233.694 219840.79 9.15783608674 11.3593858739 11.3755580463 0.572364755421 0.709961617118 0.710972377894
528 1048576 105135.802 105853.781 110418.504 10.0281765817 10.4606207312 10.5320569676 0.626761036357 0.653788795697 0.658253560476
576 1048576 106221.875 106846.831 131551.492 9.18240860393 11.3055253085 11.3720413239 0.573900537745 0.706595331779 0.710752582742
624 1048576 115705.206 115881.674 134636.336 9.71968553868 11.292750638 11.3099737967 0.607480346167 0.705796914877 0.706873362293
672 1048576 132599.468 133532.253 145230.204 9.70380888537 10.5539007419 10.6281432743 0.606488055336 0.659618796367 0.664258954644
736 1048576 136102.125 136386.285 145644.486 10.5977501407 11.3171487294 11.3407771701 0.662359383794 0.70732179559 0.70879857313
800 1048576 147519.387 148361.288 157255.009 10.6687959301 11.3083515425 11.3728889071 0.666799745628 0.706771971405 0.710805556696
880 1048576 162672.446 162953.381 173391.716 10.6434944101 11.3252867088 11.3448454571 0.66521840063 0.707830419303 0.709052841069
960 1048576 176521.14 183265.464 218038.777 9.23352234727 10.9855172713 11.405239735 0.577095146704 0.686594829455 0.712827483439
1056 524288 97319.235 97335.344 104168.759 10.6298305426 11.3760963952 11.3779794508 0.664364408911 0.711006024697 0.711123715677
1152 524288 106517.299 107127.666 112498.487 10.7375626483 11.2758878925 11.3405011518 0.671097665518 0.704742993281 0.70878132199
1264 524288 120189.932 121158.457 121433.534 10.9146132896 10.939393723 11.0275465003 0.6821633306 0.683712107691 0.68922165627
1376 524288 131749.219 133581.167 156871.581 9.19759058207 10.8012275114 10.9514165393 0.574849411379 0.67507671946 0.684463533708
1504 524288 145072.096 145327.971 149013.932 10.5832943459 10.8517189991 10.8708590245 0.66145589662 0.678232437443 0.679428689029
1648 524288 158745.752 158959.048 160215.268 10.7858212864 10.8710593687 10.8856660807 0.6741138304 0.679441210544 0.680354130043
1808 524288 173207.0 174228.385 184567.4 10.2717240856 10.8812660348 10.9454318128 0.641982755351 0.680079127176 0.6840894883
1984 524288 190191.151 190783.021 191099.397 10.8863492856 10.904402148 10.9383363688 0.680396830347 0.681525134252 0.683646023048
2176 262144 103674.955 103886.893 104311.314 10.9369793578 10.9816614498 11.0041107614 0.683561209861 0.686353840614 0.687756922586
2384 262144 113786.693 113819.487 117036.542 10.6795926353 10.9814463669 10.9846112849 0.667474539704 0.686340397932 0.686538205307
2608 262144 123316.597 123940.931 124430.374 10.9888209771 11.0322158545 11.0880703593 0.686801311069 0.689513490906 0.693004397453
2864 262144 135609.808 136436.057 142225.341 10.557618083 11.0056011953 11.0726565736 0.659851130186 0.687850074706 0.692041035852
3136 262144 147816.405 148348.821 149449.567 11.0014849892 11.0831158409 11.1230358227 0.687592811828 0.692694740055 0.69518973892
3440 262144 162043.931 162688.987 163308.161 11.0438493028 11.0858808163 11.1300109104 0.690240581424 0.692867551016 0.695625681902
3776 262144 177865.121 178619.686 180109.242 10.9917262769 11.08338914 11.1304086876 0.686982892305 0.692711821249 0.695650542975
4144 131072 97468.48 97908.967 98115.093 11.0719431923 11.0952527566 11.1453952703 0.691996449517 0.693453297286 0.696587204397
4544 131072 106976.343 107375.62 114472.73 10.4058174903 11.0936014712 11.1350070735 0.650363593146 0.693350091948 0.695937942092
4992 131072 117167.757 117237.22 136951.928 9.55534447094 11.16217911 11.168796617 0.597209029434 0.697636194376 0.698049788561
5488 131072 128621.347 128953.814 128962.421 11.1555464053 11.1562909803 11.1851283287 0.697221650329 0.697268186267 0.699070520541
6032 131072 140587.179 140591.976 145636.331 10.8575421884 11.2471042302 11.2474879946 0.678596386777 0.702944014387 0.702967999664
6624 131072 155974.279 156383.867 158098.519 10.9832898308 11.1037147841 11.1328731066 0.686455614426 0.693982174005 0.695804569162
7280 131072 169752.537 172617.491 183369.444 10.4074500002 11.0557065159 11.2422963081 0.650465625014 0.690981657241 0.702643519254
8000 131072 187917.094 190626.898 191721.197 10.9385505245 11.0013435774 11.1599852646 0.683659407781 0.68758397359 0.697499079035
8800 65536 102653.257 104144.701 137244.478 8.40422592448 11.0752980125 11.2362104594 0.52526412028 0.692206125783 0.702263153716
9680 65536 113822.463 126478.419 132109.954 9.60394672456 10.0315687849 11.1469821207 0.600246670285 0.626973049054 0.696686382546
10640 65536 123796.24 125126.758 143248.93 9.73554273669 11.1455463427 11.2653347145 0.608471421043 0.696596646418 0.704083419658
11696 65536 135899.607 147205.846 153383.507 9.99467375589 10.4141116243 11.2805190967 0.624667109743 0.650881976522 0.705032443545
12864 65536 150171.833 152605.205 159072.163 10.5996560064 11.048838131 11.2278725931 0.662478500402 0.69055238319 0.70174203707
14144 65536 165606.593 167405.516 170041.017 10.9025598688 11.0742012109 11.1944961515 0.681409991802 0.692137575682 0.699656009468
15552 65536 180706.151 184730.499 192466.995 10.5910717004 11.0346247914 11.28036723 0.661941981273 0.689664049465 0.705022951875
17104 32768 99450.281 101542.594 109316.812 10.2539373724 11.0389906328 11.2712375745 0.640871085776 0.689936914552 0.704452348405
18800 32768 110168.489 110923.872 115717.218 10.6473074733 11.1074088723 11.1835681072 0.665456717081 0.694213054517 0.698973006701
20672 32768 120610.907 122040.942 126691.341 10.6933921553 11.1008663961 11.2324849029 0.668337009709 0.693804149758 0.70203030643
22736 32768 132613.904 134651.466 137925.978 10.8030881318 11.0658022542 11.2358240807 0.675193008238 0.69161264089 0.702239005044
25008 32768 145068.618 145230.531 158297.571 10.3534392704 11.2849844775 11.2975797977 0.6470899544 0.705311529846 0.706098737358
27504 32768 160300.05 163930.818 170478.074 10.5732197796 10.9955050917 11.2445513523 0.660826236223 0.687219068229 0.702784459518
30240 32768 182505.578 193391.647 197024.63 10.0586847441 10.2476434259 10.8588935293 0.628667796508 0.640477714118 0.678680845579
33264 16384 96484.637 97244.508 97320.214 11.2000858527 11.208805252 11.2970809228 0.700005365792 0.700550328251 0.706067557678
36576 16384 106039.07 123371.794 153080.817 7.82934394713 9.71471946011 11.3026488067 0.489333996695 0.607169966257 0.706415550419
40224 16384 116933.721 130701.111 134563.431 9.79508342055 10.0845357925 11.2718557207 0.612192713784 0.630283487032 0.704490982546
44240 16384 129194.25 131017.476 132869.88 10.9103456705 11.0646027099 11.2207495303 0.681896604407 0.691537669372 0.701296845641
48656 16384 141817.87 142411.549 144351.658 11.0449705261 11.1954389879 11.2423054161 0.69031065788 0.699714936743 0.702644088506
53520 16384 156307.99 157190.376 157823.6 11.1120476279 11.1568112796 11.2197934347 0.694502976741 0.697300704974 0.701237089671
58864 16384 172188.039 172346.891 172529.305 11.1798720339 11.1917049435 11.202029846 0.69874200212 0.699481558968 0.700126865374
64736 16384 188845.787 189571.281 195347.177 10.8589705804 11.1898238848 11.2328121358 0.678685661273 0.699363992798 0.702050758485
71200 8192 103661.31 103904.782 112229.188 10.3942728339 11.2270174437 11.25338663 0.649642052119 0.701688590233 0.703336664374
78320 8192 114051.594 115284.466 120920.599 10.6118799494 11.130683296 11.2510034713 0.663242496839 0.695667706003 0.703187716956
86144 8192 124855.828 125242.026 139622.021 10.1086009635 11.2692467623 11.3041042505 0.631787560216 0.704327922642 0.706506515659
94752 8192 138239.779 138410.871 139563.85 11.1233443904 11.2160031707 11.2298846195 0.6952090244 0.701000198171 0.701867788721
104224 8192 150948.694 151400.093 152971.136 11.1629295608 11.2787646438 11.312492813 0.697683097549 0.704922790239 0.70703080081
114640 8192 166614.049 166932.067 167289.271 11.2276283397 11.2516534046 11.2731295546 0.701726771229 0.703228337788 0.704570597165
126096 8192 182799.029 187010.468 204612.044 10.0969465121 11.0472792571 11.3017934247 0.631059157006 0.69045495357 0.706362089046
138704 4096 100550.691 100975.985 101085.028 11.2406672925 11.2528059815 11.3004013866 0.702541705781 0.703300373846 0.706275086663
152560 4096 110500.726 110870.319 136798.987 9.13582437566 11.2723723651 11.3100751935 0.570989023479 0.704523272816 0.706879699596
167808 4096 121551.059 123079.267 140093.757 9.81259383314 11.1690877717 11.3095117995 0.613287114571 0.698067985732 0.706844487468
184576 4096 137460.559 155406.834 157846.26 9.57923609973 9.72960167247 10.9998577265 0.598702256233 0.60810010453 0.687491107904
203024 4096 147645.323 147975.244 174728.26 9.51862399362 11.2395327964 11.2646481054 0.594913999601 0.702470799778 0.704040506586
223312 4096 162821.143 167580.789 200165.857 9.13928045181 10.9163581036 11.2354689956 0.571205028238 0.682272381472 0.702216812223
245632 4096 179898.987 181652.469 189797.929 10.6018930481 11.0772914625 11.1852622272 0.662618315503 0.692330716408 0.699078889199
270192 2048 98213.374 98567.068 100437.595 11.0188463991 11.2279532551 11.2683882747 0.688677899944 0.701747078446 0.704274267169
297200 2048 107710.98 109170.729 144241.566 8.43953122361 11.1507105536 11.3018301384 0.527470701476 0.696919409597 0.70636438365
326912 2048 119374.754 120781.385 153160.89 8.74264671614 11.0864066677 11.217041352 0.546415419759 0.692900416732 0.701065084499
359600 2048 133098.963 146573.634 163084.761 9.03163233014 10.0490215041 11.066364206 0.564477020633 0.628063844006 0.691647762876
395552 2048 147415.034 148561.903 169405.444 9.56392518295 10.905763586 10.9906089497 0.597745323934 0.681610224123 0.686913059356
435104 2048 163224.609 168494.89 192121.514 9.27634780142 10.5770921836 10.9186108328 0.579771737589 0.661068261477 0.682413177047
478608 2048 177808.391 178688.189 181308.274 10.8124043363 10.970945416 11.0252297823 0.675775271017 0.685684088499 0.689076861395
526464 1024 95390.236 97129.374 97262.358 11.0854630113 11.1006405951 11.3030255214 0.692841438206 0.693790037193 0.706439095087
579104 1024 105437.925 106662.187 107562.693 11.0261742145 11.1192637743 11.2483718928 0.689135888407 0.694953985896 0.703023243297
637008 1024 118641.28 121973.43 135858.656 9.60257095433 10.695709582 10.9961084708 0.600160684646 0.668481848875 0.687256779428
700704 1024 126963.104 129650.796 151606.264 9.46558377034 11.0685150903 11.3028253626 0.591598985646 0.691782193146 0.70642658516
770768 1024 140874.71 142299.165 148646.74 10.6193574376 11.0930578124 11.2052252956 0.663709839853 0.693316113274 0.700326580974
847840 1024 153892.18 155778.556 157851.262 11.0000787957 11.1464399503 11.2830705238 0.687504924731 0.696652496894 0.705191907737
932624 1024 171369.037 171727.031 191675.788 9.96481596309 11.1223838255 11.1456187503 0.622800997693 0.695148989095 0.696601171891
1025872 1024 186045.618 190378.665 190910.059 11.0051082012 11.0358261836 11.2928532184 0.687819262577 0.689739136473 0.70580332615
1128448 512 103977.628 104927.801 128003.205 9.02735796342 11.0126271683 11.1132632493 0.564209872714 0.688289198017 0.69457895308
1241280 512 113858.176 114550.469 115259.112 11.0279412876 11.0961633863 11.1636314989 0.689246330477 0.693510211643 0.697726968681
1365408 512 123824.374 124943.863 126212.339 11.0779801965 11.1904479214 11.2916201135 0.692373762283 0.699402995087 0.705726257094
1501936 512 137736.853 156993.461 171981.728 8.94270851843 9.79647466973 11.1660926651 0.558919282402 0.612279666858 0.69788079157
1652128 512 150136.871 151281.721 160696.879 10.5277655828 11.182970823 11.2682451734 0.657985348925 0.698935676439 0.70426532334
1817328 512 165506.996 166544.815 166644.504 11.1671481947 11.1738325327 11.243898548 0.697946762169 0.698364533294 0.702743659247
1999056 512 182574.749 185591.358 236606.285 8.65164399162 11.0297880573 11.2120288003 0.540727749476 0.689361753579 0.70075180002
2198960 256 99721.321 99814.633 106738.816 10.5478734184 11.2795838262 11.2901384449 0.659242088651 0.704973989134 0.705633652807
2418848 256 111700.357 112957.211 113753.614 10.8871281751 10.9638876973 11.087253517 0.680445510944 0.685242981079 0.692953344813
2660720 256 121981.613 124471.847 158343.878 8.60335528728 10.9445523051 11.1679834894 0.537709705455 0.684034519067 0.69799896809
2926784 256 134097.068 136216.399 136813.119 10.9529949975 11.0009765271 11.1748409592 0.684562187344 0.687561032941 0.698427559952
3219456 256 153145.723 155187.424 196397.024 8.39300636246 10.6217464632 10.7633529668 0.524562897654 0.663859153948 0.672709560423
3541392 256 170809.079 188934.799 233627.015 7.7610575301 9.59692292578 10.6153180769 0.485066095631 0.599807682861 0.663457379804
3895520 256 188747.236 247819.543 256982.541 7.761251921 8.04822015187 10.567075218 0.485078245063 0.503013759492 0.660442201124
4285072 128 102245.291 109921.938 113561.95 9.65973578298 9.97961327792 10.728889529 0.603733486436 0.62372582987 0.670555595563
4713568 128 108570.878 108609.155 134150.46 8.99492560816 11.110236591 11.1141535394 0.56218285051 0.694389786938 0.694634596213
5184912 128 126966.737 131232.551 147934.496 8.97246759809 10.1143920612 10.4542142561 0.560779224881 0.632149503822 0.653388391008
5703392 128 135657.542 137154.359 144072.702 10.1342470276 10.6454389248 10.7628984756 0.633390439224 0.665339932798 0.672681154727
6273728 128 146809.963 170297.544 197955.436 8.11331277611 9.43098960957 10.939818628 0.507082048507 0.589436850598 0.683738664249
6901088 128 160048.754 189143.19 217866.641 8.10899052692 9.34042895227 11.0383772685 0.506811907932 0.583776809517 0.689898579279
7591184 128 177847.661 180418.487 211166.39 9.20289968494 10.7713080645 10.9270096276 0.575181230308 0.673206754028 0.682938101727
8350288 128 197007.337 225178.316 231814.055 9.22150181101 9.49324857727 10.8507315542 0.576343863188 0.59332803608 0.678170722139
9185312 64 108367.941 110146.005 121807.318 9.65229310771 10.6741950014 10.8493335312 0.603268319232 0.66713718759 0.678083345701
10103840 64 118592.302 120874.132 152633.706 8.47317118802 10.6994896145 10.9053580898 0.529573199251 0.668718100908 0.681584880611
11114224 64 128867.884 131629.716 156842.976 9.07034990206 10.8077470288 11.0393732545 0.566896868879 0.6754841893 0.689960828409
12225632 64 146964.129 169137.791 170806.389 9.16172342944 9.25210673941 10.6480466128 0.57260771434 0.578256671213 0.665502913299
13448192 64 159469.939 167950.179 178767.39 9.62909720839 10.2492809847 10.7943138801 0.601818575524 0.640580061543 0.674644617504
14793008 64 185996.963 195828.276 222669.313 8.50366401409 9.66921152898 10.1803007611 0.531479000881 0.604325720561 0.636268797572
16272304 64 194133.446 216240.124 217873.432 9.55993070325 9.63213890869 10.7289854217 0.597495668953 0.602008681793 0.670561588857
17899520 32 121013.163 124861.051 224696.304 5.09830050431 9.17475282184 9.46648489801 0.318643781519 0.573422051365 0.591655306126
19689472 32 113897.557 117560.87 141989.698 8.87477208382 10.7189255064 11.0636807425 0.554673255239 0.669932844151 0.691480046407
21658416 32 125321.732 147089.805 161056.47 8.60653796771 9.42375730255 11.0606404961 0.537908622982 0.58898483141 0.691290031006
23824256 32 140764.177 144097.305 154711.389 9.8554630907 10.5814080562 10.8319631919 0.615966443169 0.661338003511 0.676997699493
26206672 32 179981.548 184535.414 185509.14 9.04120954903 9.08891671059 9.31888311128 0.565075596814 0.568057294412 0.582430194455
28827328 32 198368.127 204068.008 234383.31 7.87150327385 9.04085363542 9.30063221296 0.491968954615 0.565053352214 0.58128951331
31710048 32 184115.653 189566.551 211282.558 9.60535072658 10.7057023578 11.0226536361 0.600334420412 0.669106397362 0.688915852255
34881040 16 104485.051 123912.768 128508.075 8.68578320856 9.00789561896 10.6828036099 0.542861450535 0.562993476185 0.667675225617
38369136 16 129179.335 138499.801 203813.571 6.02419331537 8.86508387113 9.50471181788 0.376512082211 0.554067741946 0.594044488617
42206048 16 139864.921 147051.244 149301.439 9.04608518877 9.18450942176 9.65641367645 0.565380324298 0.57403183886 0.603525854778
46426640 16 134375.318 160700.708 161272.189 9.21208107369 9.24484091259 11.0559922917 0.575755067106 0.577802557037 0.69099951823
51069296 16 153296.025 177117.069 182819.605 8.93896183618 9.2267644289 10.6605339049 0.558685114761 0.576672776806 0.666283369057
56176224 16 180096.949 189255.063 200543.936 8.96381712584 9.49849974687 9.98150817091 0.560238570365 0.59365623418 0.623844260682
61793840 16 189807.75 202619.263 216345.745 9.14001280682 9.75920478005 10.417924874 0.571250800426 0.609950298753 0.651120304624
67973216 8 99023.832 120707.607 124816.793 8.71334241058 9.00996617388 10.9829263727 0.544583900662 0.563122885867 0.686432898295
74770528 8 111817.457 134097.652 150571.194 7.94526772498 8.92132285806 10.6989416509 0.496579232811 0.557582678629 0.668683853184
82247568 8 124548.977 137953.024 141971.996 9.26915958835 9.53919711104 10.5658120982 0.579322474272 0.59619981944 0.660363256135
90472320 8 152305.275 159940.657 210031.251 6.8921034994 9.05058880682 9.50431375407 0.430756468712 0.565661800426 0.594019609629
99519552 8 144831.773 181562.323 182834.169 8.7090549907 8.77006201336 10.994223153 0.544315936919 0.548128875835 0.68713894706
109471504 8 161328.136 165363.718 189000.606 9.26739919553 10.5920699243 10.8570278405 0.579212449721 0.662004370269 0.678564240028
120418640 8 207490.206 217850.146 217933.71 8.84075364018 8.8441448187 9.2857310094 0.552547102511 0.552759051169 0.580358188087
132460496 8 200152.801 234519.88 293645.34 7.21744106683 9.03705023216 10.5887498222 0.451090066677 0.56481563951 0.661796863887
145706544 4 105626.531 107481.083 121990.354 9.55528296934 10.8451861431 11.035601955 0.597205185584 0.677824133946 0.689725122185
160277184 4 123619.867 129371.723 144468.231 8.87542861932 9.91111073012 10.3722605688 0.554714288708 0.619444420633 0.648266285548
176304896 4 150127.535 185626.23 215941.07 6.53159293876 7.59827513601 9.3949398956 0.408224558672 0.474892196001 0.587183743475
193935376 4 167217.15 172227.883 223890.116 6.92966279941 9.0083149196 9.27825290648 0.433103924963 0.563019682475 0.579890806655
213328912 4 155140.356 197400.083 197697.955 8.6325187127 8.6455449768 11.0005632319 0.539532419544 0.54034656105 0.687535201995
234661792 4 198444.764 212950.05 243369.335 7.71376696246 8.81565576528 9.46003461195 0.482110435154 0.55097848533 0.591252163247
258127968 4 216238.699 323088.513 327115.816 6.3128214626 6.39151087368 9.54974180639 0.394551341412 0.399469429605 0.596858862899
283940752 2 126604.284 129652.262 157133.733 7.22800245572 8.76007090412 8.97096821779 0.451750153482 0.547504431508 0.560685513612
312334816 2 115558.658 126323.895 139812.744 8.9358039064 9.88996787979 10.811299522 0.55848774415 0.618122992487 0.675706220126
343568288 2 124890.961 129859.25 141834.366 9.68928187686 10.5827898436 11.0037839488 0.605580117304 0.661424365226 0.687736496799
377925104 2 141575.609 142289.835 163507.523 9.24544870024 10.6240928314 10.6776896577 0.577840543765 0.66400580196 0.667355603605
415717600 2 155711.521 179140.228 181325.6 9.17063227696 9.28250688617 10.6791738294 0.57316451731 0.580156680386 0.667448364338
457289360 2 184144.703 185258.48 207099.064 8.83228250612 9.87354230694 9.93326123532 0.552017656632 0.617096394184 0.620828827208
503018288 2 183206.868 187591.538 225657.343 8.91649757659 10.7258204365 10.9825203278 0.557281098537 0.670363777283 0.686407520487
553320112 1 100828.268 104424.011 134291.037 8.24061120326 10.5975648072 10.9754957211 0.515038200204 0.66234780045 0.685968482569
608652112 1 113773.376 124408.34 142790.674 8.52509614178 9.7847477428 10.6993768384 0.532818508861 0.611546733925 0.668711052399
669517312 1 122611.287 125229.776 125613.344 10.6599711572 10.6926217292 10.9209735642 0.666248197325 0.668288858075 0.682560847763
736469040 1 138196.78 155038.488 156127.69 9.43418864392 9.50046726462 10.658266278 0.589636790245 0.593779204039 0.666141642374
810115936 1 153314.221 178603.531 190449.991 8.50738749575 9.07166763685 10.5680468611 0.531711718485 0.566979227303 0.660502928818
891127520 1 179708.77 190889.549 203585.644 8.7543257225 9.33657735238 9.91746279272 0.547145357656 0.583536084524 0.619841424545
980240272 1 180444.201 184945.287 219689.351 8.92387607809 10.6003271335 10.8647467369 0.557742254881 0.662520445844 0.679046671054

META_DATA
ERT_VERSION  1.1.0
OPENMP_THREADS 2
CONFIG  {'ERT_WORKING_SET_MIN': ['1'], 'ERT_CFLAGS': [], 'ERT_CC': ['gcc'], 'ERT_MPI_CFLAGS': ['-I/usr/include/mpi'], 'ERT_MPI_LDFLAGS': ['-lmpi'], 'ERT_MEMORY_MAX': ['1073741824'], 'ERT_PROCS_THREADS': ['1-4'], 'ERT_LDFLAGS': [], 'ERT_LDLIBS': [], 'ERT_RUN': ['export', 'OMP_NUM_THREADS=ERT_OPENMP_THREADS;', 'mpirun', '-np', 'ERT_MPI_PROCS', 'ERT_CODE'], 'ERT_FLOPS': ['1,2,4,8,16'], 'ERT_OPENMP_CFLAGS': ['-fopenmp'], 'ERT_MPI': ['False'], 'ERT_TRIALS_MIN': ['1'], 'ERT_DRIVER': ['driver1'], 'ERT_RESULTS': ['Results/myLaptop'], 'ERT_OPENMP': ['True'], 'ERT_MPI_PROCS': ['1,2,4,8'], 'ERT_KERNEL': ['kernel1'], 'ERT_GPU': [False], 'ERT_OPENMP_THREADS': ['1,2,4,8'], 'ERT_LD': ['gcc'], 'ERT_NUM_EXPERIMENTS': ['3'], 'ERT_OPENMP_LDFLAGS': ['-fopenmp'], 'ERT_ALIGN': ['64'], 'ERT_GNUPLOT': ['gnuplo']}
UNAME  ('Linux', 'atajo-Inspiron-15-7568', '4.15.0-33-generic', '#36-Ubuntu SMP Wed Aug 15 16:00:05 UTC 2018', 'x86_64', 'x86_64')
FLOPS          1
HOSTNAME  ('atajo-Inspiron-15-7568', [], ['127.0.1.1'])
TIMESTAMP_DATA  1535250698.5
TIMESTAMP_DATA  1535250803.78
TIMESTAMP_DATA  1535250751.09
