8 134217728 617522.191 621553.919 659203.29 3.25769558583 3.45502390437 3.47758133926 0.203605974115 0.215938994023 0.217348833704
16 67108864 440613.784 444522.661 475417.959 4.51704359784 4.8309880157 4.87384581686 0.282315224865 0.301936750982 0.304615363554
24 33554432 301599.471 303538.38 325944.662 4.94136865478 5.30612549227 5.34023727117 0.308835540924 0.331632843267 0.333764829448
32 33554432 390334.48 390766.381 416727.123 5.15321304872 5.4955690981 5.50164988755 0.322075815545 0.343473068631 0.343853117972
40 16777216 239605.339 241396.738 258403.513 5.1941139051 5.56004729443 5.60161674862 0.324632119069 0.347502955902 0.350101046788
48 16777216 280501.835 283424.162 303274.53 5.31074184172 5.68269382763 5.74189732484 0.331921365108 0.355168364227 0.358868582803
56 16777216 332514.679 333535.109 355349.437 5.28788847356 5.6337343245 5.65102328009 0.330493029598 0.352108395281 0.353188955006
64 16777216 374107.151 375753.508 402556.214 5.3346180566 5.71513931947 5.74029029453 0.333413628537 0.357196207467 0.358768143408
72 8388608 209157.779 219495.611 224969.712 5.36943191713 5.50334262492 5.77535082738 0.335589494821 0.343958914058 0.360959426711
80 8388608 244977.222 245227.806 267917.108 5.00967366369 5.47318553264 5.47878398262 0.313104603981 0.34207409579 0.342423998914
88 8388608 255259.862 265580.106 286497.559 5.1532551033 5.55913253533 5.78389017542 0.322078443956 0.347445783458 0.361493135964
96 8388608 280984.63 296705.721 297658.929 5.41093372005 5.42831708998 5.73203144955 0.338183357503 0.339269818124 0.358251965597
104 8388608 299026.532 309417.731 321850.601 5.42124345451 5.63907717363 5.83503561483 0.338827715907 0.352442323352 0.364689725927
112 8388608 323338.076 328382.702 355808.469 5.28106651672 5.7221290298 5.81140401169 0.330066657295 0.357633064363 0.363212750731
120 8388608 346221.937 367656.515 375967.463 5.35489402177 5.47594245678 5.81495770443 0.334680876361 0.342246403549 0.363434856527
128 8388608 367131.924 394472.715 429756.318 4.99697981869 5.44393456465 5.84935143913 0.312311238668 0.340245910291 0.365584464946
136 4194304 205535.902 218152.168 222115.871 5.13628622243 5.22960967319 5.55061513292 0.321017888902 0.326850604574 0.346913445808
144 4194304 206673.763 206719.446 228814.962 5.27919827201 5.84347324538 5.84476488194 0.329949892001 0.365217077836 0.365297805121
152 4194304 254118.232 256354.889 289342.306 4.40678182747 4.97384083828 5.01761879093 0.275423864217 0.310865052392 0.313601174433
160 4194304 271497.059 277903.184 281376.884 4.7700339165 4.8296577991 4.94361627689 0.298127119781 0.301853612444 0.308976017306
176 4194304 250649.031 251537.484 275829.883 5.35255640884 5.86948308666 5.89028811366 0.334534775552 0.366842692916 0.368143007104
192 4194304 273771.539 274510.986 297182.294 5.41961203113 5.86720684468 5.88305395763 0.338725751945 0.366700427793 0.367690872352
208 4194304 296906.558 299331.876 316627.02 5.51068087619 5.82908338168 5.8766989714 0.344417554762 0.364317711355 0.367293685712
224 4194304 318239.985 333588.708 340671.511 5.51571860671 5.63282913042 5.90450063024 0.34473241292 0.352051820651 0.36903128939
240 4194304 340683.952 354149.25 379865.775 5.29994027496 5.68479509698 5.9094826985 0.331246267185 0.355299693561 0.369342668656
264 2097152 207825.653 208081.348 219799.883 5.03774724939 5.32145849036 5.32800566252 0.314859203087 0.332591155647 0.333000353907
288 2097152 206157.115 207095.793 215734.443 5.59928927065 5.83285413239 5.8594123807 0.349955579416 0.364553383274 0.366213273794
312 2097152 221246.663 225174.502 234633.807 5.57729879054 5.81159428078 5.9147687484 0.348581174409 0.363224642549 0.369673046775
336 2097152 263063.231 264547.092 270842.51 5.20334176492 5.32716550897 5.35721445617 0.325208860308 0.33294784431 0.334825903511
368 2097152 262060.491 262354.553 276602.987 5.58021404158 5.88327457767 5.88987628814 0.348763377599 0.367704661104 0.368117268009
400 2097152 284156.314 303941.784 305680.038 5.48848924181 5.51987810929 5.90422073113 0.343030577613 0.344992381831 0.369013795696
440 2097152 312107.896 328460.981 338472.942 5.45241149586 5.61860880517 5.91299926613 0.340775718492 0.351163050323 0.369562454133
480 2097152 342365.194 362985.949 369519.051 5.44834133599 5.5464017975 5.8804631875 0.3405213335 0.346650112344 0.367528949219
528 1048576 189636.236 198008.008 212694.97 5.20602934804 5.59217916075 5.83905417739 0.325376834252 0.349511197547 0.364940886087
576 1048576 205867.893 211317.326 227863.031 5.3012528917 5.71632991419 5.86764421784 0.331328305731 0.357270619637 0.366727763615
632 1048576 236310.135 257606.293 266981.033 4.9643978417 5.14506089337 5.60873135636 0.310274865106 0.321566305836 0.350545709772
688 1048576 255914.544 270731.308 305029.43 4.73016841686 5.32941899723 5.63797802754 0.295635526054 0.333088687327 0.352373626721
752 1048576 279010.925 301032.661 319880.589 4.93014693055 5.23882790246 5.65231739223 0.308134183159 0.327426743904 0.353269837014
824 1048576 304094.648 334596.02 338518.054 5.10475948795 5.16459594469 5.68261644644 0.319047467997 0.322787246543 0.355163527903
904 1048576 335786.357 343733.501 363950.009 5.20902695733 5.51539318246 5.64592744309 0.325564184833 0.344712073904 0.352870465193
992 1048576 364732.771 391731.797 397828.286 5.22932847465 5.31071207375 5.70383291388 0.326833029665 0.331919504609 0.356489557117
1088 524288 200396.681 216327.316 227499.481 5.01473973912 5.27372459981 5.69296199072 0.313421233695 0.329607787488 0.35581012442
1192 524288 221896.139 237976.633 241100.03 5.18416605755 5.25220722826 5.63282713089 0.324010378597 0.328262951766 0.352051695681
1304 524288 241403.884 245433.681 256473.439 5.33132440276 5.57113065505 5.66413050753 0.333207775172 0.34819566594 0.35400815672
1432 524288 269227.871 269690.623 280946.838 5.34464399987 5.56771613079 5.57728598612 0.334040249992 0.347982258174 0.348580374132
1568 524288 286911.992 294024.061 306128.308 5.37084328706 5.59194768757 5.73056272949 0.335677705441 0.349496730473 0.358160170593
1720 524288 315596.201 315788.792 351746.319 5.1274188885 5.71125627537 5.71474154088 0.320463680531 0.35695351721 0.357171346305
1888 524288 341972.378 348778.163 364460.575 5.43189476118 5.67613370909 5.78909764461 0.339493422574 0.354758356818 0.361818602788
2072 262144 191352.176 192246.741 206887.787 5.25079199576 5.65067959201 5.67709632944 0.328174499735 0.353167474501 0.35481852059
2272 262144 208211.997 210122.703 218328.996 5.45590534388 5.66898445048 5.72100720978 0.340994083992 0.354311528155 0.357562950611
2496 262144 228358.971 239173.495 247751.534 5.28199695425 5.47143757714 5.73055151838 0.330124809641 0.341964848572 0.358159469899
2744 262144 251804.928 257746.98 270485.113 5.31876322524 5.58162222502 5.71333644431 0.332422701578 0.348851389064 0.35708352777
3016 262144 275463.957 305284.476 320355.112 4.93593686746 5.17960372148 5.74032488759 0.308496054216 0.323725232593 0.358770305474
3312 262144 301104.488 319484.025 331045.807 5.24532200464 5.43514454596 5.76690791802 0.32783262529 0.339696534122 0.360431744877
3640 262144 328166.266 371161.716 395461.878 4.82577063977 5.14171650182 5.81537018799 0.301610664986 0.321357281364 0.363460636749
4000 262144 384023.75 394579.096 457556.167 4.58337609949 5.31490902904 5.46099557645 0.286461006218 0.332181814315 0.341312223528
4400 131072 213656.803 219963.774 221084.318 5.21716605879 5.24374345387 5.3985343963 0.326072878674 0.327733965867 0.337408399769
4840 131072 230684.156 235604.685 260859.063 4.86384082427 5.38519410172 5.5000611312 0.303990051517 0.336574631358 0.3437538207
5320 131072 242813.764 244105.257 259718.464 5.36968399752 5.71313415016 5.74352152459 0.335605249845 0.357070884385 0.358970095287
5848 131072 272799.269 285844.022 338974.441 4.52251829807 5.36312811887 5.61958291758 0.282657393629 0.33519550743 0.351223932349
6432 131072 308146.575 311364.291 363255.494 4.64166471217 5.41523307822 5.47177981128 0.29010404451 0.338452067389 0.341986238205
7072 131072 322499.349 355721.566 356975.58 5.19330304891 5.2116108361 5.74848406283 0.324581440557 0.325725677256 0.359280253927
7776 131072 347938.887 356888.318 373833.899 5.4527739444 5.71167965212 5.8585913221 0.340798371525 0.356979978258 0.366161957631
8552 65536 191145.406 200487.103 219158.727 5.11468449988 5.59102170278 5.86426724794 0.319667781242 0.349438856424 0.366516702996
9400 65536 210374.874 221929.522 267138.181 4.61213292457 5.55165797185 5.8565777204 0.288258307786 0.346978623241 0.366036107525
10336 65536 234539.192 237837.039 276803.533 4.89430238595 5.69616993928 5.77626357645 0.305893899122 0.356010621205 0.361016473528
11368 65536 256831.054 257646.001 289068.365 5.15458167136 5.78323160545 5.8015822962 0.32216135446 0.36145197534 0.362598893512
12504 65536 280037.73 292927.36 330278.324 4.96225204292 5.59498535063 5.85251240253 0.310140752682 0.349686584415 0.365782025158
13752 65536 309793.667 314301.506 329456.342 5.47114113226 5.73494593437 5.81839571304 0.341946320766 0.358434120898 0.363649732065
15120 65536 349514.554 349851.928 371270.24 5.33791407574 5.6647069271 5.67017486774 0.333619629734 0.354044182944 0.354385929234
16632 32768 186379.447 199738.654 200187.952 5.44485690128 5.45710472245 5.84825617601 0.34030355633 0.341069045153 0.365516011001
18288 32768 204634.865 209979.371 219118.379 5.46974824052 5.70781006864 5.85688254052 0.341859265032 0.35673812929 0.366055158782
20112 32768 224671.299 232549.831 241468.308 5.45852183633 5.66786063156 5.86661508553 0.341157614771 0.354241289472 0.366663442846
22120 32768 246924.028 270500.052 278162.305 5.21154841595 5.35917205665 5.87085967997 0.325721775997 0.33494825354 0.366928729998
24328 32768 271902.94 282081.669 341957.085 4.66245584004 5.65212129399 5.86370933687 0.291403490002 0.353257580875 0.366481833554
26760 32768 306393.949 351856.269 412922.562 4.24714830671 4.98426066128 5.72381852097 0.265446769169 0.31151629133 0.357738657561
29432 32768 349274.179 357431.209 360878.235 5.34489299971 5.39643854099 5.52246821544 0.334055812482 0.337277408812 0.345154263465
32368 32768 396193.253 397024.769 421244.577 5.03571882897 5.34291412937 5.35412764336 0.314732426811 0.333932133086 0.33463297771
35600 16384 214972.997 219058.512 226533.683 5.1495247177 5.32524753021 5.42645270001 0.321845294856 0.332827970638 0.339153293751
39160 16384 223189.479 235223.356 241223.478 5.319527314 5.45521882614 5.74935201135 0.332470457125 0.340951176634 0.359334500709
43072 16384 240777.734 264374.143 277198.161 5.09160411061 5.33858296422 5.86176833112 0.318225256913 0.333661435264 0.366360520695
47376 16384 269866.658 270660.831 276706.865 5.6103297907 5.7356535937 5.75253267486 0.350645611919 0.358478349606 0.359533292179
52112 16384 294268.965 344077.923 352182.614 4.84863803072 4.96284679096 5.80287498547 0.30303987692 0.310177924435 0.362679686592
57320 16384 325908.581 343458.058 359863.95 5.21936626328 5.46867868216 5.76315528188 0.326210391455 0.341792417635 0.360197205117
63048 16384 352780.424 367087.044 409844.879 5.0408263464 5.62797542917 5.85621174944 0.31505164665 0.351748464323 0.36601323434
69352 8192 192663.636 196459.95 210343.617 5.40193795374 5.78368857368 5.89765246619 0.337621122109 0.361480535855 0.368603279137
76280 8192 216010.687 218977.124 269712.52 4.6337171148 5.70731543629 5.78569300138 0.289607319675 0.356707214768 0.361605812586
83904 8192 232827.352 233697.756 286054.777 4.80566397253 5.88231209203 5.90430258383 0.300353998283 0.367644505752 0.369018911489
92288 8192 263671.989 277500.155 293498.815 5.15179794508 5.44881350427 5.7345742251 0.321987371567 0.340550844017 0.358410889069
101512 8192 281784.289 293784.563 376474.134 4.4177606316 5.66119809365 5.9022900599 0.276110039475 0.353824880853 0.368893128744
111656 8192 309577.066 315345.444 323367.567 5.65725227478 5.80116801687 5.90926171514 0.353578267174 0.362573001055 0.369328857196
122816 8192 364104.247 379740.322 389028.03 5.17242252184 5.29892989347 5.52648688001 0.323276407615 0.331183118342 0.34540543
135096 4096 201224.247 220400.629 229115.244 4.83034831152 5.02133971678 5.4998661866 0.30189676947 0.313833732298 0.343741636663
148600 4096 213762.723 218283.852 221775.559 5.48902325166 5.57682663581 5.69477775599 0.343063953228 0.348551664738 0.355923609749
163456 4096 229453.978 230427.657 230452.035 5.81045661845 5.81107133333 5.83573038773 0.363153538653 0.363191958333 0.364733149233
179800 4096 252047.747 252829.514 262311.56 5.61516084156 5.82575023263 5.84381974261 0.350947552597 0.364109389539 0.365238733913
197776 4096 274545.146 277959.044 286034.033 5.66429447226 5.82884790754 5.90132812619 0.354018404516 0.364302994221 0.368833007887
217552 4096 304160.113 305958.537 314459.586 5.66745637069 5.82492648015 5.85936783894 0.354216023168 0.36405790501 0.366210489934
239304 4096 332862.747 336460.89 338422.384 5.79269711663 5.82646728421 5.88944958746 0.362043569789 0.364154205263 0.368090599216
263232 2048 184492.26 185000.041 186011.337 5.79641160259 5.82809747594 5.8441382419 0.362275725162 0.364256092246 0.365258640119
289552 2048 200327.474 208559.173 214697.547 5.52407332348 5.68665944988 5.92033118732 0.345254582718 0.355416215618 0.370020699208
318504 2048 222577.142 224590.404 224850.827 5.80203507101 5.80876280003 5.86130441014 0.362627191938 0.363047675002 0.366331525633
350352 2048 244326.246 246344.051 246776.667 5.81514374696 5.82535598556 5.87346556293 0.363446484185 0.364084749098 0.367091597683
385384 2048 267024.191 269056.562 451498.642 3.49620733521 5.86691828761 5.91157249869 0.218512958451 0.366682392976 0.369473281168
423920 2048 297888.877 298752.064 314092.884 5.52822559329 5.81209815508 5.82893976266 0.345514099581 0.363256134692 0.364308735166
466312 2048 328560.307 337219.291 342504.057 5.57661701508 5.66401152893 5.81328271038 0.348538563442 0.354000720558 0.363330169399
512936 2048 359114.326 359655.438 359702.061 5.84090580454 5.84166297522 5.85046516913 0.365056612784 0.365103935951 0.365654073071
564224 1024 195962.913 197841.703 198276.974 5.82786154483 5.84068340738 5.89668082756 0.364241346552 0.365042712961 0.368542551723
620640 1024 217134.886 219170.515 219767.313 5.78371142937 5.79946038818 5.85383004737 0.361481964336 0.362466274261 0.365864377961
682704 1024 237346.007 238341.291 267559.028 5.22567974047 5.86628437789 5.89088398694 0.32660498378 0.366642773618 0.368180249184
750968 1024 263547.135 265108.887 267147.714 5.7570489411 5.80132368026 5.83570170095 0.359815558819 0.362582730016 0.364731356309
826064 1024 285852.235 292071.625 292414.611 5.78554904016 5.79234313501 5.91836923017 0.36159681501 0.362021445938 0.369898076886
908664 1024 317701.694 318371.649 319862.906 5.81794211549 5.84519343304 5.85751951326 0.363621382218 0.365324589565 0.366094969579
999528 1024 356226.675 368966.927 378806.149 5.40390737955 5.54801309875 5.74643474973 0.337744211222 0.346750818672 0.359152171858
1099480 512 199045.089 211271.482 227418.77 4.9506358688 5.32900848398 5.65634412613 0.3094147418 0.333063030248 0.353521507883
1209424 512 213103.205 227952.162 233701.921 5.29927255497 5.43293893392 5.81150422397 0.331204534686 0.33955868337 0.363219013998
1330360 512 231050.008 280374.669 337813.145 4.03266912541 4.85881497376 5.89607700858 0.252041820338 0.30367593586 0.368504813036
1463392 512 254308.615 259183.303 296070.993 5.06133138142 5.78167416903 5.89249958363 0.316333211339 0.361354635565 0.368281223977
1609728 512 282945.734 298802.407 308239.137 5.34767092863 5.51656021968 5.82571593746 0.334229433039 0.34478501373 0.364107246091
1770696 512 312265.738 312557.567 315325.98 5.7502166615 5.8011479978 5.80656948025 0.359388541344 0.362571749863 0.362910592516
1947760 512 344480.502 345653.587 363459.82 5.48755634117 5.77024603538 5.78989588212 0.342972271323 0.360640377211 0.361868492632
2142536 256 186250.947 190405.141 191594.521 5.72552088794 5.76128578377 5.88978713757 0.357845055496 0.360080361486 0.368111696098
2356784 256 204515.446 210556.634 212086.149 5.6895436769 5.73087337633 5.90015781986 0.355596479806 0.358179586021 0.368759863742
2592456 256 229170.88 231037.551 231785.218 5.72658378931 5.74511574528 5.79191157271 0.357911486832 0.35906973408 0.361994473294
2851696 256 247460.884 252244.317 256259.041 5.69762669173 5.7883101961 5.90019856229 0.356101668233 0.361769387256 0.368762410143
3136864 256 279988.148 286119.962 297455.04 5.39938529198 5.61329016254 5.73622269183 0.337461580748 0.350830635159 0.358513918239
3450544 256 302891.932 310652.276 325653.182 5.42503075557 5.68699689166 5.83270249668 0.339064422223 0.355437305729 0.364543906042
3795592 256 358767.176 377454.335 407257.242 4.77178280356 5.14855155657 5.41672492358 0.298236425222 0.321784472286 0.338545307723
4175144 256 366031.356 412698.57 414565.462 5.15642021332 5.1797459051 5.840138264 0.322276263332 0.323734119069 0.3650086415
4592656 128 213221.664 219272.524 226935.369 5.18085806184 5.3619118098 5.5140735418 0.323803628865 0.335119488112 0.344629596362
5051920 128 238257.404 242998.988 289071.713 4.47394698906 5.32220949002 5.42812730386 0.279621686817 0.332638093127 0.339257956491
5557112 128 267441.736 272928.975 317985.781 4.47384995494 5.2124208212 5.31936672741 0.279615622184 0.325776301325 0.332460420463
6112816 128 301008.853 306012.924 310904.003 5.0333250164 5.11377387447 5.19878694731 0.314582813525 0.319610867154 0.324924184207
6724096 128 301051.414 332483.128 336230.983 5.11960129504 5.17731106043 5.71785580785 0.31997508094 0.323581941277 0.35736598799
7396504 128 347992.866 351742.375 361962.219 5.23122283102 5.38321555371 5.44121793577 0.326951426939 0.336450972107 0.340076120986
8136152 128 391771.55 398182.311 458239.216 4.54534408945 5.23090768841 5.31650374306 0.284084005591 0.326931730526 0.332281483941
8949760 64 198768.41 204706.541 246972.632 4.63844625505 5.59615376433 5.76333673947 0.289902890941 0.349759610271 0.360208546217
9844736 64 245579.353 246898.428 266764.077 4.72374774809 5.10382434675 5.13123840668 0.295234234256 0.318989021672 0.320702400417
10829208 64 268355.582 268511.146 273372.377 5.07051458239 5.1623131652 5.16530572485 0.316907161399 0.322644572825 0.322831607803
11912128 64 271293.693 279239.399 300388.285 5.0759382444 5.46037697209 5.6203016264 0.317246140275 0.341273560756 0.35126885165
13103336 64 323394.266 327970.91 342720.235 4.89386629885 5.11395052689 5.18632265422 0.305866643678 0.319621907931 0.324145165889
14413664 64 343615.813 377796.682 415258.263 4.44289531693 4.88344413782 5.36922028091 0.277680957308 0.305215258614 0.335576267557
15855024 64 382497.739 383319.368 479389.523 4.23339054074 5.29439219987 5.30576488453 0.264586908797 0.330899512492 0.331610305283
17440520 32 214165.071 235284.989 245873.914 4.53969785506 4.744005492 5.21183624756 0.283731115941 0.29650034325 0.325739765473
19184568 32 234023.708 242658.805 246412.051 4.98276097706 5.05983020892 5.24652977467 0.311422561066 0.316239388058 0.327908110917
21103024 32 231212.671 266690.454 284594.217 4.74568158917 5.0642740141 5.84134740609 0.296605099323 0.316517125881 0.36508421288
23213320 32 258269.164 285084.876 297925.831 4.98665213088 5.2112637501 5.75234169264 0.31166575818 0.325703984381 0.35952135579
25534648 32 286880.699 299510.016 356043.773 4.58993414835 5.4563032443 5.69650547317 0.286870884272 0.341018952769 0.356031592073
28088112 32 315233.619 341040.509 361939.965 4.96667774171 5.27104294229 5.7025617182 0.310417358857 0.329440183893 0.356410107388
30896920 32 342952.203 386287.15 456761.528 4.32918001798 5.1189973055 5.76582644083 0.270573751124 0.319937331594 0.360364152552
33986608 16 186064.294 205115.489 242658.89 4.48189413543 5.30223953979 5.84513789626 0.280118383464 0.331389971237 0.365321118516
37385264 16 208106.041 229849.385 231390.253 5.17017649832 5.20483641059 5.74864834414 0.323136031145 0.325302275662 0.359290521509
41123784 16 244498.721 248351.151 260968.027 5.04261423565 5.29879198345 5.38228209382 0.315163389728 0.331174498966 0.336392630864
45236160 16 261853.981 281264.484 297263.062 4.86961652841 5.14660471672 5.52810812527 0.304351033025 0.321662794795 0.345506757829
49759776 16 314301.648 314546.999 325225.856 4.89602164964 5.06224137271 5.06619307322 0.306001353103 0.316390085794 0.316637067076
54735752 16 333280.131 363100.753 372474.932 4.70244817442 4.82385136778 5.25547100196 0.293903010901 0.301490710486 0.328466937623
60209320 16 329876.246 368713.448 380977.588 5.05724824947 5.22546234875 5.84066983714 0.316078015592 0.326591396797 0.365041864821
66230248 16 409437.581 409694.08 413331.242 5.12752901461 5.17304994009 5.17629068349 0.320470563413 0.323315621256 0.323518167718
72853272 8 208546.493 218703.131 249537.331 4.67125438638 5.32983842833 5.58941239065 0.291953399149 0.333114901771 0.349338274415
80138592 8 222740.864 239032.897 261108.816 4.91066326922 5.36418831087 5.75654349621 0.306916454326 0.335261769429 0.359783968513
88152448 8 260965.297 268014.602 271306.453 5.19869377379 5.26254598621 5.40470010463 0.324918360862 0.328909124138 0.337793756539
96967688 8 265421.861 266531.123 320245.246 4.84467147406 5.821020039 5.84534748628 0.302791967129 0.363813752437 0.365334217892
106664456 8 297440.784 320334.406 328900.903 5.18889209617 5.32765530032 5.73771785109 0.324305756011 0.33297845627 0.358607365693
117330896 8 322312.305 345237.713 370969.254 5.06051193127 5.43768616611 5.82445754282 0.316281995704 0.339855385382 0.364028596426
129063984 8 393998.773 395947.988 399359.773 5.17083563146 5.21539143166 5.24119333742 0.323177226966 0.325961964479 0.327574583589
141970376 4 196691.5 201953.181 236636.587 4.79960864209 5.62389263876 5.77433700999 0.299975540131 0.351493289922 0.360896063124
156167408 4 229663.815 256209.791 263011.85 4.75012538028 4.8762354441 5.43986114661 0.296882836268 0.304764715256 0.339991321663
171784144 4 257236.091 270553.862 296522.659 4.63463114972 5.07948081702 5.34245854327 0.289664446858 0.317467551064 0.333903658954
188962552 4 257919.771 288546.81 294400.247 5.13484764841 5.23901274805 5.86112654388 0.320927978026 0.327438296753 0.366320408993
207858800 4 325619.504 334079.061 409370.99 4.06201328531 4.97747567603 5.1067899176 0.253875830332 0.311092229752 0.31917436985
228644680 4 312658.089 339440.947 384317.787 4.75949201904 5.38873537847 5.85034420779 0.29746825119 0.336795961154 0.365646512987
251509144 4 386391.757 393888.955 404249.677 4.97730305422 5.10822435222 5.20733974146 0.311081440889 0.319264022014 0.325458733841
276660056 2 189303.983 194265.85 218373.0 5.06766048916 5.69652475718 5.84583697851 0.316728780573 0.356032797324 0.365364811157
304326056 2 209755.116 216915.638 244152.338 4.98583889866 5.61187858664 5.80345427189 0.311614931166 0.350742411665 0.362715891993
334758656 2 257936.138 261775.168 279018.749 4.79908475254 5.11520872751 5.19134168009 0.299942797034 0.31970054547 0.324458855005
368234520 2 278994.205 280113.101 286235.722 5.14589188836 5.25836911855 5.27945761454 0.321618243023 0.328648069909 0.329966100909
405057968 2 281963.164 299667.252 420680.913 3.85145087864 5.40676987955 5.74625369149 0.240715679915 0.337923117472 0.359140855718
445563760 2 350682.12 365710.689 489876.508 3.63817209214 4.87340155376 5.08225238287 0.227385755759 0.30458759711 0.317640773929
490120136 2 353821.381 462814.318 507390.937 3.86384620031 4.23599804015 5.54087641188 0.241490387519 0.264749877509 0.346304775742
539132144 1 210930.478 233246.769 244210.86 4.41530031875 4.62284769312 5.11194161329 0.275956269922 0.28892798082 0.319496350831
593045352 1 223054.525 226833.603 227985.738 5.20247763919 5.22890210407 5.317492232 0.32515485245 0.326806381504 0.3323432645
652349880 1 275620.755 279270.436 282506.331 4.61830273106 4.67181481394 4.7336774765 0.288643920691 0.291988425871 0.295854842281
717584864 1 259799.453 269133.551 307480.228 4.6675187453 5.33255598445 5.52414453313 0.291719921581 0.333284749028 0.345259033321
789343344 1 318059.377 332984.64 357141.56 4.42033878107 4.74101954973 4.96349676243 0.276271173817 0.296313721858 0.310218547652
868277672 1 340792.446 360630.834 464709.681 3.73686070035 4.81532686692 5.09563919149 0.233553793772 0.300957929183 0.318477449468
955105432 1 352904.586 389653.374 397924.447 4.80043605866 4.90233369312 5.4128252785 0.300027253666 0.30639585582 0.338301579906
1050615968 1 386827.397 421937.646 449270.455 4.676986685 4.97995842732 5.43196255564 0.292311667813 0.311247401707 0.339497659728

META_DATA
ERT_VERSION  1.1.0
HOSTNAME  ('atajo-Inspiron-15-7568', [], ['127.0.1.1'])
MPI_PROCS      1
UNAME  ('Linux', 'atajo-Inspiron-15-7568', '4.15.0-33-generic', '#36-Ubuntu SMP Wed Aug 15 16:00:05 UTC 2018', 'x86_64', 'x86_64')
FLOPS          1
TIMESTAMP_DATA  1535255283.77
TIMESTAMP_DATA  1535255176.81
TIMESTAMP_DATA  1535255070.32
CONFIG  {'ERT_WORKING_SET_MIN': ['1'], 'ERT_CFLAGS': [], 'ERT_CC': ['mpicc'], 'ERT_MPI_CFLAGS': ['-I/usr/include/mpi'], 'ERT_MPI_LDFLAGS': ['-lmpi'], 'ERT_MEMORY_MAX': ['1073741824'], 'ERT_PROCS_THREADS': ['1-4'], 'ERT_LDFLAGS': [], 'ERT_LDLIBS': [], 'ERT_RUN': ['export', 'OMP_NUM_THREADS=ERT_OPENMP_THREADS;', 'mpirun', '-np', 'ERT_MPI_PROCS', 'ERT_CODE'], 'ERT_FLOPS': ['1,2,4,8,16,32'], 'ERT_OPENMP_CFLAGS': ['-fopenmp'], 'ERT_MPI': ['True'], 'ERT_TRIALS_MIN': ['1'], 'ERT_DRIVER': ['driver1'], 'ERT_RESULTS': ['Results/myLaptop'], 'ERT_OPENMP': ['False'], 'ERT_MPI_PROCS': ['1,2,4,8'], 'ERT_KERNEL': ['kernel1'], 'ERT_GPU': [False], 'ERT_OPENMP_THREADS': ['1,2,4,8'], 'ERT_LD': ['mpicc'], 'ERT_NUM_EXPERIMENTS': ['3'], 'ERT_OPENMP_LDFLAGS': ['-fopenmp'], 'ERT_ALIGN': ['64'], 'ERT_GNUPLOT': ['gnuplot']}
