8 134217728 2486093.642 2488766.3 2494196.87 0.860992038692 0.862870751665 0.863798374977 0.430496019346 0.431435375833 0.431899187488
16 67108864 1249368.204 1253708.353 1253820.807 1.71275164362 1.71290527248 1.71885569132 0.856375821812 0.856452636238 0.85942784566
24 33554432 791225.354 791246.924 802407.139 2.00722632903 2.03553743736 2.03559292919 1.00361316451 1.01776871868 1.0177964646
32 33554432 1051090.15 1053851.065 1054031.11 2.03740063042 2.03774870978 2.04310129631 1.01870031521 1.01887435489 1.02155064815
40 16777216 645072.063 646241.013 648134.512 2.07083137088 2.07689894792 2.08066254452 1.03541568544 1.03844947396 1.04033127226
48 16777216 775881.634 776236.511 777712.079 2.07096273736 2.07489948382 2.07584851274 1.03548136868 1.03744974191 1.03792425637
56 16777216 891470.168 892036.49 893932.069 2.1020033369 2.10647009743 2.10780826936 1.05100166845 1.05323504871 1.05390413468
64 16777216 1025086.508 1025950.586 1026669.548 2.09169898161 2.09316479498 2.09492919011 1.0458494908 1.04658239749 1.04746459506
72 8388608 575734.326 577044.377 578864.147 2.08677555565 2.09335642136 2.09811973587 1.04338777782 1.04667821068 1.04905986794
80 8388608 632535.996 635359.225 650627.969 2.06289514738 2.11246996532 2.12189865634 1.03144757369 1.05623498266 1.06094932817
88 8388608 695129.391 696164.963 697359.515 2.1171217661 2.12075454306 2.12391394626 1.05856088305 1.06037727153 1.06195697313
96 8388608 770081.983 792699.238 801867.421 2.00857734561 2.03180810425 2.09148216885 1.0042886728 1.01590405212 1.04574108443
104 8388608 822550.62 823579.889 826132.007 2.11204801317 2.11859284971 2.12124387433 1.05602400658 1.05929642485 1.06062193716
112 8388608 881891.731 884881.988 885522.594 2.12196527196 2.12350145837 2.13070167907 1.06098263598 1.06175072918 1.06535083954
120 8388608 943779.127 944125.456 945015.586 2.13040498996 2.13241355501 2.13319606506 1.06520249498 1.0662067775 1.06659803253
128 8388608 1005839.396 1008194.505 1009264.157 2.12777163749 2.13002911378 2.13501644153 1.06388581875 1.06501455689 1.06750822077
136 4194304 537129.624 537534.763 541212.283 2.10795416851 2.12237564252 2.12397647984 1.05397708426 1.06118782126 1.06198823992
144 4194304 565222.889 566568.503 567023.555 2.13035162534 2.13206266427 2.1371384201 1.06517581267 1.06603133214 1.06856921005
152 4194304 610184.219 613175.035 616309.468 2.06887689092 2.07945259219 2.08964502243 1.03443844546 1.0397262961 1.04482251122
160 4194304 636299.475 643778.271 646555.449 2.07588890029 2.08484402233 2.10934840077 1.03794445014 1.04242201116 1.05467420038
176 4194304 688290.12 689260.934 689576.919 2.14101569719 2.1419972251 2.14501845239 1.0705078486 1.07099861255 1.0725092262
192 4194304 755588.084 755695.301 756415.703 2.12926930207 2.13129912793 2.1316015566 1.06463465103 1.06564956396 1.0658007783
208 4194304 815477.67 827082.59 833622.91 2.09306923199 2.10962059303 2.13964223447 1.04653461599 1.05481029651 1.06982111724
224 4194304 888207.977 894801.683 896783.946 2.0953187224 2.09996050264 2.11554978187 1.0476593612 1.04998025132 1.05777489094
240 4194304 930810.238 940673.473 946011.37 2.12816249767 2.14023885842 2.16291767947 1.06408124883 1.07011942921 1.08145883973
264 2097152 525000.908 525643.428 525873.049 2.10563416038 2.1065539813 2.10913207792 1.05281708019 1.05327699065 1.05456603896
288 2097152 571911.555 572277.315 581173.165 2.07848473527 2.11079405096 2.11214398702 1.03924236763 1.05539702548 1.05607199351
312 2097152 617217.376 617589.811 618719.195 2.11505131662 2.11891910244 2.12019767895 1.05752565831 1.05945955122 1.06009883947
336 2097152 665266.86 669779.79 670941.313 2.10046112334 2.10410371445 2.11837719378 1.05023056167 1.05205185722 1.05918859689
368 2097152 724385.834 724623.212 725144.675 2.12854610289 2.13007787556 2.13077589256 1.06427305144 1.06503893778 1.06538794628
400 2097152 785347.064 786196.519 786471.811 2.13322534455 2.13397230776 2.13628047637 1.06661267228 1.06698615388 1.06814023819
440 2097152 861919.664 863553.04 876681.75 2.10508974323 2.13709369838 2.14114358574 1.05254487161 1.06854684919 1.07057179287
480 2097152 941862.355 942166.91 942391.216 2.13633773938 2.13684634711 2.13753730501 1.06816886969 1.06842317355 1.06876865251
528 1048576 516743.938 517569.578 518189.076 2.13685758208 2.13941526525 2.14283356721 1.06842879104 1.06970763262 1.07141678361
576 1048576 563219.219 563677.914 576180.734 2.096494174 2.14299606566 2.14474135692 1.048247087 1.07149803283 1.07237067846
632 1048576 616672.822 617261.433 619989.665 2.13777767408 2.14722643137 2.14927594782 1.06888883704 1.07361321568 1.07463797391
688 1048576 670867.837 671050.001 671576.681 2.14843757507 2.15012379681 2.15070763036 1.07421878753 1.07506189841 1.07535381518
752 1048576 732229.557 732531.301 733134.209 2.15111815087 2.15288862312 2.15377580558 1.07555907543 1.07644431156 1.07688790279
824 1048576 799722.678 801918.579 803014.418 2.15195793409 2.15489863092 2.16081561213 1.07597896704 1.07744931546 1.08040780607
904 1048576 875811.956 876978.501 877823.624 2.15968829748 2.16176953693 2.16464892379 1.07984414874 1.08088476846 1.0823244619
992 1048576 966307.669 967042.879 968453.819 2.14814041019 2.15127460134 2.15291138707 1.0740702051 1.07563730067 1.07645569353
1088 524288 528417.025 528595.742 528920.669 2.15694102134 2.15826688971 2.15899684156 1.07847051067 1.07913344485 1.07949842078
1192 524288 577742.557 577816.013 578671.182 2.15995306295 2.16314979834 2.16342482799 1.07997653147 1.08157489917 1.08171241399
1304 524288 631513.4 631586.122 632557.165 2.16161191376 2.16493532136 2.16518462474 1.08080595688 1.08246766068 1.08259231237
1432 524288 691121.385 691354.642 693261.762 2.16593632349 2.17191111592 2.17264414702 1.08296816174 1.08595555796 1.08632207351
1568 524288 761033.559 762861.402 763416.197 2.15369699315 2.15526328071 2.16043977109 1.07684849657 1.07763164035 1.08021988555
1720 524288 828811.734 829970.653 858963.249 2.09968321939 2.17302950831 2.17606803332 1.0498416097 1.08651475415 1.08803401666
1888 524288 913939.516 914928.005 939244.559 2.10776998283 2.16378936614 2.16612965447 1.05388499142 1.08189468307 1.08306482724
2072 262144 498389.929 509316.311 515001.556 2.10936204628 2.13290780707 2.17966831348 1.05468102314 1.06645390354 1.08983415674
2272 262144 551197.939 551754.747 566026.647 2.104463354 2.15889821062 2.16107908197 1.052231677 1.07944910531 1.08053954099
2496 262144 603600.027 604487.318 618852.097 2.11459709734 2.16484748155 2.16802980362 1.05729854867 1.08242374077 1.08401490181
2744 262144 673254.991 679908.83 734902.682 1.9576010637 2.11593997389 2.13685199699 0.978800531851 1.05796998695 1.06842599849
3016 262144 731769.198 747614.407 1061080.852 1.49022819988 2.11506438773 2.1608624855 0.745114099939 1.05753219387 1.08043124275
3312 262144 802265.369 816535.716 817316.847 2.12456388532 2.12659632882 2.1644232982 1.06228194266 1.06329816441 1.0822116491
3640 262144 881458.663 898089.222 898216.643 2.12466372659 2.12496517412 2.16505708107 1.06233186329 1.06248258706 1.08252854054
4000 262144 985974.198 986978.314 988820.367 2.12086246399 2.12482074859 2.12698466578 1.060431232 1.0624103743 1.06349233289
4400 131072 541024.602 541375.794 544766.008 2.11730097521 2.13055997845 2.13194297586 1.05865048761 1.06527998923 1.06597148793
4840 131072 596790.622 597654.068 604707.904 2.098165001 2.1229286772 2.12600016359 1.0490825005 1.0614643386 1.06300008179
5320 131072 653703.158 656901.845 696638.376 2.00190820381 2.12300527182 2.13339351804 1.0009541019 1.06150263591 1.06669675902
5848 131072 717034.21 719431.985 720933.475 2.12643491412 2.13087288856 2.13799856495 1.06321745706 1.06543644428 1.06899928247
6432 131072 789530.678 794024.95 794775.112 2.1214934672 2.12349776666 2.13558542433 1.0607467336 1.06174888333 1.06779271217
7072 131072 867894.7 870141.171 871917.291 2.12621356078 2.13055355819 2.13606831336 1.06310678039 1.06527677909 1.06803415668
7776 131072 954938.618 955418.594 957784.128 2.12827889334 2.13354832824 2.13462070292 1.06413944667 1.06677416412 1.06731035146
8552 65536 525806.431 526402.534 527310.79 2.12574399246 2.12941175545 2.13182585437 1.06287199623 1.06470587773 1.06591292719
9400 65536 576556.961 577344.112 577676.808 2.132813336 2.13404237506 2.13695590088 1.066406668 1.06702118753 1.06847795044
10336 65536 633608.293 633770.444 636452.352 2.12861212272 2.13761970888 2.13816676165 1.06430606136 1.06880985444 1.06908338083
11368 65536 694833.374 696504.236 700391.572 2.127419226 2.13929279821 2.14443714386 1.063709613 1.06964639911 1.07221857193
12504 65536 767358.946 769436.582 769676.44 2.12936787827 2.13003167037 2.13579876346 1.06468393914 1.06501583518 1.06789938173
13752 65536 840225.41 844991.486 845855.118 2.13098213351 2.13316012512 2.14526021535 1.06549106676 1.06658006256 1.07263010768
15120 65536 923918.282 927063.152 936446.024 2.11630845688 2.13772776507 2.14500424833 1.05815422844 1.06886388253 1.07250212417
16632 32768 508452.004 510667.6 510960.996 2.13322496342 2.13445057411 2.1437515113 1.06661248171 1.06722528706 1.07187575565
18288 32768 559497.317 562091.925 564069.294 2.12477860566 2.1322533107 2.14214140369 1.06238930283 1.06612665535 1.07107070185
20112 32768 616256.372 618634.221 619842.807 2.12644240945 2.13059670361 2.13881769323 1.06322120473 1.0652983518 1.06940884662
22120 32768 678996.383 679593.464 680545.866 2.130137574 2.13312281061 2.13499858953 1.065068787 1.06656140531 1.06749929476
24328 32768 744668.877 747007.134 754755.255 2.11241961873 2.13433009597 2.14103188309 1.05620980936 1.06716504798 1.07051594154
26760 32768 819473.549 821537.276 823943.848 2.12847436662 2.13470941762 2.14008537816 1.06423718331 1.06735470881 1.07004268908
29432 32768 901026.55 901633.622 909059.394 2.1218146633 2.13928973469 2.14073109388 1.06090733165 1.06964486735 1.07036554694
32368 32768 992052.172 993363.246 995153.626 2.13159977774 2.13544164891 2.13826380091 1.06579988887 1.06772082445 1.06913190045
35600 16384 552347.228 553731.62 560649.148 2.08069664274 2.10668987984 2.11197004505 1.04034832137 1.05334493992 1.05598502252
39160 16384 600646.588 604596.071 615227.171 2.08572530682 2.12240029592 2.13635589652 1.04286265341 1.06120014796 1.06817794826
43072 16384 662117.324 666836.623 669291.08 2.10877350405 2.11653536611 2.13162115662 1.05438675202 1.05826768306 1.06581057831
47376 16384 729613.197 731165.372 732740.653 2.11864424561 2.12320882177 2.12772572424 1.0593221228 1.06160441088 1.06386286212
52112 16384 798379.982 802934.122 809973.519 2.10822449863 2.12670749594 2.13883871652 1.05411224932 1.06335374797 1.06941935826
57320 16384 878416.298 887455.588 888205.321 2.1146706911 2.11645718997 2.13823646519 1.05733534555 1.05822859498 1.06911823259
63048 16384 967007.932 970746.175 974741.363 2.11949235194 2.12821530201 2.13644252093 1.05974617597 1.064107651 1.06822126046
69352 8192 532715.453 534659.218 535639.831 2.12131940576 2.12521009598 2.13296453407 1.06065970288 1.06260504799 1.06648226703
76280 8192 585246.398 586971.859 587093.33 2.12874419813 2.12918473149 2.1354621306 1.06437209907 1.06459236575 1.0677310653
83904 8192 644245.299 645045.927 645762.619 2.12877471621 2.13113993665 2.13378838485 1.0643873581 1.06556996832 1.06689419242
92288 8192 706588.444 708676.711 714486.072 2.11627161292 2.13361970068 2.13992544718 1.05813580646 1.06680985034 1.06996272359
101512 8192 777058.595 779620.414 780826.501 2.13001557436 2.1333107473 2.14034387973 1.06500778718 1.06665537365 1.07017193987
111656 8192 855952.557 857570.401 861796.769 2.12274165999 2.1332031771 2.13723516454 1.06137082999 1.06660158855 1.06861758227
122816 8192 939326.637 940952.275 967317.665 2.08020324326 2.1384903331 2.142191294 1.04010162163 1.06924516655 1.071095647
135096 4096 517332.233 517796.847 520860.905 2.12476386954 2.13733713987 2.13925667377 1.06238193477 1.06866856993 1.06962833688
148600 4096 568736.845 570826.757 575211.717 2.1163185033 2.13257557582 2.14041205648 1.05815925165 1.06628778791 1.07020602824
163456 4096 624523.245 626373.203 630510.454 2.12372617061 2.13775357181 2.14408600916 1.0618630853 1.06887678591 1.07204300458
179800 4096 686796.751 687805.921 693411.183 2.12416764556 2.14147851164 2.14462517165 1.06208382278 1.07073925582 1.07231258582
197776 4096 756377.191 757898.544 768549.166 2.10810324658 2.13772807037 2.14202782855 1.05405162329 1.06886403518 1.07101391427
217552 4096 832360.993 834435.351 840932.019 2.11929852085 2.13579875525 2.1411214593 1.05964926042 1.06789937762 1.07056072965
239304 4096 915815.568 915956.29 926245.143 2.11647897192 2.1402531861 2.14058205222 1.05823948596 1.07012659305 1.07029102611
263232 2048 502598.213 503921.03 511298.147 2.10874668396 2.13961753491 2.14524891675 1.05437334198 1.06980876746 1.07262445838
289552 2048 553151.286 553365.4 557875.141 2.12593267711 2.14325830997 2.14408792317 1.06296633856 1.07162915499 1.07204396159
318504 2048 608253.785 608889.783 612707.432 2.12922565627 2.14257558662 2.14481589128 1.06461282813 1.07128779331 1.07240794564
350352 2048 669064.625 669531.914 673090.685 2.13201849911 2.14335084257 2.1448478045 1.06600924956 1.07167542129 1.07242390225
385384 2048 736166.446 737026.365 739673.256 2.13409481983 2.14175901835 2.14426081571 1.06704740992 1.07087950917 1.07213040786
423920 2048 809643.847 810934.92 813228.029 2.13516536332 2.141203045 2.14461744684 1.06758268166 1.0706015225 1.07230872342
466312 2048 889540.535 892653.729 896008.127 2.13169266488 2.13970310093 2.14719158582 1.06584633244 1.06985155047 1.07359579291
512936 2048 979016.526 980220.099 984380.476 2.13432296477 2.14338173451 2.14601674252 1.06716148239 1.07169086726 1.07300837126
564224 1024 538308.508 538653.329 541135.669 2.13538086324 2.14522159205 2.14659574357 1.06769043162 1.07261079602 1.07329787178
620640 1024 591626.256 592881.927 594739.923 2.13718748455 2.14388508422 2.14843527837 1.06859374228 1.07194254211 1.07421763918
682704 1024 651533.428 651946.65 665074.714 2.10228679962 2.14461995011 2.14598013227 1.05114339981 1.07230997506 1.07299006614
750968 1024 715934.229 719388.437 719588.772 2.13730747872 2.13790267524 2.1482175341 1.06865373936 1.06895133762 1.07410876705
826064 1024 787854.396 791197.32 808739.868 2.09187049995 2.13825177264 2.14732453178 1.04593524997 1.06912588632 1.07366226589
908664 1024 866829.66 867171.284 870076.043 2.13882899888 2.14599342291 2.14683917484 1.06941449944 1.07299671145 1.07341958742
999528 1024 953752.461 959786.15 976340.55 2.09663866158 2.13280150375 2.1462941672 1.04831933079 1.06640075188 1.0731470836
1099480 512 523518.345 523718.536 526660.362 2.13774872999 2.14975686864 2.15057892575 1.06887436499 1.07487843432 1.07528946287
1209424 512 575919.64 578236.96 579321.304 2.13776045771 2.14176931201 2.15038711998 1.06888022885 1.07088465601 1.07519355999
1330360 512 635069.855 635773.638 637558.296 2.1367279644 2.14272589893 2.145100463 1.0683639822 1.07136294947 1.0725502315
1463392 512 697728.727 701574.554 704615.851 2.12670976089 2.13592896073 2.14770203664 1.06335488045 1.06796448037 1.07385101832
1609728 512 770937.261 775036.472 778007.802 2.11869529812 2.12681793896 2.1381266095 1.05934764906 1.06340896948 1.06906330475
1770696 512 842874.921 847341.709 850194.179 2.13268068494 2.13986008802 2.15120020637 1.06634034247 1.06993004401 1.07560010319
1947760 512 928582.086 930887.606 931743.684 2.14061686089 2.14258544978 2.14790514492 1.07030843045 1.07129272489 1.07395257246
2142536 256 509903.466 510105.867 512158.286 2.14187383468 2.15049169783 2.15134531366 1.07093691734 1.07524584892 1.07567265683
2356784 256 560854.976 563992.824 567691.954 2.12557778827 2.13951908012 2.15148917213 1.06278889413 1.06975954006 1.07574458607
2592456 256 617281.318 617536.45 619432.184 2.14282936258 2.14940749165 2.15029587531 1.07141468129 1.07470374583 1.07514793765
2851696 256 679718.033 680891.768 681990.142 2.14089363186 2.14434719381 2.14805004592 1.07044681593 1.07217359691 1.07402502296
3136864 256 746872.86 748545.565 750082.589 2.14119670494 2.14559332537 2.15039862072 1.07059835247 1.07279666269 1.07519931036
3450544 256 823244.825 823941.967 827064.033 2.13608433871 2.14417835085 2.1459940887 1.06804216935 1.07208917543 1.07299704435
3795592 256 905663.698 907833.125 909198.418 2.13742464299 2.14063912242 2.14576680979 1.06871232149 1.07031956121 1.07288340489
4175144 256 996164.829 996642.439 1000051.829 2.13756294025 2.14487527758 2.14590363539 1.06878147013 1.07243763879 1.0729518177
4592656 128 547969.0 548747.743 549783.532 2.13851428347 2.14255083688 2.14559571071 1.06925714174 1.07127541844 1.07279785535
5051920 128 603152.728 604166.764 605035.528 2.13754640868 2.14062010204 2.14421896804 1.06877320434 1.07031005102 1.07210948402
5557112 128 662900.273 663201.774 663814.387 2.14310008921 2.14507971446 2.14605534187 1.07155004461 1.07253985723 1.07302767094
6112816 128 729514.165 730071.515 730427.932 2.14241655808 2.14346247436 2.14510008315 1.07120827904 1.07173123718 1.07255004157
6724096 128 801538.414 802218.667 822195.909 2.09362337754 2.14575981189 2.14758088438 1.04681168877 1.07287990595 1.07379044219
7396504 128 882025.653 882844.409 883119.12 2.14411055215 2.14477772606 2.14676865413 1.07205527608 1.07238886303 1.07338432707
8136152 128 969271.577 970313.947 971534.564 2.14388143169 2.14657835069 2.14888681503 1.07194071584 1.07328917534 1.07444340752
8949760 64 532666.664 533676.177 533684.021 2.14653097137 2.14656252119 2.15063069913 1.07326548568 1.07328126059 1.07531534956
9844736 64 586996.996 587350.741 587761.898 2.14393993943 2.1454407393 2.14673365722 1.07196996972 1.07272036965 1.07336682861
10829208 64 645894.194 647036.496 647360.066 2.14121737932 2.14228815928 2.14607692231 1.07060868966 1.07114407964 1.07303846116
11912128 64 710674.576 716994.193 720922.498 2.11500180426 2.12658958592 2.14550011425 1.05750090213 1.06329479296 1.07275005712
13103336 64 781196.915 781293.474 789293.304 2.12497306071 2.14673111169 2.14699645607 1.06248653036 1.07336555585 1.07349822804
14413664 64 857734.169 859251.276 860620.513 2.14374275785 2.14715886206 2.15095662349 1.07187137892 1.07357943103 1.07547831174
15855024 64 944393.65 945032.827 945068.597 2.14740292762 2.14748420797 2.14893765116 1.07370146381 1.07374210399 1.07446882558
17440520 32 518771.639 519844.754 520833.641 2.14308983163 2.14716657504 2.15160813755 1.07154491582 1.07358328752 1.07580406877
19184568 32 571215.863 571533.362 572319.511 2.14532674215 2.14827765732 2.14947173482 1.07266337107 1.07413882866 1.07473586741
21103024 32 628570.35 629362.121 631563.331 2.13849264152 2.14597207384 2.14867522148 1.06924632076 1.07298603692 1.07433761074
23213320 32 692079.435 692446.435 698383.319 2.12727371858 2.1455124973 2.14665023243 1.06363685929 1.07275624865 1.07332511621
25534648 32 759747.571 760018.629 761129.477 2.14709523331 2.15023344119 2.15100058806 1.07354761666 1.07511672059 1.07550029403
28088112 32 836647.509 836693.343 837341.93 2.14684002269 2.14850420771 2.14862190906 1.07342001134 1.07425210386 1.07431095453
30896920 32 919831.417 921140.087 921542.562 2.14575317683 2.14669072371 2.14974488091 1.07287658842 1.07334536185 1.07487244046
33986608 16 505899.658 505923.211 508974.778 2.13678850703 2.1496769319 2.14977701369 1.06839425352 1.07483846595 1.07488850684
37385264 16 556631.854 556923.642 582232.041 2.05472794995 2.1481013873 2.14922742815 1.02736397498 1.07405069365 1.07461371408
41123784 16 611446.918 611721.571 612573.128 2.14825141334 2.15124192179 2.15220822816 1.07412570667 1.0756209609 1.07610411408
45236160 16 673625.542 673655.815 678847.738 2.13237378424 2.14880817143 2.14890473972 1.06618689212 1.07440408571 1.07445236986
49759776 16 741491.214 741980.136 742257.597 2.1452294169 2.14603161829 2.14744666145 1.07261470845 1.07301580915 1.07372333073
54735752 16 814770.253 815761.1 821514.027 2.13209270497 2.14712869246 2.14973982856 1.06604635249 1.07356434623 1.07486991428
60209320 16 895463.294 896098.395 915136.138 2.10536789008 2.15009674245 2.15162168333 1.05268394504 1.07504837122 1.07581084167
66230248 16 984661.205 986826.54 988251.987 2.14456228156 2.14766004976 2.152382896 1.07228114078 1.07383002488 1.076191448
72853272 8 541615.467 541840.344 542917.814 2.14701437665 2.15128379588 2.15217700199 1.07350718833 1.07564189794 1.076088501
80138592 8 595813.881 596573.801 601538.253 2.13156431134 2.14930234927 2.15204363794 1.06578215567 1.07465117463 1.07602181897
88152448 8 655533.857 660428.683 667709.677 2.11235394152 2.13564190094 2.1515885914 1.05617697076 1.06782095047 1.0757942957
96967688 8 721371.105 722633.944 724963.848 2.14008327764 2.14698329754 2.15074182657 1.07004163882 1.07349164877 1.07537091328
106664456 8 794571.59 794662.575 802725.619 2.12604563204 2.14761755453 2.14786347445 1.06302281602 1.07380877727 1.07393173723
117330896 8 874138.762 874463.454 875595.922 2.14401904901 2.14679564642 2.14759305686 1.0720095245 1.07339782321 1.07379652843
129063984 8 960137.004 960927.974 961180.672 2.14842412478 2.14898910207 2.15075945974 1.07421206239 1.07449455103 1.07537972987
141970376 4 528495.072 528824.346 529110.033 2.14655352793 2.14771316145 2.14905127441 1.07327676397 1.07385658073 1.0745256372
156167408 4 580986.76 583076.418 583226.997 2.14211494054 2.14266813994 2.15037475897 1.07105747027 1.07133406997 1.07518737949
171784144 4 638662.385 639437.386 641344.528 2.14280015187 2.14919112033 2.15179911057 1.07140007594 1.07459556017 1.07589955529
188962552 4 702422.65 702463.272 703692.652 2.14823959253 2.15199922367 2.15212367654 1.07411979627 1.07599961183 1.07606183827
207858800 4 772813.43 774264.486 774504.531 2.14701184234 2.14767747981 2.15171001881 1.07350592117 1.07383873991 1.0758550094
228644680 4 851445.936 851797.365 853589.209 2.14290131683 2.14740913175 2.14829546147 1.07145065842 1.07370456587 1.07414773074
251509144 4 935202.827 937096.173 938060.667 2.14492859874 2.14713623849 2.15148317981 1.07246429937 1.07356811925 1.0757415899
276660056 2 514148.356 515068.062 515797.98 2.1454915818 2.14853202061 2.15237530391 1.0727457909 1.0742660103 1.07618765195
304326056 2 565257.583 565567.208 567196.01 2.14617910306 2.15235997912 2.15353895394 1.07308955153 1.07617998956 1.07676947697
334758656 2 622023.391 623022.328 625287.337 2.14147088029 2.14925623661 2.1527078296 1.07073544015 1.0746281183 1.0763539148
368234520 2 684020.265 684882.069 685723.619 2.14800546341 2.15064482875 2.15335444777 1.0740027317 1.07532241438 1.07667722388
405057968 2 752970.311 753388.661 754497.793 2.14743089646 2.15059232488 2.15178719311 1.07371544823 1.07529616244 1.07589359655
445563760 2 828679.821 829889.954 830964.56 2.14480270976 2.14757996697 2.15071610872 1.07240135488 1.07378998348 1.07535805436
490120136 2 912442.629 913739.255 946633.7 2.07100227258 2.14555797321 2.14860691696 1.03550113629 1.0727789866 1.07430345848
539132144 1 501122.769 501873.428 503411.636 2.14191371611 2.14847853631 2.15169685894 1.07095685806 1.07423926815 1.07584842947
593045352 1 551483.622 551766.672 552500.383 2.14676901681 2.14962368006 2.15072697843 1.0733845084 1.07481184003 1.07536348922
652349880 1 606367.085 608292.205 611716.314 2.13285101303 2.1448569442 2.15166652722 1.06642550651 1.0724284721 1.07583326361
717584864 1 667043.533 667291.662 668707.529 2.14618449137 2.15073828991 2.15153832846 1.07309224568 1.07536914495 1.07576916423
789343344 1 733950.445 734233.974 737054.442 2.14188613221 2.15011391995 2.15094452051 1.0709430661 1.07505695998 1.07547226026
868277672 1 807212.676 809424.211 814373.849 2.1323810264 2.14542055995 2.15129840701 1.0661905132 1.07271027997 1.07564920351
955105432 1 889950.201 890636.776 894371.013 2.13581481984 2.14476980457 2.14642444246 1.06790740992 1.07238490228 1.07321222123
1050615968 1 979006.802 980819.636 984727.462 2.13382079518 2.1423224606 2.14628941465 1.06691039759 1.0711612303 1.07314470732

META_DATA
ERT_VERSION  1.1.0
FLOPS          8
MPI_PROCS      1
UNAME  ('Linux', 'atajo-Inspiron-15-7568', '4.15.0-33-generic', '#36-Ubuntu SMP Wed Aug 15 16:00:05 UTC 2018', 'x86_64', 'x86_64')
HOSTNAME  ('atajo-Inspiron-15-7568', [], ['127.0.1.1'])
TIMESTAMP_DATA  1535279378.99
TIMESTAMP_DATA  1535279646.67
TIMESTAMP_DATA  1535279111.43
CONFIG  {'ERT_WORKING_SET_MIN': ['1'], 'ERT_CFLAGS': [], 'ERT_CC': ['mpicc'], 'ERT_MPI_CFLAGS': ['-I/usr/include/mpi'], 'ERT_MPI_LDFLAGS': ['-lmpi'], 'ERT_MEMORY_MAX': ['1073741824'], 'ERT_PROCS_THREADS': ['1-4'], 'ERT_LDFLAGS': [], 'ERT_LDLIBS': [], 'ERT_RUN': ['export', 'OMP_NUM_THREADS=ERT_OPENMP_THREADS;', 'mpirun', '-np', 'ERT_MPI_PROCS', 'ERT_CODE'], 'ERT_FLOPS': ['1,2,4,8,16'], 'ERT_OPENMP_CFLAGS': ['-fopenmp'], 'ERT_MPI': ['True'], 'ERT_TRIALS_MIN': ['1'], 'ERT_DRIVER': ['driver1'], 'ERT_RESULTS': ['Results/myLaptop'], 'ERT_OPENMP': ['False'], 'ERT_MPI_PROCS': ['1,2,4,8'], 'ERT_KERNEL': ['kernel1'], 'ERT_GPU': [False], 'ERT_OPENMP_THREADS': ['1,2,4,8'], 'ERT_LD': ['mpicc'], 'ERT_NUM_EXPERIMENTS': ['3'], 'ERT_OPENMP_LDFLAGS': ['-fopenmp'], 'ERT_ALIGN': ['64'], 'ERT_GNUPLOT': ['gnuplot']}
