64 16777216 668071.052 683293.966 702356.346 3.05754146059 3.14284005839 3.21445397398 1.52877073029 1.57142002919 1.60722698699
128 8388608 476192.284 543060.208 548734.965 3.91351706192 3.95441171414 4.50969854018 1.95675853096 1.97720585707 2.25484927009
192 4194304 355641.965 365912.325 399814.009 4.02840495767 4.40163565411 4.52874771401 2.01420247883 2.20081782706 2.26437385701
256 4194304 455762.149 465191.092 516766.135 4.1556199266 4.61634731389 4.71185168122 2.0778099633 2.30817365695 2.35592584061
320 2097152 282381.602 285269.351 321072.434 4.18029434442 4.70494736043 4.75306206387 2.09014717221 2.35247368022 2.37653103193
384 2097152 323460.48 348944.58 379558.895 4.24338029543 4.6156691587 4.97931845028 2.12169014772 2.30783457935 2.48965922514
448 2097152 391617.477 415237.354 445088.53 4.22174031759 4.52523881558 4.79817245746 2.1108701588 2.26261940779 2.39908622873
512 2097152 439919.555 456177.511 504223.679 4.25899008206 4.70756141243 4.88153714376 2.12949504103 2.35378070621 2.44076857188
576 1048576 245227.823 259153.324 280590.395 4.30506379949 4.66117714932 4.9258666379 2.15253189975 2.33058857466 2.46293331895
640 1048576 270899.779 283244.976 315316.527 4.25660301656 4.73857400387 4.95451596511 2.12830150828 2.36928700193 2.47725798255
704 1048576 301563.935 345279.239 353907.204 4.17170091853 4.27594492005 4.89579434623 2.08585045926 2.13797246002 2.44789717312
768 1048576 339409.106 349450.621 385216.196 4.18106183677 4.60898518764 4.74534332617 2.09053091838 2.30449259382 2.37267166309
832 1048576 360556.242 365296.282 410919.915 4.24615697684 4.77648021613 4.83927404591 2.12307848842 2.38824010807 2.41963702295
896 1048576 384975.069 398158.735 432461.085 4.34501104764 4.71934438912 4.88096072528 2.17250552382 2.35967219456 2.44048036264
960 1048576 407250.438 433655.118 468374.01 4.29841510634 4.64255081154 4.94355740877 2.14920755317 2.32127540577 2.47177870439
1024 1048576 439139.733 495522.953 498031.916 4.31193981552 4.33377230055 4.89020575143 2.15596990776 2.16688615028 2.44510287572
1088 524288 234438.533 240895.867 260525.799 4.37903152923 4.73586658919 4.86631047124 2.18951576462 2.3679332946 2.43315523562
1152 524288 240605.462 255582.466 278568.917 4.33630415414 4.72630055929 5.02049929357 2.16815207707 2.36315027964 2.51024964678
1216 524288 263158.478 276498.272 300256.859 4.2465921353 4.61148782876 4.84524924179 2.12329606765 2.30574391438 2.42262462089
1280 524288 275451.6 310020.68 346864.323 3.86945901035 4.3293153218 4.87264288899 1.93472950517 2.1646576609 2.43632144449
1408 524288 309992.745 340117.748 354987.623 4.15900418027 4.34083495108 4.76267600392 2.07950209013 2.17041747554 2.38133800196
1536 524288 312759.939 327654.264 365670.272 4.40454928751 4.91558607032 5.14967722896 2.20227464375 2.45779303516 2.57483861448
1664 524288 367379.092 368003.287 406700.754 4.29020710397 4.74134478043 4.74940055652 2.14510355198 2.37067239022 2.37470027826
1792 524288 397364.443 437032.223 511860.563 3.67101575669 4.29956440992 4.72877788917 1.83550787834 2.14978220496 2.36438894458
1920 524288 391494.732 457997.184 459335.719 4.38299447816 4.39580414538 5.14251088313 2.19149723908 2.19790207269 2.57125544157
2112 262144 213514.343 233159.504 256405.222 4.31854018948 4.74909337601 5.18605092493 2.15927009474 2.374546688 2.59302546246
2304 262144 243593.019 261411.096 296447.455 4.07478469329 4.62091919771 4.95892516526 2.03739234665 2.31045959885 2.47946258263
2496 262144 262320.291 278371.209 281162.401 4.65433088971 4.70099926174 4.98864515212 2.32716544486 2.35049963087 2.49432257606
2688 262144 298486.334 317200.665 322633.606 4.3680699028 4.44288521274 4.72144277131 2.1840349514 2.22144260637 2.36072138566
2944 262144 302691.515 318577.183 339860.648 4.54157867668 4.84499190264 5.09926375703 2.27078933834 2.42249595132 2.54963187851
3200 262144 333732.619 353168.149 378150.132 4.43665480461 4.75048954655 5.02714300157 2.2183274023 2.37524477328 2.51357150078
3520 262144 375979.431 381765.812 419602.117 4.39819935418 4.83409907852 4.90849660337 2.19909967709 2.41704953926 2.45424830168
3840 262144 411769.302 424700.296 459409.463 4.38229092377 4.74043917313 4.889305517 2.19114546189 2.37021958657 2.4446527585
4224 131072 213311.746 231688.957 246848.736 4.48572787507 4.77923622402 5.19097647815 2.24286393753 2.38961811201 2.59548823908
4608 131072 240316.745 246175.962 267230.357 4.52029314918 4.90689481697 5.02653093108 2.26014657459 2.45344740848 2.51326546554
5056 131072 260588.021 274815.059 301444.938 4.39682309079 4.82288004458 5.08618952979 2.19841154539 2.41144002229 2.5430947649
5504 131072 285848.243 298483.956 322758.823 4.47033658937 4.83389658639 5.04757545772 2.23516829469 2.41694829319 2.52378772886
6016 131072 321349.319 331344.358 350686.795 4.49705642324 4.75957494348 4.90761364893 2.24852821162 2.37978747174 2.45380682447
6592 131072 343629.501 350484.293 395254.855 4.3719975255 4.93047272735 5.02882681193 2.18599876275 2.46523636367 2.51441340597
7232 131072 379189.274 397790.535 436249.934 4.34573225173 4.76588868058 4.99968099836 2.17286612587 2.38294434029 2.49984049918
7936 131072 418716.826 440342.952 476272.893 4.36803104812 4.72444210711 4.96845279392 2.18401552406 2.36222105356 2.48422639696
8704 65536 227506.816 238649.079 251609.052 4.53421957172 4.78045292603 5.01457805994 2.26710978586 2.39022646302 2.50728902997
9536 65536 250616.055 261533.214 279731.401 4.46822411618 4.77913521148 4.98732051305 2.23411205809 2.38956760574 2.49366025652
10432 65536 271244.97 308712.806 319153.324 4.28428282326 4.42917519917 5.04098971494 2.14214141163 2.21458759958 2.52049485747
11456 65536 312122.526 315453.962 335957.845 4.46949179591 4.75999991403 4.81080571545 2.23474589796 2.37999995701 2.40540285772
12544 65536 340260.013 344665.386 367143.227 4.47827182169 4.77032865726 4.83209047547 2.23913591085 2.38516432863 2.41604523773
13760 65536 369103.797 372252.394 405132.999 4.45174973268 4.84496741746 4.88629684836 2.22587486634 2.42248370873 2.44314842418
15104 65536 399150.647 405171.302 445819.469 4.44061245786 4.88610984595 4.95981029438 2.22030622893 2.44305492298 2.47990514719
16576 32768 219302.234 226228.177 240049.809 4.52541387358 4.80189846555 4.95355070574 2.26270693679 2.40094923277 2.47677535287
18176 32768 240808.932 249752.879 258342.987 4.61085609419 4.76944386295 4.94658701447 2.30542804709 2.38472193147 2.47329350724
19968 32768 265566.25 267883.789 292937.705 4.4672393675 4.8850393407 4.92767001831 2.23361968375 2.44251967035 2.46383500915
21952 32768 286542.45 298524.168 320110.018 4.49422445754 4.81919531554 5.02070905026 2.24711222877 2.40959765777 2.51035452513
24128 32768 318026.733 357807.32 362498.696 4.3620918515 4.41928523989 4.97207449539 2.18104592575 2.20964261994 2.48603724769
26496 32768 341084.336 351248.176 388650.584 4.46787404287 4.94363237918 5.09094576539 2.23393702144 2.47181618959 2.54547288269
29120 32768 365373.926 399003.247 425304.263 4.48716010166 4.7829393228 5.22316504873 2.24358005083 2.3914696614 2.61158252436
32000 32768 436011.578 439009.09 472184.207 4.44138530876 4.77701270377 4.80985392548 2.22069265438 2.38850635188 2.40492696274
35200 16384 223038.149 243716.901 249249.058 4.62763474115 4.73267793603 5.17146329079 2.31381737058 2.36633896801 2.5857316454
38720 16384 252584.204 253985.568 280942.946 4.51613745091 4.99546871892 5.02318411012 2.25806872546 2.49773435946 2.51159205506
42560 16384 265069.776 295531.025 299314.865 4.65932782857 4.71898366677 5.26127912825 2.32966391429 2.35949183339 2.63063956413
46784 16384 294736.317 305804.373 334163.205 4.58763289633 5.01306798513 5.20132071814 2.29381644816 2.50653399257 2.60066035907
51456 16384 332250.279 381472.269 382050.318 4.4133197345 4.42000728499 5.07481953988 2.20665986725 2.21000364249 2.53740976994
56576 16384 366298.741 412283.659 414871.846 4.46856634374 4.49661859628 5.06112132119 2.23428317187 2.24830929814 2.53056066059
62208 16384 390115.792 425370.224 441786.683 4.61406335329 4.79213548337 5.22519668724 2.30703167664 2.39606774169 2.61259834362
68416 8192 218252.9 237998.797 247446.317 4.52998354386 4.70980424325 5.13591225592 2.26499177193 2.35490212163 2.56795612796
75200 8192 253595.74 256928.211 265288.304 4.64429370395 4.79541267658 4.85842861556 2.32214685198 2.39770633829 2.42921430778
82688 8192 264653.326 278351.639 295600.002 4.58308586886 4.86708178499 5.11899930553 2.29154293443 2.4335408925 2.55949965276
90944 8192 299963.692 304236.028 326721.777 4.56053621427 4.89760041174 4.96735616923 2.28026810714 2.44880020587 2.48367808461
100032 8192 329197.716 333756.219 358060.233 4.5772306918 4.91054306916 4.97854088392 2.2886153459 2.45527153458 2.48927044196
110016 8192 357700.244 367839.661 395546.332 4.55699370257 4.90023870482 5.03914149972 2.27849685129 2.45011935241 2.51957074986
120960 8192 391479.842 404927.68 436668.056 4.53847862872 4.8942286188 5.06235169064 2.26923931436 2.4471143094 2.53117584532
133056 4096 222547.275 224111.424 234459.059 4.64897691157 4.86362869213 4.89781217047 2.32448845579 2.43181434606 2.44890608524
146304 4096 240935.487 261560.779 262274.552 4.5697242026 4.58219451931 4.97445346438 2.2848621013 2.29109725965 2.48722673219
160896 4096 271471.927 276665.454 294070.269 4.48212611388 4.76409328647 4.8552351124 2.24106305694 2.38204664324 2.4276175562
176960 4096 284587.754 305940.11 316622.405 4.57850201725 4.73836634235 5.09388158705 2.28925100863 2.36918317118 2.54694079352
194624 4096 308347.141 332437.975 350339.9 4.55089416878 4.79596173692 5.17066512383 2.27544708439 2.39798086846 2.58533256191
214080 4096 349804.744 365197.186 390916.267 4.4862378674 4.802182019 5.01349221267 2.2431189337 2.4010910095 2.50674610634
235456 4096 374001.293 393933.853 426201.205 4.52569239451 4.89639450205 5.15734995601 2.26284619726 2.44819725102 2.578674978
258944 4096 423487.635 436413.689 471319.489 4.50070344534 4.86068448692 5.00904648137 2.25035172267 2.43034224346 2.50452324068
284800 2048 227191.719 242688.49 257894.149 4.52333177981 4.80674134979 5.13460968179 2.26166588991 2.40337067489 2.5673048409
313280 2048 257771.052 261259.98 281273.531 4.56208899372 4.91156311043 4.97804105637 2.28104449686 2.45578155522 2.48902052819
344576 2048 285728.824 291078.805 310200.382 4.54990831056 4.84880132719 4.93959018989 2.27495415528 2.42440066359 2.46979509495
379008 2048 308778.035 320771.194 346121.83 4.48517439076 4.83963896085 5.02761398815 2.24258719538 2.41981948042 2.51380699408
416896 2048 345417.156 352065.106 386770.082 4.41504163706 4.85025635003 4.94360510571 2.20752081853 2.42512817501 2.47180255285
458560 2048 379143.252 385167.379 423320.94 4.43696869803 4.87648192034 4.95396331094 2.21848434901 2.43824096017 2.47698165547
504384 2048 403191.374 434611.689 464477.797 4.44791307 4.7535694881 5.12401057469 2.223956535 2.37678474405 2.56200528735
554816 1024 212732.423 225637.97 249230.861 4.55907893365 5.03577996203 5.34127873869 2.27953946682 2.51788998102 2.67063936935
610240 1024 244054.453 255196.543 275039.753 4.54396684977 4.89729016431 5.12087161139 2.27198342488 2.44864508216 2.56043580569
671232 1024 268209.693 287795.949 305739.885 4.49625058242 4.77658959682 5.12540438276 2.24812529121 2.38829479841 2.56270219138
738304 1024 295272.101 318434.428 338483.943 4.46711468378 4.74837661712 5.1208583096 2.23355734189 2.37418830856 2.5604291548
812096 1024 319128.549 335511.69 369879.741 4.49652258192 4.95712268029 5.21160708815 2.24826129096 2.47856134014 2.60580354408
893248 1024 343634.069 349152.6 407150.782 4.49310669382 5.23946235543 5.32360458124 2.24655334691 2.61973117771 2.66180229062
982528 1024 380630.185 387347.642 447253.195 4.49905638796 5.19486147795 5.28654169663 2.24952819398 2.59743073897 2.64327084832
1080768 512 207210.65 207262.412 236835.774 4.67288540624 5.33963887287 5.34097273475 2.33644270312 2.66981943644 2.67048636738
1188800 512 237536.586 265387.951 331590.163 3.67119213968 4.58698744767 5.12481559367 1.83559606984 2.29349372384 2.56240779684
1307648 512 261133.915 261287.621 294879.049 4.54095181242 5.12474164247 5.12775811598 2.27047590621 2.56237082123 2.56387905799
1438400 512 275673.395 287259.743 325255.419 4.5285074866 5.12749048863 5.34299510477 2.2642537433 2.56374524432 2.67149755238
1582208 512 306808.299 320414.088 365416.734 4.43378981106 5.05652233369 5.28075999665 2.21689490553 2.52826116684 2.64037999833
1740416 512 337897.475 354933.409 401419.871 4.4397054375 5.02118408358 5.27433945459 2.21985271875 2.51059204179 2.6371697273
1914432 512 371856.472 382498.017 439061.118 4.46493275681 5.12519877456 5.27186835678 2.23246637841 2.56259938728 2.63593417839
2105856 256 197971.202 222498.097 238330.798 4.52395695834 4.84587637619 5.44623794323 2.26197847917 2.4229381881 2.72311897162
2316416 256 231265.085 235371.589 259860.116 4.56401317084 5.03886215426 5.12833570186 2.28200658542 2.51943107713 2.56416785093
2548032 256 246127.921 249900.959 283417.882 4.60307011962 5.22043768548 5.30046480992 2.30153505981 2.61021884274 2.65023240496
2802816 256 281149.713 287796.774 321241.12 4.46717964375 4.98630256363 5.10419084796 2.23358982188 2.49315128181 2.55209542398
3083072 256 309560.534 312187.534 348084.608 4.53491142016 5.05636097564 5.09927038697 2.26745571008 2.52818048782 2.54963519348
3391360 256 330624.193 339241.851 380890.026 4.55873402156 5.11840244617 5.25181265244 2.27936701078 2.55920122308 2.62590632622
3730496 256 374029.865 381735.3 426357.285 4.47984359409 5.00350361101 5.10658140093 2.23992179704 2.50175180551 2.55329070046
4103488 256 399360.913 412292.781 468369.395 4.48574539333 5.09585894496 5.2608700241 2.24287269667 2.54792947248 2.63043501205
4513792 128 216790.02 229363.031 262596.275 4.40040801036 5.03799913596 5.33018425848 2.20020400518 2.51899956798 2.66509212924
4965120 128 238128.601 278984.562 281969.007 4.50783840935 4.55606113431 5.33774907618 2.25391920467 2.27803056715 2.66887453809
5461632 128 264359.575 275939.52 310208.115 4.50722506727 5.06697189297 5.28892434481 2.25361253364 2.53348594649 2.6444621724
6007744 128 294435.972 302397.043 342579.775 4.48941407589 5.08597057941 5.22348697258 2.24470703794 2.54298528971 2.61174348629
6608512 128 323017.837 342293.578 442748.356 3.8210849325 4.942479733 5.23741687986 1.91054246625 2.4712398665 2.61870843993
7269312 128 370048.728 370798.209 419190.884 4.43937104319 5.01875097245 5.02891573782 2.2196855216 2.50937548622 2.51445786891
7996224 128 394687.983 407581.295 462491.544 4.42609896453 5.02239275725 5.18645976612 2.21304948226 2.51119637863 2.59322988306
8795840 64 222447.833 222690.025 244938.887 4.5965241934 5.05576089454 5.0612653979 2.2982620967 2.52788044727 2.53063269895
9675392 64 244432.281 245248.972 278913.269 4.44026983887 5.04976704245 5.0666391973 2.22013491943 2.52488352122 2.53331959865
10642880 64 269516.136 272042.746 306475.505 4.44501638067 5.00762714695 5.0545717233 2.22250819034 2.50381357347 2.52728586165
11707136 64 294473.027 294702.225 338395.734 4.42828693579 5.0848391389 5.08879683571 2.2141434679 2.54241956945 2.54439841786
12877824 64 323491.428 354942.68 372250.275 4.42810007864 4.64402159808 5.0955336968 2.21405003932 2.32201079904 2.5477668484
14165568 64 345990.628 354602.253 404663.364 4.48074341615 5.11331411084 5.24058329118 2.24037170807 2.55665705542 2.62029164559
15582080 64 391293.348 393371.841 449524.648 4.43692297825 5.07028219135 5.09721478833 2.21846148912 2.53514109567 2.54860739416
17140288 32 214643.167 216570.24 244402.501 4.48840919185 5.06523164032 5.11070744684 2.24420459593 2.53261582016 2.55535372342
18854272 32 236336.128 267674.056 272144.661 4.43394113839 4.50799538077 5.1057509413 2.21697056919 2.25399769039 2.55287547065
20739648 32 259516.833 260986.847 295907.725 4.48564657107 5.08584048299 5.11464885208 2.24282328554 2.54292024149 2.55732442604
22813568 32 286013.052 287231.565 328934.581 4.43878034216 5.083244775 5.10490112878 2.21939017108 2.5416223875 2.55245056439
25094912 32 313935.446 314912.428 357575.851 4.49156273699 5.10006663821 5.11593828752 2.2457813685 2.5500333191 2.55796914376
27604352 32 346227.857 352503.381 390783.518 4.52086243822 5.01180590946 5.10264697736 2.26043121911 2.50590295473 2.55132348868
30364736 32 379839.851 382840.113 430309.411 4.51615292234 5.07612195799 5.11621700273 2.25807646117 2.538060979 2.55810850136
33401152 32 418013.575 419623.413 479767.897 4.45564144947 5.09426705416 5.11388590191 2.22782072474 2.54713352708 2.55694295096
36741248 16 221368.932 232396.904 258565.126 4.54709401143 5.05910326585 5.31113343403 2.27354700572 2.52955163293 2.65556671701
40415360 16 252967.891 253692.259 287984.487 4.49083745264 5.09787537506 5.11247302924 2.24541872632 2.54893768753 2.55623651462
44456896 16 279007.808 290009.499 314431.894 4.524415936 4.905427846 5.0988561295 2.262207968 2.452713923 2.54942806475
48902528 16 305933.539 307360.233 352832.272 4.43519774178 5.09135772291 5.11510081933 2.21759887089 2.54567886146 2.55755040967
53792768 16 337132.863 339754.264 386064.715 4.45875654811 5.06651058837 5.1059056085 2.22937827405 2.53325529419 2.55295280425
59172032 16 369365.839 370375.625 423921.434 4.46664139186 5.11239103275 5.12636747655 2.23332069593 2.55619551638 2.56318373828
65089216 16 396906.783 407600.4 470829.133 4.42380210997 5.11004138367 5.24771810715 2.21190105498 2.55502069183 2.62385905358
71598080 8 223807.242 224563.14 255661.493 4.48080493686 5.10132375242 5.11855322358 2.24040246843 2.55066187621 2.55927661179
78757888 8 246111.98 253249.84 279006.752 4.51647208882 4.97582232628 5.12013355872 2.25823604441 2.48791116314 2.56006677936
86633664 8 273446.353 282225.001 305745.057 4.53364197479 4.91146645084 5.06914284573 2.2668209874 2.45573322542 2.53457142286
95297024 8 297544.177 298522.519 338388.517 4.5059223567 5.10766286278 5.12445714574 2.25296117835 2.55383143139 2.56222857287
104826688 8 330644.809 330985.972 384999.111 4.35644384644 5.0673658399 5.07259440447 2.17822192322 2.53368291995 2.53629720223
115309312 8 347768.109 367742.787 411969.438 4.47836373726 5.0169549403 5.30511264332 2.23918186863 2.50847747015 2.65255632166
126840192 8 396624.122 397220.815 453153.212 4.47849208228 5.1091055538 5.11679184253 2.23924604114 2.5545527769 2.55839592126
139524160 4 218837.894 219136.946 248653.549 4.48894972338 5.0935878243 5.10054844523 2.24447486169 2.54679391215 2.55027422262
153476544 4 239707.543 240921.673 266340.228 4.60993955446 5.09631340639 5.12212647393 2.30496977723 2.5481567032 2.56106323696
168824192 4 263800.484 267858.031 307592.539 4.39085271831 5.04219914915 5.11975382122 2.19542635915 2.52109957457 2.55987691061
185706560 4 291275.471 295338.541 325473.627 4.56458636509 5.03033730366 5.10050666093 2.28229318254 2.51516865183 2.55025333046
204277184 4 314887.011 321992.247 362682.422 4.50591860225 5.07533174238 5.18985355036 2.25295930113 2.53766587119 2.59492677518
224704896 4 356259.807 385060.839 405310.53 4.43521456992 4.66845491915 5.04586577739 2.21760728496 2.33422745957 2.52293288869
247175360 4 376536.881 413672.937 441215.389 4.48171783963 4.78011178188 5.25155165345 2.24085891981 2.39005589094 2.62577582672
271892864 2 212379.991 223109.842 239061.451 4.54933847114 4.8746009869 5.12087532766 2.27466923557 2.43730049345 2.56043766383
299082112 2 246364.738 249876.461 265642.577 4.50352673698 4.78767965263 4.8559240162 2.25176336849 2.39383982631 2.4279620081
328990272 2 245362.336 267662.936 293827.591 4.47868453579 4.91648603899 5.36333778629 2.23934226789 2.4582430195 2.68166889314
361889280 2 293084.28 295566.326 320162.788 4.52131595006 4.89757118001 4.93904729384 2.26065797503 2.44878559001 2.46952364692
398078208 2 303100.524 322686.391 347621.078 4.5805992006 4.93455217329 5.25341497595 2.2902996003 2.46727608664 2.62670748798
437886016 2 329167.655 355098.845 389382.155 4.49826485757 4.93255353731 5.32113054668 2.24913242878 2.46627676866 2.66056527334
481674560 2 368557.273 402381.702 431952.53 4.46043976175 4.78823522646 5.22767662219 2.23021988087 2.39411761323 2.61383831109
529841984 2 402386.122 437600.999 467832.426 4.53018606282 4.84315150295 5.26700057513 2.26509303141 2.42157575148 2.63350028757
582826176 1 228540.462 240576.592 258441.768 4.5103094636 4.84524426217 5.10042003853 2.2551547318 2.42262213108 2.55021001927
641108736 1 239571.634 274605.34 286164.269 4.48070430484 4.66931004328 5.35212558595 2.24035215242 2.33465502164 2.67606279298
705219584 1 275306.807 311509.885 338021.787 4.17262798507 4.52775091872 5.12315399452 2.08631399254 2.26387545936 2.56157699726
775741504 1 303358.655 304940.756 341265.828 4.54625948661 5.0878178055 5.11435221125 2.2731297433 2.54390890275 2.55717610562
853315648 1 323750.739 374401.125 380257.645 4.48809200404 4.55829638867 5.27143598582 2.24404600202 2.27914819433 2.63571799291
938647168 1 366229.639 379601.323 421505.481 4.453783926 4.94543675761 5.12600329434 2.226891963 2.4727183788 2.56300164717
1032511872 1 424063.552 426225.804 462759.531 4.46241212912 4.84490550459 4.86960912878 2.23120606456 2.4224527523 2.43480456439

META_DATA
ERT_VERSION  1.1.0
FLOPS          8
UNAME  ('Linux', 'atajo-Inspiron-15-7568', '4.15.0-33-generic', '#36-Ubuntu SMP Wed Aug 15 16:00:05 UTC 2018', 'x86_64', 'x86_64')
HOSTNAME  ('atajo-Inspiron-15-7568', [], ['127.0.1.1'])
TIMESTAMP_DATA  1535280856.98
TIMESTAMP_DATA  1535280638.24
TIMESTAMP_DATA  1535280753.37
CONFIG  {'ERT_WORKING_SET_MIN': ['1'], 'ERT_CFLAGS': [], 'ERT_CC': ['mpicc'], 'ERT_MPI_CFLAGS': ['-I/usr/include/mpi'], 'ERT_MPI_LDFLAGS': ['-lmpi'], 'ERT_MEMORY_MAX': ['1073741824'], 'ERT_PROCS_THREADS': ['1-4'], 'ERT_LDFLAGS': [], 'ERT_LDLIBS': [], 'ERT_RUN': ['export', 'OMP_NUM_THREADS=ERT_OPENMP_THREADS;', 'mpirun', '-np', 'ERT_MPI_PROCS', 'ERT_CODE'], 'ERT_FLOPS': ['1,2,4,8,16'], 'ERT_OPENMP_CFLAGS': ['-fopenmp'], 'ERT_MPI': ['True'], 'ERT_TRIALS_MIN': ['1'], 'ERT_DRIVER': ['driver1'], 'ERT_RESULTS': ['Results/myLaptop'], 'ERT_OPENMP': ['False'], 'ERT_MPI_PROCS': ['1,2,4,8'], 'ERT_KERNEL': ['kernel1'], 'ERT_GPU': [False], 'ERT_OPENMP_THREADS': ['1,2,4,8'], 'ERT_LD': ['mpicc'], 'ERT_NUM_EXPERIMENTS': ['3'], 'ERT_OPENMP_LDFLAGS': ['-fopenmp'], 'ERT_ALIGN': ['64'], 'ERT_GNUPLOT': ['gnuplot']}
MPI_PROCS      8
