32 33554432 1300410.096 1304026.556 1309035.336 1.6405085401 1.64680975101 1.65138955365 1.6405085401 1.64680975101 1.65138955365
64 16777216 893102.355 893291.639 893946.508 2.40225072617 2.40401180784 2.4045213138 2.40225072617 2.40401180784 2.4045213138
96 8388608 659158.837 659684.703 661750.553 2.43386685315 2.4414886819 2.44343646113 2.43386685315 2.4414886819 2.44343646113
128 8388608 877223.828 911733.295 913251.776 2.35146944625 2.35538579075 2.44804527585 2.35146944625 2.35538579075 2.44804527585
160 4194304 543729.337 543949.555 546609.768 2.45545791271 2.46746645468 2.46846581317 2.45545791271 2.46746645468 2.46846581317
192 4194304 650459.348 651518.542 653270.901 2.46545917403 2.47209040445 2.47611590325 2.46545917403 2.47209040445 2.47611590325
224 4194304 756754.193 757804.874 759725.191 2.47332616354 2.47959370079 2.48303638008 2.47332616354 2.47959370079 2.48303638008
256 4194304 862779.148 865169.903 901048.492 2.3833163998 2.48215251196 2.48903053925 2.3833163998 2.48215251196 2.48903053925
288 2097152 484010.692 484635.157 485244.348 2.48938407419 2.49251325364 2.49572906542 2.48938407419 2.49251325364 2.49572906542
320 2097152 538237.458 539687.709 540676.898 2.48240175411 2.48695172711 2.49365268071 2.48240175411 2.48695172711 2.49365268071
352 2097152 594264.096 597202.993 609013.769 2.42423912751 2.47218286798 2.48440889823 2.42423912751 2.47218286798 2.48440889823
384 2097152 644700.812 651104.914 652917.744 2.46679271746 2.47366085153 2.498232833 2.46679271746 2.47366085153 2.498232833
416 2097152 718409.019 756064.303 763102.888 2.28649437899 2.30778051163 2.42874242646 2.28649437899 2.30778051163 2.42874242646
448 2097152 750844.255 752294.218 752548.063 2.49691452863 2.49775705707 2.5025805012 2.49691452863 2.49775705707 2.5025805012
480 2097152 819603.224 826622.093 828418.459 2.43025236597 2.43553364597 2.45639092313 2.43025236597 2.43553364597 2.45639092313
512 2097152 856185.733 856283.819 876267.092 2.45071812876 2.50791104579 2.50819835607 2.45071812876 2.50791104579 2.50819835607
544 1048576 454885.306 459983.817 493035.442 2.31393240894 2.48019744573 2.50799635194 2.31393240894 2.48019744573 2.50799635194
576 1048576 480852.059 484077.062 496282.31 2.43401694491 2.49538688532 2.51212307276 2.43401694491 2.49538688532 2.51212307276
608 1048576 524979.426 524985.062 525520.746 2.42629510957 2.42877085139 2.42879692584 2.42629510957 2.42877085139 2.42879692584
640 1048576 542906.945 548994.962 549215.636 2.44380748111 2.4447897939 2.47220502954 2.44380748111 2.4447897939 2.47220502954
704 1048576 599917.014 601031.225 602924.87 2.44872136059 2.45643644887 2.4609987274 2.44872136059 2.45643644887 2.4609987274
768 1048576 651881.502 652905.373 653026.711 2.46638109724 2.4668394573 2.47071397341 2.46638109724 2.4668394573 2.47071397341
832 1048576 693968.048 694335.814 697792.656 2.50049989635 2.51294896334 2.51428069207 2.50049989635 2.51294896334 2.51428069207
896 1048576 746910.177 760071.749 763361.836 2.46154327265 2.47219843978 2.51576193478 2.46154327265 2.47219843978 2.51576193478
960 1048576 802356.606 806834.568 811645.77 2.48047361844 2.49526482856 2.50919093199 2.48047361844 2.49526482856 2.50919093199
1056 524288 450203.108 451754.025 451925.957 2.4501718453 2.45110435043 2.45954822684 2.4501718453 2.45110435043 2.45954822684
1152 524288 487023.162 490820.564 491206.732 2.45916733894 2.4611021636 2.4802917936 2.45916733894 2.4611021636 2.4802917936
1248 524288 531502.735 532286.078 533179.754 2.45437460478 2.45849535069 2.46211874714 2.45437460478 2.45849535069 2.46211874714
1344 524288 573461.401 576469.515 576632.004 2.44399570996 2.44468459707 2.45750828485 2.44399570996 2.44468459707 2.45750828485
1472 524288 614001.582 615910.223 629701.029 2.45116936596 2.50605334083 2.51384347736 2.45116936596 2.50605334083 2.51384347736
1600 524288 666144.501 680232.803 691332.633 2.42679358664 2.46639325919 2.51855505447 2.42679358664 2.46639325919 2.51855505447
1760 524288 736723.707 746900.908 781192.559 2.36240570745 2.47086827748 2.50500118629 2.36240570745 2.47086827748 2.50500118629
1920 524288 813594.885 816190.111 820017.43 2.45515015455 2.46666296598 2.47453119128 2.45515015455 2.46666296598 2.47453119128
2112 262144 439551.065 443065.292 447621.227 2.4737349107 2.49917173833 2.51915270868 2.4737349107 2.49917173833 2.51915270868
2304 262144 487060.496 487980.063 490560.23 2.46240823884 2.47542808322 2.48010167509 2.46240823884 2.47542808322 2.48010167509
2528 262144 534654.725 535208.048 537343.389 2.46657926967 2.47642027984 2.47898316806 2.46657926967 2.47642027984 2.47898316806
2752 262144 581081.237 582030.079 616984.706 2.33853539961 2.47897939996 2.48302730174 2.33853539961 2.47897939996 2.48302730174
3008 262144 633827.873 635117.769 638232.356 2.47097830308 2.48309586186 2.48814918242 2.47097830308 2.48309586186 2.48814918242
3296 262144 694705.712 697734.176 697986.371 2.47576932702 2.47666419023 2.48746083147 2.47576932702 2.47666419023 2.48746083147
3616 262144 762431.038 762565.816 766754.327 2.47253304121 2.48611381237 2.48655329271 2.47253304121 2.48611381237 2.48655329271
3968 262144 834400.069 835667.616 837294.99 2.4846378025 2.48947637095 2.49325816391 2.4846378025 2.48947637095 2.49325816391
4352 131072 456903.011 457349.224 459218.749 2.48432950633 2.49448480096 2.49692092311 2.48432950633 2.49448480096 2.49692092311
4768 131072 500960.196 502644.567 502786.529 2.48595083581 2.48665294337 2.4950137795 2.48595083581 2.48665294337 2.4950137795
5216 131072 547897.021 548709.191 550115.144 2.48555801256 2.4919267372 2.49562062138 2.48555801256 2.4919267372 2.49562062138
5728 131072 600408.577 601150.179 601694.849 2.49555208009 2.49781316625 2.50089837074 2.49555208009 2.49781316625 2.50089837074
6272 131072 657697.095 658640.806 659009.42 2.49490692864 2.4963032248 2.49988509984 2.49490692864 2.4963032248 2.49988509984
6880 131072 720882.386 724275.134 750858.051 2.40198625772 2.49014585112 2.50186542913 2.40198625772 2.49014585112 2.50186542913
7552 131072 791809.472 792385.092 800821.521 2.47210075664 2.49842091678 2.50023718837 2.47210075664 2.49842091678 2.50023718837
8288 65536 433918.693 434164.915 438758.568 2.47590546426 2.50210161731 2.5035214051 2.47590546426 2.50210161731 2.5035214051
9088 65536 475699.651 478868.494 481611.988 2.47332368313 2.4874936458 2.50406392667 2.47332368313 2.4874936458 2.50406392667
9984 65536 521872.852 521908.559 527522.79 2.48069443218 2.50737955037 2.50755110749 2.48069443218 2.50737955037 2.50755110749
10976 65536 573297.128 573481.651 578766.57 2.4857107279 2.50861779011 2.50942522077 2.4857107279 2.50861779011 2.50942522077
12064 65536 630389.074 632093.392 635105.92 2.48974628988 2.50161230605 2.50837565754 2.48974628988 2.50161230605 2.50837565754
13248 65536 691676.425 692543.363 697931.468 2.48798332733 2.50734026022 2.51048292704 2.48798332733 2.50734026022 2.51048292704
14560 65536 759304.328 759308.023 769067.913 2.48145617278 2.513351976 2.51336420672 2.48145617278 2.513351976 2.51336420672
16000 65536 833992.4 840175.854 875951.386 2.39414199637 2.496086968 2.51459365817 2.39414199637 2.496086968 2.51459365817
17600 32768 458159.594 458171.812 461375.645 2.49998805204 2.51746958191 2.51753671669 2.49998805204 2.51746958191 2.51753671669
19360 32768 504479.934 507865.373 508438.909 2.49543639863 2.49825451282 2.51501967569 2.49543639863 2.49825451282 2.51501967569
21280 32768 554395.383 556510.963 558156.358 2.49859391551 2.50598132422 2.51554418158 2.49859391551 2.50598132422 2.51554418158
23392 32768 608603.91 612035.595 613572.532 2.49851163807 2.50478587279 2.51890940365 2.49851163807 2.50478587279 2.51890940365
25728 32768 670480.432 672800.647 734745.651 2.29482162393 2.5061066982 2.51477914571 2.29482162393 2.5061066982 2.51477914571
28288 32768 736210.588 738639.621 743665.974 2.49289658639 2.50986044519 2.51814140983 2.49289658639 2.50986044519 2.51814140983
31104 32768 812163.89 812697.637 815850.734 2.49853515974 2.50822895404 2.50987734015 2.49853515974 2.50822895404 2.50987734015
34208 16384 446779.771 447298.711 447956.928 2.50231143651 2.5059936826 2.50890442397 2.50231143651 2.5059936826 2.50890442397
37600 16384 490631.566 491135.333 491759.136 2.50544770764 2.50862993805 2.51120573029 2.50544770764 2.50862993805 2.51120573029
41344 16384 541986.696 567631.218 579256.389 2.33879197144 2.3866907757 2.49961890577 2.33879197144 2.3866907757 2.49961890577
45472 16384 593070.385 594141.626 595489.03 2.50218966418 2.50786417042 2.51239403229 2.50218966418 2.50786417042 2.51239403229
50016 16384 652067.908 653294.868 654899.544 2.5025582977 2.50870528498 2.51342577651 2.5025582977 2.50870528498 2.51342577651
55008 16384 716910.337 718884.611 720249.214 2.50260897057 2.50735947942 2.51426440794 2.50260897057 2.50735947942 2.51426440794
60480 16384 788765.145 789052.188 792796.412 2.49976994094 2.51163189221 2.51254591124 2.49976994094 2.51163189221 2.51254591124
66528 8192 434120.231 434199.01 437801.255 2.48970220974 2.51035752477 2.51081307473 2.48970220974 2.51035752477 2.51081307473
73152 8192 478756.406 480887.498 481358.472 2.48987488061 2.49231342671 2.50340748025 2.48987488061 2.49231342671 2.50340748025
80448 8192 528085.05 529715.597 530919.025 2.48260086743 2.48824093431 2.49592377591 2.48260086743 2.48824093431 2.49592377591
88480 8192 579980.317 581556.989 582334.397 2.48938810324 2.49271584285 2.49949227156 2.48938810324 2.49271584285 2.49949227156
97312 8192 638323.415 638806.9 640220.2 2.49033037071 2.49583999171 2.4977304146 2.49033037071 2.49583999171 2.4977304146
107040 8192 703870.918 704214.628 708103.816 2.47667548229 2.4903534949 2.49156956929 2.47667548229 2.4903534949 2.49156956929
117728 8192 772135.785 772632.564 773595.795 2.49336354265 2.49647198665 2.49807817416 2.49336354265 2.49647198665 2.49807817416
129472 8192 849109.039 851307.079 854207.601 2.48331816003 2.4917791715 2.49822949771 2.48331816003 2.4917791715 2.49822949771
142400 4096 467299.193 468382.656 469520.185 2.48453812481 2.49057215304 2.49634670351 2.48453812481 2.49057215304 2.49634670351
156640 4096 512947.957 513967.499 514926.739 2.49199504087 2.4966459601 2.50160832593 2.49199504087 2.4966459601 2.50160832593
172288 4096 564499.286 565706.081 566068.443 2.49330856269 2.49490564695 2.50023929348 2.49330856269 2.49490564695 2.50023929348
189504 4096 621251.539 623791.225 624348.312 2.48645946207 2.48868003554 2.49885379841 2.48645946207 2.48868003554 2.49885379841
208448 4096 683178.999 684671.273 684778.675 2.49366120521 2.49405237716 2.49950015808 2.49366120521 2.49405237716 2.49950015808
229280 4096 751273.145 752993.995 755580.944 2.48585115191 2.49439141942 2.5001050184 2.48585115191 2.49439141942 2.5001050184
252192 4096 828444.833 859846.322 867820.793 2.38062613925 2.40270477542 2.49377723381 2.38062613925 2.40270477542 2.49377723381
277408 2048 454456.995 455141.26 455868.424 2.49252439559 2.49650661863 2.50026554878 2.49252439559 2.49650661863 2.50026554878
305120 2048 500085.776 501046.478 503370.114 2.48280834567 2.49432253269 2.49911431194 2.48280834567 2.49432253269 2.49911431194
335616 2048 549960.852 551513.756 553758.163 2.4824611678 2.49256364151 2.49960180075 2.4824611678 2.49256364151 2.49960180075
369152 2048 606337.93 606345.788 608320.885 2.48560690465 2.49370346414 2.49373578196 2.48560690465 2.49370346414 2.49373578196
406048 2048 679167.038 695027.401 706329.37 2.35467004296 2.39295976764 2.4488417649 2.35467004296 2.39295976764 2.4488417649
446624 2048 732410.404 734537.891 735270.146 2.4880269027 2.49050719699 2.49774155857 2.4880269027 2.49050719699 2.49774155857
491264 2048 806381.062 807126.66 807727.443 2.49120834192 2.49306266751 2.49536780912 2.49120834192 2.49306266751 2.49536780912
540384 1024 442891.288 443811.205 445274.332 2.4854485257 2.49364238562 2.49882185987 2.4854485257 2.49364238562 2.49882185987
594400 1024 487926.272 488783.369 489169.588 2.48856680763 2.49053318342 2.49490808316 2.48856680763 2.49053318342 2.49490808316
653824 1024 536343.761 536460.151 576950.027 2.32087960713 2.49605035808 2.49659201685 2.32087960713 2.49605035808 2.49659201685
719200 1024 589804.665 590036.679 590566.037 2.49408450151 2.49632209729 2.49730408626 2.49408450151 2.49632209729 2.49730408626
791104 1024 648884.567 649771.399 651993.0 2.48496685087 2.49346307716 2.49687089876 2.48496685087 2.49346307716 2.49687089876
870208 1024 714442.113 714525.8 716322.813 2.48796485559 2.49422201969 2.49451418326 2.48796485559 2.49422201969 2.49451418326
957216 1024 785119.111 786654.426 946285.497 2.07165635975 2.49204517665 2.49691841726 2.07165635975 2.49204517665 2.49691841726
1052928 512 431582.731 438450.448 476449.082 2.26298740565 2.45911089136 2.49824238681 2.26298740565 2.45911089136 2.49824238681
1158208 512 475509.668 475739.372 487744.908 2.43160917223 2.49297212256 2.49417640022 2.43160917223 2.49297212256 2.49417640022
1274016 512 523220.001 523270.533 523948.487 2.48992489981 2.49315086886 2.49339165457 2.48992489981 2.49315086886 2.49339165457
1401408 512 574372.388 575533.737 588200.89 2.43971373794 2.49341037674 2.49845191374 2.43971373794 2.49341037674 2.49845191374
1541536 512 633236.104 633337.735 634201.994 2.48900646629 2.49240298938 2.4928030067 2.48900646629 2.49240298938 2.4928030067
1695680 512 696167.172 717861.211 755508.761 2.29828747148 2.41881897697 2.49419448351 2.29828747148 2.41881897697 2.49419448351
1865248 512 765920.275 766423.603 766575.168 2.49161991117 2.4921126444 2.49375034758 2.49161991117 2.4921126444 2.49375034758
2051744 512 843646.726 843987.649 864048.093 2.43156124413 2.48935616355 2.49036212819 2.43156124413 2.48935616355 2.49036212819
2256896 256 462606.553 463809.121 464499.868 2.48768800942 2.49139290212 2.49786939789 2.48768800942 2.49139290212 2.49786939789
2482560 256 509541.829 544476.788 614630.803 2.06802313486 2.33448100638 2.49453655747 2.06802313486 2.33448100638 2.49453655747
2730816 256 560664.48 560774.932 561145.953 2.49164728806 2.49329581658 2.49378700074 2.49164728806 2.49329581658 2.49378700074
3003872 256 617107.309 619424.135 620247.971 2.47962514334 2.48292305239 2.492244771 2.47962514334 2.48292305239 2.492244771
3304256 256 679363.283 679789.199 687717.442 2.45999151495 2.48868189505 2.49024213456 2.45999151495 2.48868189505 2.49024213456
3634656 256 747211.546 747560.092 749898.261 2.48159512934 2.48935689842 2.49051808951 2.48159512934 2.48935689842 2.49051808951
3998112 256 822406.147 824363.826 824827.46 2.48177157438 2.4831673582 2.48907836045 2.48177157438 2.4831673582 2.48907836045
4397920 128 452238.104 453279.653 484147.323 2.32546472223 2.48382541009 2.48954590523 2.32546472223 2.48382541009 2.48954590523
4837696 128 497954.625 502244.367 504411.243 2.45523903994 2.46583188856 2.4870743514 2.45523903994 2.46583188856 2.4870743514
5321440 128 547642.981 547840.679 549164.703 2.48065586255 2.48665112362 2.48754879961 2.48065586255 2.48665112362 2.48754879961
5853568 128 602540.402 603242.481 605316.942 2.47558477886 2.48409794601 2.4869924125 2.47558477886 2.48409794601 2.4869924125
6438912 128 662925.506 680934.46 681055.865 2.42030288073 2.42073440078 2.48649577831 2.42030288073 2.42073440078 2.48649577831
7082784 128 729451.164 731162.127 733024.039 2.47357877441 2.47987776861 2.48569444191 2.47357877441 2.47987776861 2.48569444191
7791040 128 801682.989 802237.39 802825.112 2.4843595575 2.48617960826 2.48789891686 2.4843595575 2.48617960826 2.48789891686
8570144 64 440888.962 442015.688 442922.114 2.47668472024 2.48176357035 2.48810590999 2.47668472024 2.48176357035 2.48810590999
9427136 64 484979.797 485142.637 490085.805 2.46216763613 2.48725491427 2.48809005131 2.46216763613 2.48725491427 2.48809005131
10369824 64 533703.458 550005.525 560172.661 2.36951490926 2.41331661532 2.48703180034 2.36951490926 2.41331661532 2.48703180034
11406784 64 586946.158 587862.67 591486.437 2.46847308859 2.48368951885 2.4875677813 2.46847308859 2.48368951885 2.4875677813
12547456 64 645312.732 647222.689 647265.256 2.48132331083 2.48148650425 2.48883105564 2.48132331083 2.48148650425 2.48883105564
13802176 64 709864.429 709996.258 711036.496 2.48465238836 2.48829273126 2.48875483237 2.48465238836 2.48829273126 2.48875483237
15182368 64 780311.859 780886.483 781538.477 2.48656100907 2.48863714036 2.49046978024 2.48656100907 2.48863714036 2.49046978024
16700576 64 857973.144 858277.632 858749.265 2.48928740335 2.49065529416 2.49153920836 2.48928740335 2.49065529416 2.49153920836
18370624 32 472829.518 473925.408 474130.024 2.47974158245 2.4808122041 2.48656205089 2.47974158245 2.4808122041 2.48656205089
20207680 32 519141.263 519320.597 519375.678 2.49008872533 2.49035283305 2.49121310937 2.49008872533 2.49035283305 2.49121310937
22228448 32 571207.367 571239.636 573165.737 2.48204067369 2.49040959756 2.49055028732 2.48204067369 2.49040959756 2.49055028732
24451264 32 630075.464 638385.49 666598.301 2.34756208297 2.45131025143 2.48364042946 2.34756208297 2.45131025143 2.48364042946
26896384 32 691280.04 692495.381 693533.892 2.48202516972 2.48574737569 2.49011757377 2.48202516972 2.48574737569 2.49011757377
29586016 32 759712.624 759815.067 761479.225 2.48661416075 2.49206037921 2.49239641962 2.48661416075 2.49206037921 2.49239641962
32544608 32 836205.114 837350.198 837556.446 2.48682333226 2.48743586253 2.49084211174 2.48682333226 2.48743586253 2.49084211174
35799040 16 458848.946 459832.648 460663.383 2.48678172018 2.49127434727 2.49661525865 2.48678172018 2.49127434727 2.49661525865
39378944 16 505730.725 505930.09 506937.625 2.48576184891 2.49071212191 2.49169398992 2.48576184891 2.49071212191 2.49169398992
43316832 16 556350.208 556809.443 556820.813 2.48938005124 2.48943088417 2.49148576574 2.48938005124 2.48943088417 2.49148576574
47648512 16 612243.501 612425.443 613789.438 2.48416197738 2.48969470721 2.49043457629 2.48416197738 2.48969470721 2.49043457629
52413344 16 672917.235 673506.259 673947.043 2.48866290819 2.49029164256 2.49247146716 2.48866290819 2.49029164256 2.49247146716
57654656 16 739343.726 741129.946 741437.477 2.48834062107 2.48937315508 2.49538736466 2.48834062107 2.48937315508 2.49538736466
63420096 16 814463.01 818211.338 835997.509 2.4275707166 2.48034093118 2.49175597551 2.4275707166 2.48034093118 2.49175597551
69762080 8 448044.399 448165.293 448271.746 2.48999248773 2.4905839373 2.49125596144 2.48999248773 2.4905839373 2.49125596144
76738272 8 492438.399 492715.186 492774.948 2.49162900221 2.4919312148 2.49333186545 2.49162900221 2.4919312148 2.49333186545
84412096 8 541645.498 541896.58 544049.781 2.482481536 2.49234556158 2.49350089863 2.482481536 2.49234556158 2.49350089863
92853280 8 596091.449 597022.511 599296.539 2.47899392591 2.48843628612 2.49232308649 2.47899392591 2.48843628612 2.49232308649
102138592 8 654871.713 655436.011 655607.816 2.49267539544 2.49332878355 2.49547726609 2.49267539544 2.49332878355 2.49547726609
112352448 8 720626.142 721374.935 722659.545 2.4875325877 2.49196233579 2.49455170057 2.4875325877 2.49196233579 2.49455170057
123587680 8 792080.727 794679.164 798080.768 2.47769769588 2.48830341801 2.49646634818 2.47769769588 2.48830341801 2.49646634818
135946432 4 436441.065 436719.187 438628.053 2.47948449389 2.49032213004 2.49190908743 2.47948449389 2.49032213004 2.49190908743
149541056 4 479984.845 481423.547 483131.974 2.47619390225 2.48498116774 2.49242962661 2.47619390225 2.48498116774 2.49242962661
164495136 4 528338.284 528424.401 528516.663 2.48991409378 2.49034882854 2.49075474531 2.48991409378 2.49034882854 2.49075474531
180944640 4 580740.465 617521.544 623278.518 2.32248838713 2.34414027181 2.4926059182 2.32248838713 2.34414027181 2.4926059182
199039104 4 638586.407 640845.388 641459.904 2.48232636533 2.48470670433 2.49349628264 2.48232636533 2.48470670433 2.49349628264
218943008 4 702223.884 702705.434 705241.632 2.48360843224 2.49257224899 2.4942815303 2.48360843224 2.49257224899 2.4942815303
240837280 4 773070.211 773401.445 774547.091 2.48751594627 2.49120072435 2.49226811819 2.48751594627 2.49120072435 2.49226811819
264920992 4 849906.12 849931.21 850789.315 2.49106082861 2.49357584598 2.4936494586 2.49106082861 2.49357584598 2.4936494586
291413088 2 467004.685 467022.886 504301.544 2.31141935984 2.49592126412 2.49601853994 2.31141935984 2.49592126412 2.49601853994
320554368 2 513923.833 514223.567 516551.717 2.48226349812 2.49350195963 2.49495623605 2.48226349812 2.49350195963 2.49495623605
352609792 2 564579.752 565821.101 566028.781 2.49181528457 2.49272988495 2.49821068326 2.49181528457 2.49272988495 2.49821068326
387870752 2 621764.687 625511.722 625750.843 2.47939419556 2.48034201987 2.49528968183 2.47939419556 2.48034201987 2.49528968183
426657824 2 684372.507 684618.018 684793.622 2.49218339829 2.49282264143 2.49371691373 2.49218339829 2.49282264143 2.49371691373
469323584 2 752527.493 753588.076 754262.207 2.48891475481 2.49114124253 2.49465216017 2.48891475481 2.49114124253 2.49465216017
516255936 2 827682.14 830097.183 832168.683 2.48149658379 2.48768913603 2.49494781173 2.48149658379 2.48768913603 2.49494781173
567881504 1 455210.61 455760.443 459051.708 2.47415048938 2.49201751807 2.49502753901 2.47415048938 2.49201751807 2.49502753901
624669632 1 500688.401 500815.337 502305.883 2.48720810622 2.4946106313 2.49524307235 2.48720810622 2.4946106313 2.49524307235
687136576 1 550876.581 550956.981 555157.177 2.47546678479 2.49433839554 2.49470244225 2.47546678479 2.49433839554 2.49470244225
755850208 1 606121.734 606141.471 607011.525 2.49039821114 2.4939729227 2.49405413336 2.49039821114 2.4939729227 2.49405413336
831435200 1 667292.732 667777.208 668580.505 2.48716555084 2.49015746581 2.49196540028 2.48716555084 2.49015746581 2.49196540028
914578720 1 733428.504 733795.234 735152.941 2.48813184031 2.49273551428 2.49398193556 2.48813184031 2.49273551428 2.49398193556
1006036576 1 808486.71 808714.642 808788.389 2.48776216297 2.48798902296 2.48869044737 2.48776216297 2.48798902296 2.48869044737

META_DATA
ERT_VERSION  1.1.0
TIMESTAMP_DATA  1535296001.11
TIMESTAMP_DATA  1535295791.39
FLOPS          16
OPENMP_THREADS 1
HOSTNAME  ('atajo-Inspiron-15-7568', [], ['127.0.1.1'])
UNAME  ('Linux', 'atajo-Inspiron-15-7568', '4.15.0-33-generic', '#36-Ubuntu SMP Wed Aug 15 16:00:05 UTC 2018', 'x86_64', 'x86_64')
MPI_PROCS      4
TIMESTAMP_DATA  1535296211.04
CONFIG  {'ERT_WORKING_SET_MIN': ['1'], 'ERT_CFLAGS': [], 'ERT_CC': ['mpicc'], 'ERT_MPI_CFLAGS': ['-I/usr/include/mpi'], 'ERT_MPI_LDFLAGS': ['-lmpi'], 'ERT_MEMORY_MAX': ['1073741824'], 'ERT_PROCS_THREADS': ['1-4'], 'ERT_LDFLAGS': [], 'ERT_LDLIBS': [], 'ERT_RUN': ['export', 'OMP_NUM_THREADS=ERT_OPENMP_THREADS;', 'mpirun', '-np', 'ERT_MPI_PROCS', 'ERT_CODE'], 'ERT_FLOPS': ['1,2,4,8,16'], 'ERT_OPENMP_CFLAGS': ['-fopenmp'], 'ERT_MPI': ['True'], 'ERT_TRIALS_MIN': ['1'], 'ERT_DRIVER': ['driver1'], 'ERT_RESULTS': ['Results/myLaptop'], 'ERT_OPENMP': ['True'], 'ERT_MPI_PROCS': ['1,2,4'], 'ERT_KERNEL': ['kernel1'], 'ERT_GPU': [False], 'ERT_OPENMP_THREADS': ['1,2,4'], 'ERT_LD': ['mpicc'], 'ERT_NUM_EXPERIMENTS': ['3'], 'ERT_OPENMP_LDFLAGS': ['-fopenmp'], 'ERT_ALIGN': ['64'], 'ERT_GNUPLOT': ['gnuplot']}
