8 134217728 786786.957 788586.142 789014.271 2.72172979239 2.72320743876 2.72943473312 0.340216224049 0.340400929845 0.34117934164
16 67108864 477374.582 480138.675 482815.706 4.44783303715 4.4726320953 4.49852951743 0.555979129643 0.559079011913 0.562316189679
24 33554432 329415.749 329531.973 338723.232 4.7549520784 4.8875765266 4.88930095446 0.5943690098 0.610947065825 0.611162619308
32 33554432 413896.333 417610.484 422591.879 5.08169644216 5.14231258619 5.18845777742 0.63521205527 0.642789073274 0.648557222178
40 16777216 254433.347 256559.435 259621.589 5.16974449301 5.23144775401 5.27516261459 0.646218061627 0.653930969251 0.659395326824
48 16777216 303930.127 304092.709 306437.072 5.25593305499 5.29645298401 5.29928622706 0.656991631874 0.662056623002 0.662410778383
56 16777216 351914.364 353073.321 353434.305 5.31654161868 5.32197727848 5.33950410731 0.664567702334 0.66524715981 0.667438013414
64 16777216 398880.309 399526.295 405636.371 5.29411019704 5.37507461931 5.38377954375 0.66176377463 0.671884327413 0.672972442969
72 8388608 221541.061 222471.872 222830.217 5.4209862929 5.42971810836 5.45253122174 0.677623286612 0.678714763545 0.681566402718
80 8388608 246457.328 248237.867 250818.184 5.35119606799 5.40681925856 5.44588100054 0.668899508498 0.67585240732 0.680735125068
88 8388608 268277.401 269093.96 272757.757 5.41284333849 5.48654086476 5.50324031207 0.676605417312 0.685817608095 0.687905039008
96 8388608 293634.614 293864.907 294013.89 5.47801580395 5.48079303665 5.48509153625 0.684751975493 0.685099129581 0.685636442031
104 8388608 315579.084 316654.664 318561.054 5.47722467041 5.51019979292 5.52898006384 0.684653083801 0.688774974115 0.69112250798
112 8388608 339474.333 342399.291 344273.372 5.45801198938 5.48788575617 5.53517014201 0.682251498672 0.685985719521 0.691896267751
120 8388608 365882.901 365885.296 367147.02 5.4835414979 5.50245101951 5.50248703751 0.685442687237 0.687806377439 0.687810879689
128 8388608 388937.929 392429.074 413696.45 5.19096465053 5.47228477776 5.52140454268 0.648870581316 0.68403559722 0.690175567835
136 4194304 208081.113 209258.472 213247.555 5.34988871502 5.45187335593 5.48272100025 0.668736089377 0.681484169492 0.685340125031
144 4194304 218036.932 219500.097 251823.719 4.79684581261 5.50323015119 5.54016028807 0.599605726576 0.687903768899 0.692520036009
152 4194304 245492.009 258204.232 267755.421 4.76206386873 4.93821656649 5.19393043054 0.595257983591 0.617277070811 0.649241303818
160 4194304 258152.462 267353.077 286813.15 4.67962253474 5.02024250127 5.19916513521 0.584952816843 0.627530312658 0.649895641902
176 4194304 262839.215 265499.747 266724.17 5.53528766441 5.56081512198 5.61710324694 0.691910958051 0.695101890248 0.702137905868
192 4194304 289300.019 290284.377 298417.905 5.39717191567 5.54839620597 5.56727490571 0.674646489459 0.693549525747 0.695909363214
208 4194304 311141.055 314494.158 332413.429 5.24897706224 5.54805365892 5.60784388933 0.656122132779 0.693506707365 0.700980486166
224 4194304 334114.144 337598.181 350311.212 5.36393962749 5.56593103208 5.62397080682 0.670492453436 0.695741379009 0.702996350852
240 4194304 360818.04 361728.874 375440.817 5.36240554793 5.56567657355 5.57972633519 0.670300693491 0.695709571694 0.697465791899
264 2097152 210829.341 212070.128 221006.617 5.01024028615 5.22136835792 5.25209750573 0.626280035769 0.65267104474 0.656512188216
288 2097152 216453.307 217921.795 225130.551 5.3655958582 5.54308738142 5.5806934472 0.670699482275 0.692885922677 0.6975866809
312 2097152 232032.817 234479.645 244500.613 5.35222726824 5.58096566548 5.6398179573 0.66902840853 0.697620708186 0.704977244663
336 2097152 264840.624 267364.028 273619.105 5.1505399961 5.27103872029 5.32126122766 0.643817499513 0.658879840036 0.665157653457
368 2097152 274056.353 276007.816 277952.416 5.55312270428 5.59224696738 5.63206747482 0.694140338035 0.699030870923 0.704008434353
400 2097152 298440.203 303806.643 308520.806 5.43795286208 5.52233349289 5.6216340263 0.67974410776 0.690291686611 0.702704253287
440 2097152 326281.824 332092.175 343423.334 5.37381586308 5.55717327576 5.65613412778 0.671726982885 0.69464665947 0.707016765972
480 2097152 358679.588 360205.841 369622.554 5.4468156724 5.589209532 5.61299273044 0.68085195905 0.6986511915 0.701624091305
528 1048576 196492.91 197701.774 218927.026 5.05783263141 5.6008412752 5.63529877999 0.632229078926 0.7001051594 0.704412347499
576 1048576 215327.986 215967.865 234558.94 5.1499190438 5.59323745688 5.60985859033 0.643739880475 0.69915468211 0.701232323791
632 1048576 241128.04 242894.978 251082.85 5.27873593915 5.45667956955 5.49666502494 0.659841992394 0.682084946194 0.687083128117
688 1048576 261310.487 262980.843 273926.082 5.26726248726 5.48648547758 5.52155633922 0.658407810907 0.685810684697 0.690194542403
752 1048576 284534.816 286339.108 288945.865 5.45797152695 5.50765948464 5.54258465157 0.682246440869 0.68845743558 0.692823081447
824 1048576 311293.824 311333.931 314365.456 5.49695653584 5.550481576 5.55119669833 0.687119566979 0.693810197 0.693899587292
904 1048576 341733.983 341890.712 356780.683 5.31369969938 5.54512112046 5.54766427195 0.664212462422 0.693140140057 0.693458033994
992 1048576 374719.458 390369.973 419446.417 4.95981059721 5.32923874245 5.55181947344 0.619976324652 0.666154842806 0.69397743418
1088 524288 203902.268 207244.441 211664.683 5.38989628232 5.50485543784 5.59508581827 0.67373703529 0.688106929729 0.699385727284
1192 524288 221801.894 246391.057 326599.618 3.82701792382 5.07284074032 5.63522055407 0.478377240478 0.63410509254 0.704402569258
1304 524288 243683.017 253462.254 315945.588 4.32778033919 5.39466166035 5.61115469118 0.540972542399 0.674332707544 0.701394336397
1432 524288 266330.271 279059.328 284453.597 5.27875494575 5.38079426609 5.63796532164 0.659844368219 0.672599283261 0.704745665205
1568 524288 291856.605 305402.212 305544.913 5.38109815626 5.38361250638 5.63347595988 0.672637269533 0.672951563298 0.704184494985
1720 524288 323662.973 368475.891 446650.568 4.0379456542 4.89462340428 5.57231092356 0.504743206775 0.611827925534 0.696538865445
1888 524288 350916.451 401891.075 447031.803 4.4285696783 4.92599017781 5.64154653439 0.553571209787 0.615748772226 0.705193316799
2072 262144 192960.092 193754.459 227100.143 4.7834612592 5.60670831323 5.62978968729 0.5979326574 0.700838539153 0.703723710911
2272 262144 210621.448 213942.327 229036.1 5.20084971758 5.56777311298 5.65556047264 0.650106214697 0.695971639123 0.706945059081
2496 262144 237397.507 248409.868 301884.354 4.33484819819 5.26799864488 5.51236979923 0.541856024774 0.658499830611 0.689046224904
2744 262144 255192.542 270040.283 286853.293 5.01526845641 5.32752467898 5.63749340292 0.626908557051 0.665940584872 0.704686675365
3016 262144 280782.634 285013.276 333075.912 4.74742408872 5.54799632562 5.63158976563 0.59342801109 0.693499540702 0.703948720703
3312 262144 307064.436 312854.385 344706.783 5.03744614738 5.55031969905 5.65497547883 0.629680768423 0.693789962381 0.706871934853
3640 262144 336701.474 389648.532 426544.085 4.47411741743 4.89776853567 5.6679535653 0.559264677179 0.612221066959 0.708494195662
4000 262144 374153.874 380171.66 414579.131 5.05850835989 5.51632912353 5.60505221443 0.632313544986 0.689541140442 0.700631526803
4400 131072 203569.651 208004.853 213531.889 5.40169248444 5.54522446647 5.66603908949 0.675211560555 0.693153058309 0.708254886186
4840 131072 227913.046 233705.196 255401.837 4.9677675576 5.42896341937 5.56693432986 0.6209709447 0.678620427421 0.695866791232
5320 131072 245865.896 254697.183 270201.538 5.16135507711 5.4755457582 5.67222255176 0.645169384639 0.684443219774 0.70902781897
5848 131072 272658.488 280867.259 286621.048 5.34858874705 5.45815883794 5.62248446122 0.668573593381 0.682269854743 0.702810557653
6432 131072 296531.764 299840.772 305655.327 5.51637762884 5.62335201031 5.6861031859 0.689547203606 0.702919001289 0.710762898237
7072 131072 326309.298 329836.719 329857.404 5.62025392039 5.62060638252 5.68136543875 0.702531740048 0.702575797815 0.710170679844
7776 131072 360366.808 362036.052 362050.332 5.63024409545 5.63046617247 5.65654688153 0.703780511932 0.703808271559 0.707068360191
8552 65536 197002.169 197607.022 200074.87 5.60254140862 5.67250967428 5.68992590127 0.700317676078 0.709063709285 0.711240737659
9400 65536 216486.355 217419.336 232681.877 5.29511286347 5.66682256816 5.69124460523 0.661889107934 0.70835282102 0.711405575654
10336 65536 239863.664 240352.07 257952.741 5.25197052277 5.63656552656 5.64804259807 0.656496315346 0.70457069082 0.706005324758
11368 65536 261560.124 261652.042 264687.089 5.62938865522 5.69468705312 5.69668829183 0.703673581903 0.71183588164 0.712086036479
12504 65536 292093.769 293096.585 319235.917 5.13389691048 5.59175497729 5.6109525842 0.64173711381 0.698969372161 0.701369073025
13752 65536 316338.632 318620.929 405776.254 4.44210849263 5.65719944907 5.69801460101 0.555263561578 0.707149931133 0.712251825126
15120 65536 347859.086 351244.708 384407.664 5.15548680632 5.64224483633 5.69715933768 0.64443585079 0.705280604541 0.712144917209
16632 32768 191926.493 192859.787 263017.682 4.14418811584 5.65174715245 5.6792302874 0.51802351448 0.706468394057 0.709903785925
18288 32768 210315.364 210384.018 232863.174 5.14689526649 5.69683181923 5.69869145651 0.643361908311 0.712103977404 0.712336432064
20112 32768 230971.913 233982.0 280034.337 4.70678005462 5.63316850014 5.70658144049 0.588347506827 0.704146062518 0.713322680061
22120 32768 254008.46 256858.704 262590.467 5.52059766892 5.64378896812 5.70711825897 0.690074708615 0.705473621015 0.713389782372
24328 32768 279323.495 281952.915 316144.415 5.04313766859 5.65470233922 5.70793304731 0.630392208573 0.706837792402 0.713491630913
26760 32768 308062.188 314156.456 327599.36 5.35331741796 5.5823884135 5.69282251543 0.669164677245 0.697798551687 0.711602814429
29432 32768 345347.146 347864.571 368761.845 5.23062669892 5.5448462212 5.58526565035 0.653828337365 0.69310577765 0.698158206294
32368 32768 373352.364 374961.561 378294.05 5.60746130689 5.65729789033 5.68168157628 0.700932663361 0.707162236291 0.710210197035
35600 16384 204581.873 204695.374 210738.924 5.53547858107 5.69891139797 5.70207312551 0.691934822634 0.712363924746 0.712759140689
39160 16384 225353.444 228206.935 256830.181 4.9962775987 5.62294428081 5.69414364042 0.624534699837 0.702868035102 0.711767955053
43072 16384 246656.568 247481.16 271438.162 5.19964947302 5.70299289045 5.72205843714 0.649956184127 0.712874111306 0.715257304642
47376 16384 271400.756 273313.599 298777.905 5.19588879238 5.67998362935 5.72001637313 0.649486099047 0.709997953669 0.715002046641
52112 16384 298834.763 299347.99 323722.74 5.27490288758 5.70441784493 5.71421476825 0.659362860947 0.713052230616 0.714276846031
57320 16384 331554.478 333053.027 361929.303 5.1895819002 5.63952766597 5.6650170172 0.648697737525 0.704940958246 0.70812712715
63048 16384 368238.416 381981.387 403502.373 5.12006124931 5.4085275731 5.61037842396 0.640007656163 0.676065946637 0.701297302995
69352 8192 198521.245 208721.933 224012.454 5.07232141656 5.4439088009 5.72363511019 0.63404017707 0.680488600113 0.715454388773
76280 8192 220110.825 230696.802 256394.504 4.87440838435 5.41737687374 5.67791938447 0.609301048044 0.677172109217 0.709739923059
83904 8192 241023.51 272384.209 274193.072 5.01355897132 5.04685327041 5.70352301317 0.626694871415 0.630856658801 0.712940376646
92288 8192 267238.779 268635.762 309565.266 4.88441940382 5.62861244066 5.65803584965 0.610552425478 0.703576555083 0.707254481207
101512 8192 290637.838 301034.035 322758.558 5.15299305557 5.52486567839 5.72249167364 0.644124131946 0.690608209799 0.715311459205
111656 8192 329287.172 331918.848 352341.163 5.19204707285 5.51150353474 5.55555168727 0.649005884107 0.688937941843 0.694443960908
122816 8192 353902.055 358156.791 386169.833 5.21070568451 5.61825824489 5.68580293776 0.651338210564 0.702282280612 0.710725367221
135096 4096 193528.669 200461.105 213486.021 5.1839761068 5.5208038088 5.71856582138 0.64799701335 0.6901004761 0.714820727672
148600 4096 212830.428 229844.913 314862.896 3.86622627012 5.29631560739 5.71972349743 0.483278283764 0.662039450923 0.714965437179
163456 4096 236664.52 237116.724 343323.193 3.90020709146 5.6471409077 5.65793111701 0.487525886432 0.705892613462 0.707241389626
179800 4096 258251.063 260179.324 270861.891 5.43790636092 5.66117851855 5.70344835328 0.679738295115 0.707647314819 0.71293104416
197776 4096 284275.395 287584.958 294960.478 5.4928748522 5.63374733946 5.69933599776 0.686609356525 0.704218417432 0.71241699972
217552 4096 312526.681 316342.981 333124.561 5.34990869076 5.63371432603 5.70250827321 0.668738586345 0.704214290754 0.712813534151
239304 4096 344371.069 346474.842 410601.926 4.77440129689 5.65806843777 5.69263374445 0.596800162111 0.707258554721 0.711579218056
263232 2048 189682.999 192760.296 196684.675 5.48186213288 5.59346657156 5.68421143531 0.68523276661 0.699183321445 0.710526429414
289552 2048 208262.896 210743.92 215162.1 5.51214638638 5.6277068017 5.6947493518 0.689018298297 0.703463350212 0.711843668975
318504 2048 229039.035 230663.711 436675.173 2.98755794848 5.6558198008 5.69593905249 0.37344474356 0.7069774751 0.711992381561
350352 2048 251689.548 253626.116 332142.234 4.32056403884 5.65809946796 5.70163442782 0.540070504855 0.707262433495 0.712704303478
385384 2048 278028.151 278190.532 279628.688 5.64510342372 5.67428680139 5.67760084122 0.705637927965 0.709285850174 0.709700105152
423920 2048 305008.896 306362.04 307491.583 5.64690682932 5.66772671967 5.69287106957 0.705863353665 0.708465839959 0.711608883696
466312 2048 339763.099 361044.491 367445.983 5.19808091629 5.29024538419 5.62160504664 0.649760114536 0.661280673024 0.70270063083
512936 2048 373107.605 422993.507 423654.513 4.95919621184 4.96694587797 5.63104538167 0.61989952648 0.620868234746 0.703880672708
564224 1024 203355.816 212640.492 219671.157 5.26027525771 5.43419901417 5.6823098288 0.657534407214 0.679274876772 0.7102887286
620640 1024 223762.143 229462.573 377259.67 3.36921972073 5.5393378684 5.68045471391 0.421152465091 0.69241723355 0.710056839239
682704 1024 246103.399 269844.686 407636.131 3.42996531875 5.18141680952 5.68126160663 0.428745664844 0.64767710119 0.710157700829
750968 1024 272753.114 275980.046 388463.687 3.95914088104 5.5728031294 5.63873475703 0.49489261013 0.696600391175 0.704841844629
826064 1024 297343.951 310246.578 317760.76 5.32406541324 5.45301444711 5.68963675336 0.665508176655 0.681626805889 0.71120459417
908664 1024 331001.955 412643.243 519490.412 3.58224873648 4.5098130251 5.6221537181 0.44778109206 0.563726628137 0.702769214762
999528 1024 360760.96 380634.995 533485.05 3.8370959861 5.37794309743 5.67420971493 0.479636998263 0.672242887179 0.709276214366
1099480 512 198219.859 215749.159 216910.561 5.19046889561 5.21840977373 5.6798926489 0.648808611951 0.652301221716 0.709986581112
1209424 512 218114.764 226523.091 257191.676 4.81528094245 5.46721383031 5.67797499485 0.601910117806 0.683401728789 0.709746874356
1330360 512 239634.083 242294.976 264721.565 5.14611886644 5.62243865923 5.68487012759 0.643264858305 0.702804832404 0.710608765949
1463392 512 263632.363 265516.003 429863.211 3.48602385516 5.64377811909 5.68410263045 0.435752981895 0.705472264886 0.710512828806
1609728 512 291602.025 292366.983 306764.834 5.37337168184 5.63798776143 5.65277786394 0.67167146023 0.704748470179 0.706597232992
1770696 512 320419.115 321147.981 580877.539 3.12147153619 5.6459726085 5.65881565462 0.390183942024 0.705746576062 0.707351956827
1947760 512 350986.94 353332.828 522535.613 3.81697666222 5.64483705431 5.68256539688 0.477122082778 0.705604631789 0.71032067461
2142536 256 194605.278 195209.894 269622.318 4.06857429362 5.61948172565 5.63694080281 0.508571786702 0.702435215707 0.704617600351
2356784 256 212572.474 214632.977 225983.624 5.33964977922 5.62203173467 5.67652709353 0.667456222403 0.702753966833 0.709565886691
2592456 256 234283.319 235728.695 239423.319 5.5438938761 5.63078445753 5.66552274257 0.692986734513 0.703848057191 0.708190342822
2851696 256 257945.191 258627.372 340813.65 4.28406653313 5.64545175829 5.66038213909 0.535508316642 0.705681469787 0.707547767386
3136864 256 286006.588 286239.47 344904.896 4.65657167128 5.61094655465 5.61551529016 0.58207145891 0.701368319331 0.70193941127
3450544 256 312200.326 314481.466 318593.844 5.54523749053 5.61775086612 5.65879783226 0.693154686316 0.702218858265 0.707349729033
3795592 256 345209.76 346766.578 347075.767 5.59918982762 5.60418225773 5.62945585316 0.699898728453 0.700522782216 0.703681981645
4175144 256 380204.308 381750.967 384622.725 5.55784562132 5.59965504423 5.62243426237 0.694730702665 0.699956880528 0.702804282796
4592656 128 208756.202 210736.763 211222.445 5.56626421023 5.57909269964 5.63202398174 0.695783026278 0.697386587456 0.704002997717
5051920 128 230080.118 230727.144 231943.305 5.57589502314 5.60528552289 5.62104857752 0.696986877892 0.700660690361 0.70263107219
5557112 128 253626.839 254805.463 257862.942 5.51696440352 5.58316393711 5.60910934193 0.68962055044 0.697895492139 0.701138667742
6112816 128 278831.883 279608.161 282233.598 5.54463007625 5.59669249425 5.61227388763 0.693078759532 0.699586561781 0.701534235954
6724096 128 307386.395 307394.989 311071.768 5.53367021079 5.59985893589 5.60001549841 0.691708776349 0.699982366986 0.700001937301
7396504 128 337353.089 338323.687 340644.983 5.55858773355 5.59672614351 5.6128284748 0.694823466694 0.699590767938 0.70160355935
8136152 128 372851.095 373012.537 376661.575 5.52977805607 5.58387374524 5.58629152477 0.691222257009 0.697984218155 0.698286440596
8949760 64 205223.933 227557.234 250177.355 4.57902866548 5.03420286784 5.5820452481 0.572378583186 0.62927535848 0.697755656013
9844736 64 225819.471 227645.76 249418.166 5.0522631459 5.53546970521 5.58023717981 0.631532893238 0.691933713152 0.697529647477
10829208 64 249179.866 249998.878 279547.108 4.95851534261 5.54457938007 5.56280347305 0.619814417826 0.693072422509 0.695350434132
11912128 64 271955.412 275812.502 307268.56 4.96227919967 5.52822070408 5.60662636859 0.620284899959 0.69102758801 0.700828296074
13103336 64 301565.699 305651.443 324801.384 5.16385425254 5.48738455653 5.56173004278 0.645481781568 0.685923069567 0.695216255347
14413664 64 329622.421 333154.633 370092.591 4.98510112568 5.53781580459 5.59715867144 0.62313764071 0.692226975574 0.69964483393
15855024 64 364646.446 366764.15 410531.237 4.94345591539 5.53337361899 5.5655089862 0.617931989424 0.691671702373 0.695688623275
17440520 32 199720.013 201139.963 211695.155 5.27264443062 5.54933621023 5.58879034321 0.659080553828 0.693667026279 0.698598792901
19184568 32 219621.393 220650.446 237800.039 5.1632134173 5.56451334796 5.59058630504 0.645401677163 0.695564168495 0.69882328813
21103024 32 244988.863 260010.149 292125.958 4.62332599693 5.19438776215 5.5128772772 0.577915749616 0.649298470269 0.68910965965
23213320 32 265438.985 268037.793 290377.01 5.11628823508 5.54269777919 5.59696413848 0.639536029385 0.692837222399 0.69962051731
25534648 32 292705.79 294468.667 322317.975 5.07020271519 5.54971599746 5.58314023101 0.633775339399 0.693714499682 0.697892528877
28088112 32 324109.684 325322.347 326833.937 5.5001606764 5.52571683002 5.54639141236 0.68752008455 0.690714603753 0.693298926545
30896920 32 355796.334 356548.865 408369.65 4.84218863963 5.5459519693 5.5576819968 0.605273579954 0.693243996163 0.6947102496
33986608 16 194300.124 196306.785 218421.776 4.97922632036 5.54016233316 5.59737911438 0.622403290046 0.692520291645 0.699672389298
37385264 16 213928.527 215270.117 218180.501 5.4832051559 5.55733635802 5.59218756272 0.685400644487 0.694667044753 0.69902344534
41123784 16 235217.222 238073.699 418902.669 3.14144832531 5.52753661378 5.59466299623 0.392681040664 0.690942076722 0.699332874529
45236160 16 260031.238 262922.508 466123.819 3.10552059559 5.50564168512 5.56685854797 0.388190074449 0.688205210639 0.695857318496
49759776 16 284393.346 286747.331 302225.167 5.26863082848 5.55301709853 5.5989806175 0.658578853561 0.694127137316 0.699872577188
54735752 16 314643.047 315559.597 467417.215 3.74728188819 5.55059671977 5.56676551635 0.468410236024 0.693824589971 0.695845689544
60209320 16 343764.555 345900.482 530246.393 3.63359046933 5.57009411742 5.60470302123 0.454198808666 0.696261764677 0.700587877654
66230248 16 378231.152 381014.885 392579.883 5.39856479605 5.56242818702 5.60336694847 0.674820599506 0.695303523378 0.700420868559
72853272 8 209357.026 211036.098 218912.17 5.32474897124 5.52347377082 5.56777278638 0.665593621405 0.690434221353 0.695971598297
80138592 8 230357.741 230791.08 251939.028 5.0893959629 5.55574969362 5.56620092919 0.636174495362 0.694468711702 0.695775116149
88152448 8 253545.932 253950.427 319160.859 4.41921096597 5.55399407932 5.56285465467 0.552401370746 0.694249259916 0.695356831834
96967688 8 278442.163 278637.177 302583.538 5.12745345717 5.56811199677 5.57201176461 0.640931682146 0.696013999596 0.696501470576
106664456 8 307042.304 308439.756 311992.916 5.4700963018 5.5331106409 5.55829367409 0.683762037725 0.691638830112 0.694786709261
117330896 8 337237.159 337382.06 346839.651 5.41257128644 5.5642980424 5.56668885946 0.676571410804 0.6955372553 0.695836107432
129063984 8 370951.962 378339.103 379202.195 5.44570619904 5.45812930153 5.56682254184 0.68071327488 0.682266162692 0.69585281773
141970376 4 202688.108 203858.621 212118.308 5.35438462954 5.57132684617 5.60350096119 0.669298078693 0.696415855771 0.700437620149
156167408 4 224440.456 224657.218 229335.909 5.44763909606 5.56109113752 5.56646197511 0.680954887008 0.69513639219 0.695807746889
171784144 4 245208.654 248991.281 254928.407 5.39081998814 5.51936255149 5.60450510038 0.673852498517 0.689920318937 0.700563137547
188962552 4 271537.269 274776.613 279854.761 5.4017319934 5.50156143019 5.56719312074 0.675216499175 0.687695178774 0.695899140092
207858800 4 297493.623 299863.236 300548.671 5.53278240914 5.54542938368 5.58960015086 0.691597801143 0.69317867296 0.698700018857
228644680 4 328505.695 328531.658 335461.703 5.45265651382 5.56767482055 5.56811485414 0.681582064227 0.695959352569 0.696014356768
251509144 4 361928.663 362184.828 364453.3 5.5207982806 5.55537669292 5.55930866409 0.690099785075 0.694422086615 0.694913583012
276660056 2 198805.775 201685.85 202621.547 5.46161176037 5.48695024465 5.56643902321 0.682701470047 0.685868780581 0.695804877902
304326056 2 217470.944 218635.386 218871.039 5.56174188034 5.56773652368 5.59754881093 0.695217735043 0.695967065459 0.699693601367
334758656 2 239109.029 240415.077 240942.768 5.55748004024 5.56967824443 5.60010063024 0.69468500503 0.696209780554 0.700012578781
368234520 2 264540.548 266544.265 267613.943 5.50396613677 5.52605429346 5.56791044373 0.687995767096 0.690756786682 0.695988805467
405057968 2 289539.083 293066.225 304681.367 5.31779113358 5.52855202608 5.59590040561 0.664723891698 0.69106900326 0.699487550701
445563760 2 321908.919 323731.506 329241.385 5.41321693201 5.50534936195 5.53651960168 0.676652116501 0.688168670244 0.69206495021
490120136 2 351596.313 353499.043 355137.804 5.52033751946 5.54592885843 5.57594170221 0.690042189933 0.693241107303 0.696992712776
539132144 1 192849.01 194141.01 194752.734 5.53658100635 5.55402636465 5.59123579634 0.692072625794 0.694253295581 0.698904474542
593045352 1 212745.432 213299.885 214260.68 5.53573667366 5.56067202755 5.57516414265 0.691967084208 0.695084003444 0.696895517832
652349880 1 233722.556 234512.17 234573.691 5.56200379692 5.56346291111 5.58225865029 0.695250474615 0.695432863889 0.697782331287
717584864 1 256101.298 257485.465 259765.521 5.52486612725 5.57378929331 5.60391430738 0.690608265906 0.696723661664 0.700489288422
789343344 1 281575.944 284030.456 284396.926 5.5509977207 5.55815988973 5.60661065563 0.693874715087 0.694769986216 0.700826331954
868277672 1 312141.819 312427.098 315045.632 5.51207560942 5.55827377048 5.56335370109 0.689009451177 0.69478422131 0.695419212637
955105432 1 342648.721 343280.316 343862.615 5.55515714903 5.56458024235 5.57483728066 0.694394643628 0.695572530293 0.696854660082
1050615968 1 375358.685 377390.908 378689.12 5.5486989856 5.56778632303 5.5979307792 0.693587373199 0.695973290379 0.699741347399

META_DATA
ERT_VERSION  1.1.0
TIMESTAMP_DATA  1535256038.76
TIMESTAMP_DATA  1535255936.21
MPI_PROCS      1
FLOPS          2
HOSTNAME  ('atajo-Inspiron-15-7568', [], ['127.0.1.1'])
UNAME  ('Linux', 'atajo-Inspiron-15-7568', '4.15.0-33-generic', '#36-Ubuntu SMP Wed Aug 15 16:00:05 UTC 2018', 'x86_64', 'x86_64')
CONFIG  {'ERT_WORKING_SET_MIN': ['1'], 'ERT_CFLAGS': [], 'ERT_CC': ['mpicc'], 'ERT_MPI_CFLAGS': ['-I/usr/include/mpi'], 'ERT_MPI_LDFLAGS': ['-lmpi'], 'ERT_MEMORY_MAX': ['1073741824'], 'ERT_PROCS_THREADS': ['1-4'], 'ERT_LDFLAGS': [], 'ERT_LDLIBS': [], 'ERT_RUN': ['export', 'OMP_NUM_THREADS=ERT_OPENMP_THREADS;', 'mpirun', '-np', 'ERT_MPI_PROCS', 'ERT_CODE'], 'ERT_FLOPS': ['1,2,4,8,16,32'], 'ERT_OPENMP_CFLAGS': ['-fopenmp'], 'ERT_MPI': ['True'], 'ERT_TRIALS_MIN': ['1'], 'ERT_DRIVER': ['driver1'], 'ERT_RESULTS': ['Results/myLaptop'], 'ERT_OPENMP': ['False'], 'ERT_MPI_PROCS': ['1,2,4,8'], 'ERT_KERNEL': ['kernel1'], 'ERT_GPU': [False], 'ERT_OPENMP_THREADS': ['1,2,4,8'], 'ERT_LD': ['mpicc'], 'ERT_NUM_EXPERIMENTS': ['3'], 'ERT_OPENMP_LDFLAGS': ['-fopenmp'], 'ERT_ALIGN': ['64'], 'ERT_GNUPLOT': ['gnuplot']}
TIMESTAMP_DATA  1535255826.76
