8 134217728 1355360.456 1356660.712 1357565.343 1.58186392948 1.58291872758 1.58443729009 0.395465982369 0.395729681896 0.396109322523
16 67108864 675788.937 676016.938 677604.78 3.16922741897 3.17667136323 3.17774312426 0.792306854742 0.794167840806 0.794435781064
24 33554432 459501.049 460381.146 464235.876 3.46938446438 3.498433309 3.50513396978 0.867346116094 0.874608327249 0.876283492445
32 33554432 593393.98 593657.432 594459.959 3.61249503097 3.61737852883 3.6189845539 0.903123757743 0.904344632209 0.904746138476
40 16777216 365579.29 366177.516 367240.652 3.65476227289 3.66537327213 3.67137120924 0.913690568222 0.916343318032 0.91784280231
48 16777216 440017.053 441580.786 441788.874 3.64566160623 3.64737956692 3.66034162771 0.911415401557 0.91184489173 0.915085406929
56 16777216 505667.653 508202.614 518452.016 3.62434349566 3.69743905331 3.71597467398 0.906085873914 0.924359763329 0.928993668496
64 16777216 571202.808 571968.428 572992.749 3.74783738843 3.75454927732 3.75958174211 0.936959347107 0.938637319331 0.939895435528
72 8388608 320476.365 320556.436 321042.868 3.76261139058 3.76832100791 3.76926252268 0.940652847644 0.942080251978 0.942315630671
80 8388608 353209.871 353419.258 354152.934 3.78982397475 3.79769140933 3.79994272584 0.947455993687 0.949422852334 0.949985681459
88 8388608 388433.548 388660.239 388904.157 3.79629526048 3.79867776493 3.80089468482 0.94907381512 0.949669441231 0.950223671206
96 8388608 422770.137 423385.655 423676.378 3.80151648672 3.80412684506 3.80966533594 0.95037912168 0.951031711266 0.952416333985
104 8388608 457723.793 458089.661 474170.372 3.67975429726 3.80892784219 3.8119723962 0.919938574315 0.952231960546 0.95299309905
112 8388608 491204.465 492116.679 492651.749 3.81415106272 3.81829812356 3.82538907092 0.95353776568 0.954574530891 0.956347267731
120 8388608 524959.422 527430.167 528026.229 3.81281423048 3.81712318704 3.83508864805 0.953203557621 0.95428079676 0.958772162013
128 8388608 558612.096 558917.784 572443.862 3.75143099709 3.84221742352 3.84431999124 0.937857749272 0.96055435588 0.961079997809
136 4194304 296756.343 296986.558 297215.053 3.83846873328 3.84142196766 3.84440203187 0.959617183319 0.960355491914 0.961100507968
144 4194304 313656.004 314046.333 314090.206 3.84590009152 3.84643737267 3.85122406903 0.961475022879 0.961609343167 0.962806017257
152 4194304 362214.174 362289.38 362754.275 3.51496454728 3.5194750009 3.52020574435 0.878741136821 0.879868750224 0.880051436088
160 4194304 374969.442 378930.445 380627.855 3.52621927788 3.54201489405 3.57943109401 0.881554819471 0.885503723513 0.894857773504
176 4194304 382115.816 382394.879 384082.781 3.84395000514 3.86091731108 3.86373697759 0.960987501286 0.96522932777 0.965934244397
192 4194304 415864.685 416181.283 422186.386 3.81493290501 3.86997878518 3.87292500204 0.953733226253 0.967494696296 0.968231250509
208 4194304 449468.477 450473.064 451935.403 3.86079615011 3.8733291809 3.88198628666 0.965199037527 0.968332295225 0.970496571665
224 4194304 484600.451 484866.687 485482.588 3.87047494276 3.8753914063 3.87752051844 0.96761873569 0.968847851575 0.969380129611
240 4194304 517565.012 518709.747 518887.152 3.87996872199 3.88129571816 3.88988025334 0.969992180496 0.970323929541 0.972470063336
264 2097152 302073.678 302283.546 302345.149 3.66235826724 3.66310462694 3.66564959692 0.91558956681 0.915776156735 0.916412399229
288 2097152 310084.597 310846.477 311346.965 3.87978585884 3.88603262825 3.89558063731 0.96994646471 0.971508157064 0.973895159326
312 2097152 336544.118 336593.307 336595.409 3.88782144084 3.88784572 3.8884139642 0.971955360211 0.97196143 0.97210349105
336 2097152 379578.798 379974.213 380088.397 3.70778522871 3.70889943524 3.71276307166 0.926946307177 0.927224858809 0.928190767915
368 2097152 396715.968 397972.269 398158.405 3.87660753262 3.87842066453 3.8907026601 0.969151883156 0.969605166133 0.972675665024
400 2097152 430549.917 430804.53 432083.125 3.88286767737 3.8943917326 3.89669474724 0.970716919343 0.973597933151 0.974173686811
440 2097152 472967.576 473638.006 474097.921 3.89264259187 3.89642245052 3.90194561667 0.973160647967 0.974105612631 0.975486404167
480 2097152 515179.309 516337.023 516497.551 3.89791958568 3.89913143997 3.90789359128 0.974479896421 0.974782859993 0.976973397819
528 1048576 283835.121 284324.019 284455.078 3.89269287715 3.89448721179 3.9011953563 0.973173219288 0.973621802947 0.975298839075
576 1048576 309162.466 309300.643 310822.472 3.88633274881 3.90545438342 3.90719988629 0.971583187203 0.976363595856 0.976799971572
632 1048576 348318.181 348790.526 357881.855 3.70345700818 3.79998871873 3.80514178213 0.925864252045 0.949997179683 0.951285445533
688 1048576 378275.44 378295.971 378340.42 3.8136040976 3.81405218825 3.81425919695 0.9534010244 0.953513047063 0.953564799237
752 1048576 412265.897 412380.737 412653.285 3.82175148321 3.82427733039 3.82534261377 0.955437870802 0.956069332598 0.956335653444
824 1048576 450947.393 450956.459 450959.464 3.83194807061 3.83197360524 3.83205064454 0.957987017654 0.95799340131 0.958012661135
904 1048576 493738.316 495415.778 496175.251 3.82087861936 3.826736031 3.83973725871 0.955219654839 0.956684007751 0.959934314679
992 1048576 541102.533 541547.456 541561.733 3.84143608611 3.84153735919 3.84469607353 0.960359021526 0.960384339798 0.961174018381
1088 524288 295994.083 296050.44 300886.281 3.79163411575 3.85356862837 3.85430234428 0.947908528937 0.963392157093 0.96357558607
1192 524288 324404.922 324417.403 329286.661 3.79578871554 3.85276061161 3.85290884088 0.948947178884 0.963190152903 0.963227210221
1304 524288 353908.179 353987.302 358858.03 3.81026196906 3.86268969614 3.86355327493 0.952565492264 0.965672424035 0.965888318733
1432 524288 388893.099 389910.531 394702.832 3.8042818806 3.85103943756 3.86111462472 0.951070470151 0.962759859389 0.965278656179
1568 524288 424578.075 425897.561 429344.209 3.82948490636 3.86047566025 3.87247308519 0.957371226591 0.965118915062 0.968118271298
1720 524288 470499.651 472725.124 550568.454 3.27579741792 3.8152207878 3.83326686038 0.818949354479 0.95380519695 0.958316715096
1888 524288 509436.294 514706.931 739710.362 2.67633331869 3.84628876894 3.88608254126 0.669083329672 0.961572192235 0.971520635316
2072 262144 280185.22 282356.532 440873.483 2.46402829358 3.84735117798 3.87716645439 0.616007073394 0.961837794495 0.969291613598
2272 262144 307785.939 310140.498 365966.233 3.25489684181 3.84078294735 3.87016489405 0.813724210452 0.960195736837 0.967541223512
2496 262144 335883.996 339200.722 381832.623 3.42721592964 3.85796009007 3.89605597047 0.856803982409 0.964490022518 0.974013992617
2744 262144 369386.643 369501.665 383987.415 3.74659745554 3.89347710246 3.89468947853 0.936649363886 0.973369275616 0.973672369631
3016 262144 405884.907 406938.899 407721.772 3.87826384704 3.88572488864 3.895815244 0.969565961761 0.97143122216 0.973953811
3312 262144 445301.938 447285.493 451991.18 3.84176048745 3.88217790019 3.89947069128 0.960440121863 0.970544475047 0.974867672819
3640 262144 490115.572 492650.36 497866.978 3.83316910807 3.87375809489 3.89379246248 0.958292277019 0.968439523722 0.973448115621
4000 262144 539205.426 539695.435 556406.762 3.76909869402 3.88580644563 3.88933771597 0.942274673506 0.971451611407 0.972334428994
4400 131072 296347.245 297083.565 304685.387 3.78565447906 3.88252241419 3.89216913422 0.946413619764 0.970630603548 0.973042283555
4840 131072 326123.514 327007.921 333649.368 3.80272550074 3.87995788029 3.89047985053 0.950681375185 0.969989470072 0.972619962632
5320 131072 358487.755 359534.444 365955.248 3.81086509244 3.87892204286 3.89024746466 0.952716273111 0.969730510716 0.972561866165
5848 131072 396556.399 402455.289 417190.567 3.67462314171 3.80916378515 3.86582618731 0.918655785427 0.952290946287 0.966456546828
6432 131072 434014.764 440362.929 476165.517 3.54101703673 3.82891042129 3.88491440351 0.885254259182 0.957227605324 0.971228600878
7072 131072 475451.914 477003.839 483205.86 3.83663055742 3.88651456535 3.89920055722 0.959157639355 0.971628641337 0.974800139305
7776 131072 522455.678 524166.639 530322.342 3.84375988444 3.88890019382 3.90163573646 0.960939971109 0.972225048454 0.975408934114
8552 65536 287681.98 288380.544 291747.961 3.84210995051 3.8869742336 3.89641278192 0.960527487628 0.9717435584 0.97410319548
9400 65536 318125.459 319983.457 327744.784 3.75925677585 3.85043905567 3.87292737863 0.939814193961 0.962609763917 0.968231844657
10336 65536 347296.587 347922.975 352090.564 3.84776057787 3.89385090766 3.90087390061 0.961940144468 0.973462726915 0.975218475153
11368 65536 382033.472 383024.551 385477.961 3.86539996252 3.89015923943 3.90025116961 0.966349990629 0.972539809857 0.975062792404
12504 65536 420316.455 420438.107 423978.029 3.86558778026 3.89813449522 3.89926273051 0.966396945064 0.974533623804 0.974815682627
13752 65536 462512.775 462757.231 465783.457 3.86982860149 3.89513555543 3.89719428615 0.967457150373 0.973783888857 0.974298571537
15120 65536 509445.966 509621.577 511213.768 3.87667305549 3.88878479531 3.89012529741 0.969168263872 0.972196198828 0.972531324352
16632 32768 279619.018 279795.362 282287.041 3.86129929358 3.89568556179 3.89814240747 0.965324823395 0.973921390448 0.974535601867
18288 32768 307463.317 307926.927 309607.756 3.87109930153 3.89222982114 3.89809873807 0.967774825383 0.973057455284 0.974524684517
20112 32768 338048.576 341036.681 341199.59 3.86301763141 3.8648629471 3.89902554123 0.965754407853 0.966215736776 0.974756385307
22120 32768 372726.877 372941.903 374323.858 3.87273289965 3.88708350641 3.88932596347 0.968183224912 0.971770876602 0.972331490868
24328 32768 409775.919 409973.975 413173.06 3.85881840408 3.8889293107 3.89080893746 0.964704601021 0.972232327674 0.972702234364
26760 32768 450164.506 452507.802 453774.027 3.86479449164 3.87560911049 3.8957832895 0.966198622911 0.968902277623 0.973945822375
29432 32768 495235.739 496603.09 499826.541 3.85904987787 3.88409897329 3.89482301074 0.964762469466 0.971024743322 0.973705752686
32368 32768 544212.884 546485.009 546759.272 3.87971335217 3.88166045375 3.89786664441 0.969928338042 0.970415113436 0.974466661102
35600 16384 300323.562 300380.897 302165.979 3.86059609973 3.88353857269 3.884279982 0.965149024934 0.970884643174 0.9710699955
39160 16384 330380.384 330987.893 331043.743 3.87620943496 3.87686349603 3.88399233775 0.969052358739 0.969215874008 0.970998084438
43072 16384 362849.163 363281.041 363997.826 3.87744979554 3.88510034026 3.88972454651 0.969362448885 0.971275085066 0.972431136626
47376 16384 398520.875 399851.016 405593.223 3.82752146724 3.88248799148 3.89544655095 0.95688036681 0.970621997869 0.973861637737
52112 16384 438509.35 439846.568 440271.287 3.87853141102 3.88227654876 3.89411540712 0.969632852755 0.970569137191 0.973528851779
57320 16384 483387.615 484448.961 484454.032 3.87706910446 3.87710968793 3.8856224316 0.969267276116 0.969277421982 0.971405607899
63048 16384 532112.696 532294.826 533453.368 3.87279748883 3.88122664938 3.88255510445 0.968199372208 0.970306662346 0.970638776114
69352 8192 292383.643 292546.632 293208.701 3.87527097294 3.88404118766 3.88620634295 0.968817743236 0.971010296916 0.971551585736
76280 8192 321350.245 321498.21 322544.655 3.87472401302 3.88733585795 3.88912577303 0.968681003255 0.971833964488 0.972281443258
83904 8192 353645.565 354582.187 355358.233 3.86844318871 3.87690974448 3.88717764918 0.967110797177 0.96922743612 0.971794412295
92288 8192 389490.046 389628.06 389737.734 3.87965151971 3.88074357889 3.88211870246 0.969912879927 0.970185894722 0.970529675616
101512 8192 427249.083 429710.148 430546.404 3.86293461645 3.87045224727 3.89274705126 0.965733654113 0.967613061817 0.973186762814
111656 8192 470506.579 471287.532 472378.016 3.87268636989 3.88164714699 3.88808995591 0.968171592473 0.970411786748 0.972022488978
122816 8192 517860.991 517899.16 519005.883 3.87706076156 3.88534583451 3.88563220434 0.969265190391 0.971336458626 0.971408051085
135096 4096 284728.589 285299.215 285406.851 3.87764494133 3.87910787627 3.88688201591 0.969411235332 0.969776969067 0.971720503978
148600 4096 313534.387 313612.871 314072.273 3.87595883066 3.88163660541 3.88260825758 0.968989707665 0.970409151351 0.970652064394
163456 4096 345619.463 346540.943 349464.583 3.83166597457 3.86399234794 3.87429440569 0.957916493644 0.965998086985 0.968573601424
179800 4096 378786.946 379678.99 379928.606 3.8768378499 3.87938663659 3.88852259972 0.969209462475 0.969846659148 0.97213064993
197776 4096 416271.22 417835.742 424151.767 3.81981431661 3.87755481196 3.89212829078 0.954953579151 0.969388702989 0.973032072695
217552 4096 458309.527 458531.066 459099.728 3.88191470242 3.88672898337 3.8886077618 0.970478675605 0.971682245844 0.97215194045
239304 4096 504382.049 504500.635 505109.204 3.88109809221 3.88577978301 3.88669337437 0.970274523051 0.971444945753 0.971673343593
263232 2048 277534.056 277756.952 279431.146 3.8585472215 3.88180480898 3.8849224039 0.964636805376 0.970451202244 0.971230600975
289552 2048 305079.573 305232.061 306084.31 3.8747657206 3.88558458805 3.88752672077 0.968691430149 0.971396147012 0.971881680194
318504 2048 336070.611 336155.194 336315.393 3.87907425932 3.88092288111 3.88189964043 0.96976856483 0.970230720279 0.970474910108
350352 2048 369792.847 370399.642 376825.961 3.80823494271 3.87430663877 3.88066400863 0.952058735677 0.968576659693 0.970166002156
385384 2048 406474.019 407138.759 407151.112 3.87701965554 3.87713728822 3.88347788595 0.969254913886 0.969284322056 0.970869471488
423920 2048 447355.973 448899.359 450088.94 3.85785156152 3.86807484838 3.88141977485 0.964462890379 0.967018712094 0.970354943713
466312 2048 491739.116 492253.244 492492.4 3.87826076504 3.88014497676 3.88420178475 0.96956519126 0.97003624419 0.971050446188
512936 2048 540825.677 541528.313 541729.729 3.87829159732 3.87973408881 3.88477460548 0.96957289933 0.969933522202 0.971193651369
564224 1024 297624.883 298006.347 298200.004 3.87501923709 3.87753738681 3.88250720287 0.968754809272 0.969384346703 0.970626800717
620640 1024 327511.142 327762.282 328028.737 3.87487612099 3.87802620925 3.88099993252 0.968719030248 0.969506552313 0.970249983129
682704 1024 360101.015 360861.184 362227.463 3.85994419203 3.8745585671 3.88273771458 0.964986048007 0.968639641774 0.970684428646
750968 1024 395752.854 396025.174 396489.488 3.87899934437 3.88354722117 3.88621951416 0.969749836091 0.970886805292 0.97155487854
826064 1024 435295.889 435682.75 435865.716 3.88142267193 3.88305268455 3.88650367429 0.970355667983 0.970763171138 0.971625918571
908664 1024 479274.799 479335.276 483010.942 3.85279858111 3.88234283012 3.88283272119 0.963199645278 0.970585707529 0.970708180298
999528 1024 527264.006 527454.332 527775.731 3.87860453553 3.88096792425 3.88236883365 0.969651133883 0.970241981063 0.970592208413
1099480 512 290262.522 290424.706 291928.577 3.85665401986 3.87662446321 3.87879052467 0.964163504966 0.969156115802 0.969697631167
1209424 512 319097.08 319177.654 319369.993 3.87779128642 3.88012807438 3.88110783088 0.969447821605 0.970032018595 0.970276957721
1330360 512 350826.452 351112.945 351336.74 3.8774443003 3.87991573481 3.88308416379 0.969361075076 0.969978933702 0.970771040948
1463392 512 386144.556 386351.508 398068.834 3.76445800326 3.8786270455 3.88070577382 0.941114500815 0.969656761376 0.970176443456
1609728 512 424785.173 424794.968 425334.731 3.87544527136 3.88036958103 3.88045905736 0.968861317841 0.970092395256 0.97011476434
1770696 512 467267.635 467481.329 468294.674 3.87190545755 3.87864197246 3.88041577928 0.967976364386 0.969660493115 0.97010394482
1947760 512 513886.105 514465.064 516853.545 3.85893887987 3.87685458074 3.88122235763 0.964734719968 0.969213645185 0.970305589407
2142536 256 282546.503 282564.397 283508.41 3.86929767621 3.88222452526 3.88247039108 0.967324419053 0.970556131316 0.970617597769
2356784 256 310916.672 310920.285 311001.039 3.87996584153 3.88097356851 3.88101866728 0.969991460382 0.970243392129 0.97025466682
2592456 256 341922.129 342431.475 342811.077 3.87192118649 3.87621340007 3.88198762064 0.967980296623 0.969053350017 0.970496905159
2851696 256 376182.738 376190.486 376932.24 3.87355656285 3.88119425221 3.88127419074 0.968389140711 0.970298563053 0.970318547684
3136864 256 414636.773 414654.681 415152.468 3.86863740865 3.8732816524 3.87344893792 0.967159352164 0.968320413101 0.96836223448
3450544 256 455464.192 455935.853 456201.041 3.87258767347 3.87484010388 3.87885273756 0.968146918367 0.968710025969 0.96971318439
3795592 256 501363.25 501879.824 502436.353 3.86783936392 3.87212836832 3.87611797235 0.966959840981 0.968032092081 0.969029493087
4175144 256 551616.789 552164.352 552697.245 3.8677119297 3.87144465277 3.87528764648 0.966927982426 0.967861163192 0.968821911619
4592656 128 303527.799 303996.316 304980.862 3.85506135792 3.86754665803 3.87351649461 0.963765339479 0.966886664508 0.968379123653
5051920 128 334385.69 334506.796 335185.444 3.85843580964 3.86626381127 3.86766407378 0.96460895241 0.966565952818 0.966916018446
5557112 128 367572.761 367751.222 368328.789 3.86236621868 3.86843220877 3.87031037917 0.965591554669 0.967108052193 0.967577594794
6112816 128 404448.429 404608.142 404628.393 3.86745202035 3.86764558979 3.8691728878 0.966863005088 0.966911397448 0.96729322195
6724096 128 444895.461 445019.658 446507.806 3.85518137168 3.86807311779 3.86915292894 0.963795342919 0.967018279449 0.967288232235
7396504 128 488993.054 491267.083 492141.851 3.84747816133 3.8543291206 3.87225341651 0.961869540333 0.96358228015 0.968063354127
8136152 128 538082.065 538237.497 539071.999 3.86377870834 3.86976924426 3.87088707742 0.965944677086 0.967442311066 0.967721769355
8949760 64 296489.287 296689.075 296855.065 3.85901881108 3.86117783407 3.86377967174 0.964754702771 0.965294458517 0.965944917936
9844736 64 325853.832 326382.448 327171.972 3.85157139316 3.86088840169 3.86715172341 0.962892848291 0.965222100424 0.966787930854
10829208 64 358345.126 358454.611 358785.816 3.86341533635 3.86698505602 3.86816653396 0.965853834088 0.966746264006 0.967041633489
11912128 64 393988.816 394827.342 396401.626 3.84648367714 3.86182065375 3.87003976275 0.961620919285 0.965455163437 0.967509940688
13103336 64 433639.714 434142.107 434396.34 3.8610523468 3.86331337356 3.86778921268 0.965263086701 0.965828343391 0.966947303171
14413664 64 477725.513 477762.95 477889.605 3.86061754158 3.86164099163 3.86194360945 0.965154385394 0.965410247906 0.965485902362
15855024 64 525159.142 525307.348 525638.196 3.86091248209 3.8633441541 3.86443443462 0.965228120523 0.965836038524 0.966108608655
17440520 32 288688.472 288895.633 289248.738 3.85893915292 3.86365577219 3.86642830684 0.964734788229 0.965913943047 0.966607076711
19184568 32 317504.47 318639.558 318690.783 3.85267606563 3.85329542793 3.86707107462 0.963169016407 0.963323856983 0.966767768655
21103024 32 349311.514 349412.168 349560.071 3.86369510721 3.86533057429 3.86644436805 0.965923776803 0.966332643573 0.966611092012
23213320 32 383735.126 384090.735 384370.692 3.865155463 3.86797270702 3.87155717405 0.966288865749 0.966993176755 0.967889293512
25534648 32 421979.008 422336.47 431364.556 3.78848342839 3.86946803813 3.87274589735 0.947120857097 0.967367009532 0.968186474338
28088112 32 464141.511 464314.91 464596.971 3.86924427021 3.87159475021 3.8730411424 0.967311067553 0.967898687552 0.968260285601
30896920 32 511591.899 511758.94 511970.341 3.86233873653 3.86393421872 3.86519584041 0.965584684133 0.965983554679 0.966298960101
33986608 16 280707.697 281027.204 281209.513 3.86747747044 3.86998639463 3.87439128896 0.966869367609 0.967496598657 0.968597822239
37385264 16 308915.013 309355.154 309665.479 3.86329290518 3.86716830973 3.87267823723 0.965823226295 0.966792077432 0.968169559309
41123784 16 339673.788 339973.257 340947.942 3.85971265959 3.87077824771 3.87419086927 0.964928164899 0.967694561928 0.968547717318
45236160 16 373452.953 373864.8 374246.339 3.86792593314 3.87187325472 3.87614318851 0.966981483284 0.967968313679 0.969035797128
49759776 16 411164.242 411249.285 411721.088 3.86745512535 3.87189203745 3.87269287877 0.966863781337 0.967973009363 0.968173219694
54735752 16 452439.769 453202.59 453883.984 3.85901271194 3.86481477081 3.871330913 0.964753177984 0.966203692702 0.96783272825
60209320 16 497305.378 497370.341 497436.649 3.87325349645 3.87376986759 3.87427589814 0.968313374112 0.968442466898 0.968568974535
66230248 16 546590.763 546963.915 547550.808 3.87063246923 3.87478566296 3.87743094005 0.967658117308 0.968696415741 0.969357735012
72853272 8 300818.402 301111.888 310886.723 3.74944397995 3.87116018481 3.87493698607 0.937360994989 0.967790046204 0.968734246517
80138592 8 330645.101 330887.151 331272.645 3.87058059684 3.8750899457 3.87792671998 0.967645149209 0.968772486424 0.969481679996
88152448 8 364455.216 365098.945 365421.01 3.85976484494 3.86316966213 3.86999309128 0.964941211235 0.965792415533 0.967498272819
96967688 8 400769.931 401100.642 404484.458 3.83570487645 3.86806413538 3.87125601995 0.958926219113 0.967016033846 0.967814004988
106664456 8 441104.152 441210.042 447998.164 3.80946046913 3.86806992938 3.86899848542 0.952365117282 0.967017482345 0.967249621355
117330896 8 484365.273 484497.563 485348.139 3.8679335206 3.87472400145 3.87578226732 0.966983380151 0.968681000362 0.968945566831
129063984 8 532511.294 535068.91 538753.039 3.83296908697 3.85936036538 3.87789661415 0.958242271743 0.964840091344 0.969474153538
141970376 4 293983.152 294326.013 301810.503 3.7631659492 3.8588604399 3.86336087722 0.9407914873 0.964715109976 0.965840219306
156167408 4 322280.191 322470.122 333613.475 3.7448705092 3.87427913089 3.87656237922 0.936217627301 0.968569782722 0.969140594806
171784144 4 354209.096 354683.4 354960.166 3.87162640667 3.87464750817 3.87983585831 0.967906601666 0.968661877043 0.969958964577
188962552 4 390115.697 390211.697 391413.764 3.86215446425 3.87405202771 3.87500535771 0.965538616062 0.968513006928 0.968751339426
207858800 4 429323.254 429455.952 429678.137 3.87003726001 3.87203947752 3.87323627245 0.967509315002 0.96800986938 0.968309068113
228644680 4 472710.88 473071.558 479954.389 3.81110680915 3.86655551167 3.86950569024 0.952776702288 0.966638877918 0.967376422561
251509144 4 519792.73 520103.29 520135.084 3.8683665338 3.86860300768 3.87091437774 0.96709163345 0.967150751921 0.967728594434
276660056 2 285531.512 285572.972 285745.213 3.87282156849 3.87515742911 3.87572011316 0.968205392123 0.968789357279 0.968930028291
304326056 2 313912.035 314276.57 321599.882 3.78515133908 3.87335340971 3.87785139872 0.94628783477 0.968338352426 0.96946284968
334758656 2 345891.658 346245.996 346752.949 3.86163874846 3.86729273253 3.87125446084 0.965409687114 0.966823183134 0.96781361521
368234520 2 379732.336 380595.212 381078.21 3.8651857843 3.87009093535 3.87888504707 0.966296446076 0.967522733838 0.969721261768
405057968 2 418026.228 418130.428 418534.32 3.87120433039 3.87494371015 3.87590960441 0.967801082597 0.968735927537 0.968977401102
445563760 2 460283.266 460384.57 461288.134 3.86364813798 3.87123104495 3.87208306634 0.965912034494 0.967807761238 0.968020766586
490120136 2 505550.752 505806.391 506533.8 3.87038445213 3.87595051957 3.87791044963 0.967596113033 0.968987629893 0.969477612408
539132144 1 278452.732 278531.33 278832.496 3.8670682344 3.87124955746 3.87234228321 0.9667670586 0.967812389364 0.968085570803
593045352 1 305918.331 306188.756 306215.448 3.87338624405 3.87372390644 3.87714819221 0.968346561013 0.96843097661 0.969287048052
652349880 1 336543.685 336793.343 337835.935 3.86193304155 3.87388820806 3.87676197222 0.965483260388 0.968472052014 0.969190493056
717584864 1 370514.76 370642.34 371011.135 3.86826591606 3.87211490193 3.87344819407 0.967066479016 0.968028725482 0.968362048519
789343344 1 407085.49 407639.052 407738.978 3.87180714423 3.87275625398 3.87802249596 0.967951786057 0.968189063495 0.969505623991
868277672 1 447949.881 448085.893 448192.123 3.87457800993 3.87549657583 3.87667330132 0.968644502483 0.968874143958 0.969168325329
955105432 1 492668.906 493074.312 493272.14 3.87252939929 3.87408310981 3.87727100439 0.968132349822 0.968520777452 0.969317751098
1050615968 1 542461.165 542604.351 543827.823 3.86378159986 3.87249370951 3.87351587832 0.965945399965 0.968123427377 0.96837896958

META_DATA
ERT_VERSION  1.1.0
TIMESTAMP_DATA  1535286885.51
MPI_PROCS      1
OPENMP_THREADS 1
HOSTNAME  ('atajo-Inspiron-15-7568', [], ['127.0.1.1'])
FLOPS          4
UNAME  ('Linux', 'atajo-Inspiron-15-7568', '4.15.0-33-generic', '#36-Ubuntu SMP Wed Aug 15 16:00:05 UTC 2018', 'x86_64', 'x86_64')
TIMESTAMP_DATA  1535287183.23
TIMESTAMP_DATA  1535287034.75
CONFIG  {'ERT_WORKING_SET_MIN': ['1'], 'ERT_CFLAGS': [], 'ERT_CC': ['mpicc'], 'ERT_MPI_CFLAGS': ['-I/usr/include/mpi'], 'ERT_MPI_LDFLAGS': ['-lmpi'], 'ERT_MEMORY_MAX': ['1073741824'], 'ERT_PROCS_THREADS': ['1-4'], 'ERT_LDFLAGS': [], 'ERT_LDLIBS': [], 'ERT_RUN': ['export', 'OMP_NUM_THREADS=ERT_OPENMP_THREADS;', 'mpirun', '-np', 'ERT_MPI_PROCS', 'ERT_CODE'], 'ERT_FLOPS': ['1,2,4,8,16'], 'ERT_OPENMP_CFLAGS': ['-fopenmp'], 'ERT_MPI': ['True'], 'ERT_TRIALS_MIN': ['1'], 'ERT_DRIVER': ['driver1'], 'ERT_RESULTS': ['Results/myLaptop'], 'ERT_OPENMP': ['True'], 'ERT_MPI_PROCS': ['1,2,4'], 'ERT_KERNEL': ['kernel1'], 'ERT_GPU': [False], 'ERT_OPENMP_THREADS': ['1,2,4'], 'ERT_LD': ['mpicc'], 'ERT_NUM_EXPERIMENTS': ['3'], 'ERT_OPENMP_LDFLAGS': ['-fopenmp'], 'ERT_ALIGN': ['64'], 'ERT_GNUPLOT': ['gnuplot']}
