16 67108864 2450431.401 2450440.228 2450657.912 0.876288623347 0.87636646814 0.876369625007 0.876288623347 0.87636646814 0.876369625007
32 33554432 1254767.515 1256231.693 1257195.346 1.70815430938 1.70946463138 1.71145939174 1.70815430938 1.70946463138 1.71145939174
48 16777216 877825.089 878154.914 880226.993 1.82976976258 1.83408725536 1.8347763765 1.82976976258 1.83408725536 1.8347763765
64 16777216 1153883.41 1155637.507 1157101.842 1.85591584945 1.85826752333 1.86109240274 1.85591584945 1.85826752333 1.86109240274
80 8388608 714516.131 714849.851 715979.868 1.87460198252 1.87756530707 1.87844223772 1.87460198252 1.87756530707 1.87844223772
96 8388608 855994.787 856510.467 856638.229 1.88015510104 1.88043555573 1.88156839324 1.88015510104 1.88043555573 1.88156839324
112 8388608 995028.504 995101.126 998497.944 1.88187487344 1.88829872955 1.88843654674 1.88187487344 1.88829872955 1.88843654674
128 8388608 1134691.181 1136002.654 1145827.514 1.87417706571 1.89038611876 1.89257102193 1.87417706571 1.89038611876 1.89257102193
144 4194304 640429.06 640492.977 640798.261 1.88508556517 1.88598407067 1.8861722983 1.88508556517 1.88598407067 1.8861722983
160 4194304 710078.649 710326.284 711166.399 1.88729006585 1.88952219597 1.89018115372 1.88729006585 1.88952219597 1.89018115372
176 4194304 779324.331 781790.754 787962.488 1.87368692099 1.88847847131 1.89445517004 1.87368692099 1.88847847131 1.89445517004
192 4194304 855973.483 856303.305 861744.913 1.86901333759 1.88089048191 1.88161522289 1.86901333759 1.88089048191 1.88161522289
208 4194304 919719.587 919741.388 928592.954 1.87900463436 1.89708812365 1.89713309215 1.87900463436 1.89708812365 1.89713309215
224 4194304 988313.529 988389.571 988415.642 1.90107087763 1.90112102265 1.90126729713 1.90107087763 1.90112102265 1.90126729713
240 4194304 1068783.834 1075626.042 1716417.704 1.17294637273 1.87171548604 1.88369795271 1.17294637273 1.87171548604 1.88369795271
256 4194304 1131120.677 1267697.254 1280756.441 1.67673070324 1.69400354953 1.89854512579 1.67673070324 1.69400354953 1.89854512579
272 2097152 600193.982 601481.111 611366.573 1.86606651129 1.89673568652 1.9008032773 1.86606651129 1.89673568652 1.9008032773
288 2097152 637118.557 659117.977 866017.615 1.39484408986 1.83269095086 1.89597295312 1.39484408986 1.83269095086 1.89597295312
304 2097152 672865.358 678308.034 680090.213 1.87485188233 1.87977784736 1.89498300193 1.87485188233 1.87977784736 1.89498300193
320 2097152 713404.464 717702.301 719583.813 1.86521327433 1.87010307495 1.88136933217 1.86521327433 1.87010307495 1.88136933217
352 2097152 776428.129 781071.235 805098.399 1.83380691085 1.89021812844 1.90152179301 1.83380691085 1.89021812844 1.90152179301
384 2097152 847280.446 864792.767 916010.925 1.75828987629 1.86242623373 1.90092046099 1.75828987629 1.86242623373 1.90092046099
416 2097152 915172.914 915517.03 917085.986 1.90258109996 1.90584162481 1.90655824414 1.90258109996 1.90584162481 1.90655824414
448 2097152 985773.564 986083.818 986240.301 1.90526405187 1.90556640085 1.90616614263 1.90526405187 1.90556640085 1.90616614263
480 2097152 1080749.798 1083166.309 1083571.243 1.85799127931 1.85868587609 1.86284181938 1.85799127931 1.85868587609 1.86284181938
528 1048576 587352.662 587460.405 587632.638 1.88433416457 1.88488661802 1.8852323785 1.88433416457 1.88488661802 1.8852323785
576 1048576 634184.205 636245.046 637303.434 1.89542294542 1.89857596471 1.90474556521 1.89542294542 1.89857596471 1.90474556521
624 1048576 686817.142 688109.543 704656.724 1.85710687691 1.90176529495 1.90534389429 1.85710687691 1.90176529495 1.90534389429
672 1048576 753751.065 754228.572 754621.717 1.86753987097 1.86851333444 1.86969705177 1.86753987097 1.86851333444 1.86969705177
736 1048576 808923.367 809071.059 809560.23 1.90659547592 1.90774821918 1.90809653296 1.90659547592 1.90774821918 1.90809653296
800 1048576 878685.827 878807.457 880500.029 1.90541913088 1.90908894393 1.90935320503 1.90541913088 1.90908894393 1.90935320503
880 1048576 967326.844 967752.734 968128.448 1.90624886998 1.90698893959 1.90782853949 1.90624886998 1.90698893959 1.90782853949
960 1048576 1058539.019 1060235.393 1079006.073 1.86585226013 1.89888578828 1.90192886976 1.86585226013 1.89888578828 1.90192886976
1056 524288 580755.816 581952.173 582750.361 1.90012109834 1.90272724697 1.90664686516 1.90012109834 1.90272724697 1.90664686516
1152 524288 636328.868 636520.075 636575.761 1.89758961306 1.89775562381 1.89832587008 1.89758961306 1.89775562381 1.89832587008
1264 524288 700058.8 702149.756 710106.026 1.86648192731 1.88763159522 1.89326962821 1.86648192731 1.88763159522 1.89326962821
1376 524288 764697.392 764711.517 769309.56 1.87550064502 1.88677761996 1.8868124713 1.87550064502 1.88677761996 1.8868124713
1504 524288 831303.498 832075.66 843748.342 1.86910981094 1.89533041262 1.89709090338 1.86910981094 1.89533041262 1.89709090338
1648 524288 912056.752 913035.909 922242.919 1.8737506273 1.89264543811 1.89467732596 1.8737506273 1.89264543811 1.89467732596
1808 524288 994149.787 994600.314 1000694.101 1.89451042642 1.90611784585 1.90698165688 1.89451042642 1.90611784585 1.90698165688
1984 524288 1096794.615 1107234.545 1109696.592 1.87472395518 1.87889259181 1.89677698591 1.87472395518 1.87889259181 1.89677698591
2176 262144 601256.614 601298.203 607183.551 1.8789222569 1.89731265171 1.89744388907 1.8789222569 1.89731265171 1.89744388907
2384 262144 661957.384 662244.507 662540.971 1.88652875325 1.88737328704 1.88819193231 1.88652875325 1.88737328704 1.88819193231
2608 262144 721191.473 721472.296 726364.352 1.88244797564 1.89521220923 1.89595018132 1.88244797564 1.89521220923 1.89595018132
2864 262144 794583.917 794905.79 795330.828 1.88797011148 1.88897961355 1.88974480841 1.88797011148 1.88897961355 1.88974480841
3136 262144 866259.391 866507.383 872498.896 1.88443466867 1.89746469592 1.8980079005 1.88443466867 1.89746469592 1.8980079005
3440 262144 953128.271 953951.735 955071.378 1.88839364423 1.89061003175 1.89224344181 1.88839364423 1.89061003175 1.89224344181
3776 262144 1045364.381 1047895.672 1049931.466 1.88556258395 1.88922575109 1.89380040489 1.88556258395 1.88922575109 1.89380040489
4144 131072 572581.011 575543.431 577299.622 1.88173470864 1.88747656126 1.8972419887 1.88173470864 1.88747656126 1.8972419887
4544 131072 628503.46 629932.06 631096.408 1.88748077299 1.89096953725 1.89526774602 1.88748077299 1.89096953725 1.89526774602
4992 131072 690567.671 691511.57 692989.575 1.88837306535 1.89240918702 1.89499581714 1.88837306535 1.89240918702 1.89499581714
5488 131072 761962.187 762603.09 768198.819 1.87275251721 1.88649415517 1.88808092651 1.87275251721 1.88649415517 1.88808092651
6032 131072 829213.805 829234.684 829447.793 1.90639196505 1.90688189786 1.90692991176 1.90639196505 1.90688189786 1.90692991176
6624 131072 916814.314 917129.484 919514.656 1.88843303874 1.89334427286 1.89399514109 1.88843303874 1.89334427286 1.89399514109
7280 131072 1008238.08 1008781.705 1010940.377 1.88775556246 1.89179513322 1.89281515731 1.88775556246 1.89179513322 1.89281515731
8000 131072 1108092.68 1108926.818 1111469.658 1.88682793534 1.89115455227 1.89257815511 1.88682793534 1.89115455227 1.89257815511
8800 65536 608496.652 608642.608 608884.076 1.89434022906 1.89509177445 1.89554633737 1.89434022906 1.89509177445 1.89554633737
9680 65536 669126.058 669881.132 670520.493 1.89222696882 1.89403298494 1.89617030279 1.89222696882 1.89403298494 1.89617030279
10640 65536 729838.001 730668.691 748319.399 1.86365084463 1.90867091635 1.91084333522 1.86365084463 1.90867091635 1.91084333522
11696 65536 808014.747 809473.743 810217.675 1.89210647867 1.89384538443 1.89726501613 1.89210647867 1.89384538443 1.89726501613
12864 65536 889190.009 889751.449 890666.569 1.89308801597 1.89503507962 1.89623161634 1.89308801597 1.89503507962 1.89623161634
14144 65536 977828.918 978570.589 981397.232 1.88902343266 1.89447995764 1.89591689699 1.88902343266 1.89447995764 1.89591689699
15552 65536 1073662.46 1078033.225 1086172.162 1.87671146004 1.89088025928 1.8985778305 1.87671146004 1.89088025928 1.8985778305
17104 32768 590949.665 591545.859 592223.124 1.89274565375 1.89491267151 1.89682440043 1.89274565375 1.89491267151 1.89682440043
18800 32768 650658.931 651106.143 661077.407 1.86374059521 1.89228256137 1.89358316823 1.86374059521 1.89228256137 1.89358316823
20672 32768 714871.179 714999.94 725910.606 1.86629067106 1.8947696583 1.89511093998 1.86629067106 1.8947696583 1.89511093998
22736 32768 785159.183 786245.575 787722.892 1.89156175494 1.89511590701 1.89773809982 1.89156175494 1.89511590701 1.89773809982
25008 32768 865060.582 865565.452 866152.297 1.89218950718 1.89347239335 1.89457746903 1.89218950718 1.89347239335 1.89457746903
27504 32768 951273.96 951677.437 952261.147 1.89286536543 1.8940263517 1.89482969133 1.89286536543 1.8940263517 1.89482969133
30240 32768 1046854.283 1053392.382 1067031.191 1.85731087968 1.88135843192 1.89310840313 1.85731087968 1.88135843192 1.89310840313
33264 16384 575134.974 575483.468 576155.801 1.8918402802 1.89405050294 1.89519817308 1.8918402802 1.89405050294 1.89519817308
36576 16384 632001.708 632316.924 632343.689 1.89536542999 1.89544565788 1.89639102684 1.89536542999 1.89544565788 1.89639102684
40224 16384 695346.888 695740.336 695842.708 1.89419249041 1.89447120398 1.89554315227 1.89419249041 1.89447120398 1.89554315227
44240 16384 764458.631 764791.69 765611.479 1.89346210155 1.89549172534 1.89631755234 1.89346210155 1.89549172534 1.89631755234
48656 16384 840513.649 840643.101 840922.213 1.89596586147 1.89659536384 1.89688746863 1.89596586147 1.89659536384 1.89688746863
53520 16384 924971.522 925483.141 925775.102 1.8943513994 1.89494900804 1.89599713968 1.8943513994 1.89494900804 1.89599713968
58864 16384 1016898.734 1017053.03 1017903.71 1.89492928756 1.89651423781 1.89680199956 1.89492928756 1.89651423781 1.89680199956
64736 16384 1119690.149 1119774.44 1119821.229 1.89429276126 1.89437191297 1.89451452252 1.89429276126 1.89437191297 1.89451452252
71200 8192 616609.736 616742.193 616783.363 1.89132987363 1.89145612744 1.89186244052 1.89132987363 1.89145612744 1.89186244052
78320 8192 678809.893 679449.142 688402.547 1.86401820503 1.88858120598 1.89035972108 1.86401820503 1.88858120598 1.89035972108
86144 8192 746411.273 747386.905 747415.139 1.88835256654 1.88842390274 1.89089225612 1.88835256654 1.88842390274 1.89089225612
94752 8192 821601.303 821711.886 830677.973 1.86885510205 1.8892470639 1.88950134613 1.86885510205 1.8892470639 1.88950134613
104224 8192 903453.008 904338.876 904359.062 1.88819473122 1.88823687814 1.89008836196 1.88819473122 1.88823687814 1.89008836196
114640 8192 993575.397 994236.321 994290.009 1.88904820827 1.88915021542 1.89040687367 1.88904820827 1.88915021542 1.89040687367
126096 8192 1092763.738 1093607.009 1093903.226 1.88861026725 1.88912182073 1.89057963049 1.88861026725 1.88912182073 1.89057963049
138704 4096 600841.661 601655.734 601730.991 1.88832415979 1.88856035734 1.89111914462 1.88832415979 1.88856035734 1.89111914462
152560 4096 662454.615 662735.344 671128.046 1.86219534029 1.88577768081 1.88657681855 1.86219534029 1.88577768081 1.88657681855
167808 4096 727395.396 727836.489 728473.387 1.88707392821 1.88872522438 1.88987054848 1.88707392821 1.88872522438 1.88987054848
184576 4096 800343.63 800349.251 801682.804 1.88609083849 1.88923346915 1.88924673768 1.88609083849 1.88923346915 1.88924673768
203024 4096 880403.785 881566.231 881608.569 1.88652046552 1.88661106734 1.88910206469 1.88652046552 1.88661106734 1.88910206469
223312 4096 969036.481 969808.231 969979.992 1.88598931843 1.88632334262 1.88782562872 1.88598931843 1.88632334262 1.88782562872
245632 4096 1064637.352 1066232.891 1077468.688 1.86754136469 1.88722122623 1.89004954619 1.86754136469 1.88722122623 1.89004954619
270192 2048 586466.874 586964.155 587071.251 1.88513137054 1.88547532685 1.88707407198 1.88513137054 1.88547532685 1.88707407198
297200 2048 644295.593 645559.458 645969.42 1.88450282987 1.88569958183 1.88939861335 1.88450282987 1.88569958183 1.88939861335
326912 2048 710455.058 710527.112 710750.333 1.88396894075 1.88456081321 1.88475194444 1.88396894075 1.88456081321 1.88475194444
359600 2048 781024.251 781543.054 782437.461 1.88247837484 1.88463270508 1.8858845908 1.88247837484 1.88463270508 1.8858845908
395552 2048 858300.51 860191.063 860224.729 1.88343921929 1.88351293299 1.88766169089 1.88343921929 1.88351293299 1.88766169089
435104 2048 944215.281 945558.286 945835.603 1.88424497698 1.88479759565 1.8874784383 1.88424497698 1.88479759565 1.8874784383
478608 2048 1039345.161 1039727.2 1042017.306 1.88132995173 1.88547377427 1.88616683039 1.88132995173 1.88547377427 1.88616683039
526464 1024 571235.477 571773.027 572305.132 1.88395702172 1.88571027503 1.88748478589 1.88395702172 1.88571027503 1.88748478589
579104 1024 628882.485 629135.915 629667.329 1.88354220932 1.88513318621 1.88589286598 1.88354220932 1.88513318621 1.88589286598
637008 1024 692400.921 692595.646 704585.256 1.85157491289 1.88362775818 1.88415749378 1.85157491289 1.88362775818 1.88415749378
700704 1024 760102.362 760808.907 763121.9 1.88048828372 1.88620529912 1.88795860103 1.88048828372 1.88620529912 1.88795860103
770768 1024 836099.815 837136.833 845475.726 1.86703510871 1.88563303127 1.88797178959 1.86703510871 1.88563303127 1.88797178959
847840 1024 919856.394 920556.051 920751.192 1.88582576388 1.88622552436 1.88766021667 1.88582576388 1.88622552436 1.88766021667
932624 1024 1011958.017 1012765.555 1013793.931 1.8840258297 1.88593889531 1.88744386616 1.8840258297 1.88593889531 1.88744386616
1025872 1024 1113968.28 1114154.016 1136020.741 1.84942561361 1.88572300223 1.88603741572 1.84942561361 1.88572300223 1.88603741572
1128448 512 612677.362 613081.823 613559.347 1.88332352469 1.8847904287 1.88603467938 1.88332352469 1.8847904287 1.88603467938
1241280 512 674738.487 675229.065 683698.279 1.85911060338 1.88242892062 1.88379756675 1.85911060338 1.88242892062 1.88379756675
1365408 512 741144.694 741508.47 741759.141 1.88494851592 1.88558573309 1.88651123501 1.88494851592 1.88558573309 1.88651123501
1501936 512 815014.127 815035.735 815341.508 1.88630463298 1.88701230873 1.887062338 1.88630463298 1.88701230873 1.887062338
1652128 512 896794.877 896820.114 897050.711 1.88593470944 1.88641963487 1.88647272123 1.88593470944 1.88641963487 1.88647272123
1817328 512 986984.828 987568.975 987608.878 1.88429236862 1.88436850398 1.88548376754 1.88429236862 1.88436850398 1.88548376754
1999056 512 1084751.2 1086919.863 1093894.318 1.87132642552 1.88333419388 1.88709940491 1.87132642552 1.88333419388 1.88709940491
2198960 256 597241.988 597585.135 598251.135 1.88193127289 1.88402865811 1.88511113187 1.88193127289 1.88402865811 1.88511113187
2418848 256 656519.893 656941.111 657473.719 1.88364970372 1.88517685263 1.88638636727 1.88364970372 1.88517685263 1.88638636727
2660720 256 722316.506 722820.934 734526.432 1.85464890118 1.88468343392 1.88599959808 1.85464890118 1.88468343392 1.88599959808
2926784 256 794592.078 795021.289 795972.538 1.88261948304 1.88487205152 1.88589019384 1.88261948304 1.88487205152 1.88589019384
3219456 256 874421.94 875879.91 876568.144 1.88047156776 1.88194917269 1.88508704619 1.88047156776 1.88194917269 1.88508704619
3541392 256 962348.084 962993.839 963120.714 1.88262247675 1.88287051336 1.8841339575 1.88262247675 1.88287051336 1.8841339575
3895520 256 1058650.69 1059606.015 1068033.648 1.86745637063 1.88230928455 1.88400787799 1.86745637063 1.88230928455 1.88400787799
4285072 128 582090.414 582833.189 591509.444 1.85454085835 1.88214819043 1.88454990087 1.85454085835 1.88214819043 1.88454990087
4713568 128 640342.039 640456.218 641420.695 1.88125113113 1.88408414828 1.88442009818 1.88125113113 1.88408414828 1.88442009818
5184912 128 704426.7 705526.221 705938.823 1.88024433386 1.88134392811 1.88428046807 1.88024433386 1.88134392811 1.88428046807
5703392 128 774430.211 775046.413 775464.702 1.88283018974 1.88384634457 1.88534529162 1.88283018974 1.88384634457 1.88534529162
6273728 128 852639.487 852929.47 854083.708 1.88046482207 1.88300958578 1.88364999802 1.88046482207 1.88300958578 1.88364999802
6901088 128 937234.945 937493.986 937794.703 1.88386490385 1.88446918528 1.88499003097 1.88386490385 1.88446918528 1.88499003097
7591184 128 1031401.124 1031428.991 1031523.568 1.88395414733 1.88412689672 1.88417780316 1.88395414733 1.88412689672 1.88417780316
8350288 128 1134083.006 1134790.906 1144212.017 1.86824967422 1.88376000962 1.88493586156 1.86824967422 1.88376000962 1.88493586156
9185312 64 623948.499 624401.205 624701.068 1.88205206654 1.88295590493 1.88432208409 1.88205206654 1.88295590493 1.88432208409
10103840 64 686713.872 687273.0 688171.218 1.87931649301 1.88177262893 1.88330478345 1.87931649301 1.88177262893 1.88330478345
11114224 64 759411.474 773062.652 781852.19 1.8195519437 1.84023981539 1.87331995987 1.8195519437 1.84023981539 1.87331995987
12225632 64 830677.88 840745.302 841285.666 1.86010645283 1.86130198085 1.88386007823 1.86010645283 1.86130198085 1.88386007823
13448192 64 913334.174 913641.693 913794.838 1.88375826216 1.8840740185 1.88470838495 1.88375826216 1.8840740185 1.88470838495
14793008 64 1003829.516 1004330.904 1005517.763 1.88311444479 1.88533979833 1.8862814789 1.88311444479 1.88533979833 1.8862814789
16272304 64 1105491.261 1106173.471 1106248.179 1.88280979941 1.88293695935 1.88409893907 1.88280979941 1.88293695935 1.88409893907
17899520 32 607483.2 608734.364 609120.294 1.88069465307 1.88188699004 1.88576289846 1.88069465307 1.88188699004 1.88576289846
19689472 32 668881.746 670112.534 672995.237 1.87241474935 1.88046953917 1.88392973128 1.87241474935 1.88046953917 1.88392973128
21658416 32 735579.986 735671.17 747209.263 1.85508758073 1.88418233652 1.88441590362 1.85508758073 1.88418233652 1.88441590362
23824256 32 808592.021 808812.386 810746.438 1.88067725313 1.88517437467 1.88568813988 1.88067725313 1.88517437467 1.88568813988
26206672 32 889291.982 890692.7 890976.927 1.88245840849 1.88305911567 1.8860251098 1.88245840849 1.88305911567 1.8860251098
28827328 32 979328.369 979760.45 979860.282 1.88286945179 1.88306130544 1.88389211464 1.88286945179 1.88306130544 1.88389211464
31710048 32 1076265.818 1078505.498 1095453.051 1.85260616158 1.88171787326 1.88563367716 1.85260616158 1.88171787326 1.88563367716
34881040 16 591732.308 592024.037 593259.172 1.88145979478 1.88538506926 1.88631457994 1.88145979478 1.88538506926 1.88631457994
38369136 16 650942.597 651019.072 651583.476 1.88435157923 1.88598522656 1.88620679866 1.88435157923 1.88598522656 1.88620679866
42206048 16 716189.393 717143.91 717757.295 1.88168555779 1.88329499445 1.88580499684 1.88168555779 1.88329499445 1.88580499684
46426640 16 788008.085 788214.699 796826.953 1.8644606265 1.88483224416 1.88532644307 1.8644606265 1.88483224416 1.88532644307
51069296 16 866527.655 867053.512 869265.027 1.87999910412 1.88479424785 1.88593804545 1.87999910412 1.88479424785 1.88593804545
56176224 16 952905.543 953105.248 954140.891 1.88403954275 1.88608673782 1.88648201409 1.88403954275 1.88608673782 1.88648201409
61793840 16 1048333.67 1049344.604 1049417.84 1.88428555779 1.8844170661 1.88623425593 1.88428555779 1.8844170661 1.88623425593
67973216 8 576821.067 577189.075 577354.182 1.88371625236 1.88425509613 1.88545723834 1.88371625236 1.88425509613 1.88545723834
74770528 8 634360.748 634555.561 634926.807 1.88419898925 1.8853013377 1.88588031616 1.88419898925 1.8853013377 1.88588031616
82247568 8 697815.552 698060.539 698648.469 1.88358115188 1.88516756711 1.88582940611 1.88358115188 1.88516756711 1.88582940611
90472320 8 767464.5 767484.522 768608.234 1.88334844198 1.88610594547 1.88615515115 1.88334844198 1.88610594547 1.88615515115
99519552 8 844321.145 846904.979 868960.708 1.83243363865 1.88015523758 1.88590898313 1.83243363865 1.88015523758 1.88590898313
109471504 8 929706.051 930397.362 931732.023 1.87987964432 1.88257634376 1.88397619023 1.87987964432 1.88257634376 1.88397619023
120418640 8 1022207.527 1031602.331 1048333.908 1.83786694802 1.86767534553 1.88484059167 1.83786694802 1.86767534553 1.88484059167
132460496 8 1126339.425 1127165.684 1151061.712 1.84122876637 1.88026300488 1.88164232642 1.84122876637 1.88026300488 1.88164232642
145706544 4 618490.543 619294.589 628208.671 1.85551776951 1.88222595951 1.8846728785 1.85551776951 1.88222595951 1.8846728785
160277184 4 679962.434 680484.358 681446.412 1.88161159766 1.88427177925 1.88571810424 1.88161159766 1.88427177925 1.88571810424
176304896 4 747814.446 747968.302 748043.68 1.88550375561 1.88569377102 1.88608173531 1.88550375561 1.88569377102 1.88608173531
193935376 4 822339.517 823443.98 824343.598 1.88208292242 1.88413911047 1.88666964912 1.88208292242 1.88413911047 1.88666964912
213328912 4 905030.557 905608.424 907203.924 1.88119919993 1.88451349476 1.88571676702 1.88119919993 1.88451349476 1.88571676702
234661792 4 995685.03 996609.903 996866.322 1.88319566482 1.88368019458 1.8854299095 1.88319566482 1.88368019458 1.8854299095
258127968 4 1095329.867 1096641.137 1097359.153 1.88181211079 1.88304421048 1.88529848972 1.88181211079 1.88304421048 1.88529848972
283940752 2 602394.779 602467.655 602861.638 1.88395302738 1.8851850362 1.8854131005 1.88395302738 1.8851850362 1.8854131005
312334816 2 663636.65 664789.07 672354.379 1.85815591156 1.87930175206 1.88256520191 1.85815591156 1.87930175206 1.88256520191
343568288 2 728306.894 728375.642 729289.445 1.88440016707 1.88676429133 1.88694239107 1.88440016707 1.88676429133 1.88694239107
377925104 2 801623.163 801936.678 802465.607 1.8838195716 1.8850620722 1.8857993204 1.8838195716 1.8850620722 1.8857993204
415717600 2 881881.356 882386.923 883383.212 1.88238850072 1.88451387555 1.88559423406 1.88238850072 1.88451387555 1.88559423406
457289360 2 969696.311 970270.143 970399.14 1.88495369029 1.88520429408 1.88631989134 1.88495369029 1.88520429408 1.88631989134
503018288 2 1067067.967 1067963.781 1069771.035 1.88084467252 1.88402751835 1.88560917788 1.88084467252 1.88402751835 1.88560917788
553320112 1 593733.51 594396.041 594911.831 1.86017518283 1.86178935872 1.86386687859 1.86017518283 1.86178935872 1.86386687859
608652112 1 645783.996 646688.918 647015.655 1.88141386471 1.88236444157 1.88500215481 1.88141386471 1.88236444157 1.88500215481
669517312 1 709966.426 710969.083 711633.612 1.88163487702 1.88339360461 1.88605344558 1.88163487702 1.88339360461 1.88605344558
736469040 1 781206.927 781793.678 781800.903 1.88403220609 1.8840496175 1.88546469455 1.88403220609 1.8840496175 1.88546469455
810115936 1 858714.133 859937.222 868492.622 1.86556780214 1.88412808581 1.88681169872 1.86556780214 1.88412808581 1.88681169872
891127520 1 944521.169 944622.607 944817.502 1.88634846013 1.88673765247 1.88694028095 1.88634846013 1.88673765247 1.88694028095
980240272 1 1039933.951 1040672.704 1041415.029 1.88251608572 1.88385890825 1.88519717249 1.88251608572 1.88385890825 1.88519717249

META_DATA
ERT_VERSION  1.1.0
TIMESTAMP_DATA  1535283297.4
UNAME  ('Linux', 'atajo-Inspiron-15-7568', '4.15.0-33-generic', '#36-Ubuntu SMP Wed Aug 15 16:00:05 UTC 2018', 'x86_64', 'x86_64')
HOSTNAME  ('atajo-Inspiron-15-7568', [], ['127.0.1.1'])
TIMESTAMP_DATA  1535283007.22
MPI_PROCS      2
FLOPS          16
CONFIG  {'ERT_WORKING_SET_MIN': ['1'], 'ERT_CFLAGS': [], 'ERT_CC': ['mpicc'], 'ERT_MPI_CFLAGS': ['-I/usr/include/mpi'], 'ERT_MPI_LDFLAGS': ['-lmpi'], 'ERT_MEMORY_MAX': ['1073741824'], 'ERT_PROCS_THREADS': ['1-4'], 'ERT_LDFLAGS': [], 'ERT_LDLIBS': [], 'ERT_RUN': ['export', 'OMP_NUM_THREADS=ERT_OPENMP_THREADS;', 'mpirun', '-np', 'ERT_MPI_PROCS', 'ERT_CODE'], 'ERT_FLOPS': ['1,2,4,8,16'], 'ERT_OPENMP_CFLAGS': ['-fopenmp'], 'ERT_MPI': ['True'], 'ERT_TRIALS_MIN': ['1'], 'ERT_DRIVER': ['driver1'], 'ERT_RESULTS': ['Results/myLaptop'], 'ERT_OPENMP': ['False'], 'ERT_MPI_PROCS': ['1,2,4,8'], 'ERT_KERNEL': ['kernel1'], 'ERT_GPU': [False], 'ERT_OPENMP_THREADS': ['1,2,4,8'], 'ERT_LD': ['mpicc'], 'ERT_NUM_EXPERIMENTS': ['3'], 'ERT_OPENMP_LDFLAGS': ['-fopenmp'], 'ERT_ALIGN': ['64'], 'ERT_GNUPLOT': ['gnuplot']}
TIMESTAMP_DATA  1535282718.05
