32 33554432 375202.862 375797.298 406789.709 5.27910023407 5.71447335952 5.72352683173 1.31977505852 1.42861833988 1.43088170793
64 16777216 302258.576 303900.407 304915.259 7.04288678449 7.0664059624 7.1047898009 1.76072169612 1.7666014906 1.77619745023
96 8388608 216533.718 216613.191 217925.059 7.39067247884 7.43543238786 7.43816136755 1.84766811971 1.85885809697 1.85954034189
128 8388608 279996.127 280575.627 289979.256 7.40564576109 7.65384959115 7.6696905454 1.85141144027 1.91346239779 1.91742263635
160 4194304 171917.124 172057.501 177792.75 7.54911142327 7.80074842538 7.80711803904 1.88727785582 1.95018710634 1.95177950976
192 4194304 203778.841 203957.859 211878.819 7.60157501161 7.89679173873 7.90372900394 1.9003937529 1.97419793468 1.97593225098
224 4194304 235568.537 236075.025 245220.688 7.66268216326 7.95953825272 7.9766517886 1.91567054082 1.98988456318 1.99416294715
256 4194304 267279.315 267307.485 282618.416 7.598526941 8.03375800719 8.03460472802 1.89963173525 2.0084395018 2.008651182
288 2097152 149599.96 150978.119 158964.75 7.59891455181 8.00089151992 8.07459809481 1.89972863795 2.00022287998 2.0186495237
320 2097152 165395.476 165469.597 179590.35 7.47354899637 8.11132258937 8.1149576304 1.86838724909 2.02783064734 2.0287394076
352 2097152 181223.034 181307.924 195351.106 7.55764857559 8.14302527671 8.1468397003 1.8894121439 2.03575631918 2.03670992507
384 2097152 197930.096 199847.657 211487.821 7.61562877893 8.05920249543 8.13728062861 1.90390719473 2.01480062386 2.03432015715
416 2097152 213119.815 213459.762 227285.445 7.67682446186 8.17404857783 8.18708698673 1.91920611546 2.04351214446 2.04677174668
448 2097152 229034.053 237252.341 244201.833 7.69465228379 7.92004067939 8.20423062591 1.92366307095 1.98001016985 2.05105765648
480 2097152 245060.65 245764.501 259394.773 7.76139741258 8.19184996941 8.21537819311 1.94034935315 2.04796249235 2.05384454828
512 2097152 261552.772 263881.207 275790.286 7.78665441465 8.13806967315 8.21051763886 1.94666360366 2.03451741829 2.05262940972
544 1048576 140168.181 145630.084 185827.736 6.13929175782 7.8338943209 8.13915597578 1.53482293946 1.95847358023 2.03478899394
576 1048576 146525.07 149005.199 153846.914 7.85169829276 8.10682821879 8.24404691975 1.96292457319 2.0267070547 2.06101172994
608 1048576 163560.231 166044.087 170064.523 7.49755677144 7.67909558863 7.79571175832 1.87438919286 1.91977389716 1.94892793958
640 1048576 170211.549 175290.273 177057.161 7.58047442091 7.65688396184 7.88534789728 1.89511860523 1.91422099046 1.97133697432
704 1048576 178110.606 185421.945 185860.362 7.94357114187 7.96235315081 8.28920321567 1.98589278547 1.9905882877 2.07230080392
768 1048576 194502.302 201241.738 203998.294 7.89522649635 8.00337321674 8.28068726919 1.97380662409 2.00084330419 2.0701718173
832 1048576 209826.283 217393.768 217460.464 8.02366752974 8.02612917588 8.31559535371 2.00591688244 2.00653229397 2.07889883843
896 1048576 225903.68 233006.487 233845.809 8.03541530223 8.06435999355 8.31791758328 2.00885382556 2.01608999839 2.07947939582
960 1048576 243236.798 250586.62 268078.852 7.50997665418 8.03421156325 8.27697920937 1.87749416355 2.00855289081 2.06924480234
1056 524288 137516.363 141050.322 141199.955 7.84204397232 7.85036319166 8.05210545017 1.96051099308 1.96259079791 2.01302636254
1152 524288 145781.06 148720.113 149234.029 8.09439750501 8.12236843849 8.2861213384 2.02359937625 2.03059210962 2.0715303346
1248 524288 157190.547 160783.629 201135.915 6.50616200493 8.1390304233 8.32507344096 1.62654050123 2.03475760583 2.08126836024
1344 524288 173271.35 176639.84 176845.833 7.96900961755 7.9783028789 8.13340545913 1.99225240439 1.99457571972 2.03335136478
1472 524288 187284.751 188557.52 188670.514 8.18094910156 8.18585157463 8.24148182785 2.04523727539 2.04646289366 2.06037045696
1600 524288 201169.824 204363.347 205512.235 8.1636093345 8.20950343899 8.33982734906 2.04090233363 2.05237585975 2.08495683726
1760 524288 223562.383 224274.164 228532.242 8.07541966004 8.22873989177 8.25493866739 2.01885491501 2.05718497294 2.06373466685
1920 524288 244153.223 245622.328 247239.509 8.1429781516 8.19659163885 8.24591170767 2.0357445379 2.04914790971 2.06147792692
2112 262144 134700.299 135146.643 135285.816 8.18486585467 8.19329456818 8.22044393532 2.04621646367 2.04832364205 2.05511098383
2304 262144 146199.941 147096.895 172480.618 7.00345097326 8.21199898203 8.262380571 1.75086274331 2.05299974551 2.06559514275
2528 262144 162207.762 162377.422 163044.839 8.12905254854 8.16246524717 8.17100271687 2.03226313714 2.04061631179 2.04275067922
2752 262144 176191.469 176576.714 176974.261 8.15282724079 8.17118261698 8.1890490169 2.0382068102 2.04279565424 2.04726225422
3008 262144 192062.402 192759.948 192823.165 8.1787803037 8.18146259305 8.2111766154 2.04469507593 2.04536564826 2.05279415385
3296 262144 209739.579 210617.746 210780.507 8.19835416754 8.2046896846 8.23904222674 2.04958854189 2.05117242115 2.05976055669
3616 262144 229666.384 230536.717 233549.269 8.11745382941 8.22352913094 8.25469263277 2.02936345735 2.05588228273 2.06367315819
3968 262144 251460.443 257572.856 281139.393 7.39979823461 8.07684014654 8.273169168 1.84994955865 2.01921003664 2.068292292
4352 131072 137762.853 138364.521 139489.915 8.17873240513 8.24525448977 8.2812649648 2.04468310128 2.06131362244 2.0703162412
4768 131072 150553.074 151109.711 156139.671 8.00502898459 8.27149085078 8.30207287564 2.00125724615 2.06787271269 2.07551821891
5216 131072 164434.457 164542.264 164914.674 8.2912155167 8.30998110005 8.31542931419 2.07280387917 2.07749527501 2.07885732855
5728 131072 180783.482 180790.135 185076.588 8.11318626643 8.30554627331 8.30585192512 2.02829656661 2.07638656833 2.07646298128
6272 131072 197190.303 197812.649 198265.297 8.29276324641 8.31173929631 8.33797171051 2.0731908116 2.07793482408 2.08449292763
6880 131072 216194.327 216496.734 216638.168 8.32517527567 8.33061398515 8.34226663126 2.08129381892 2.08265349629 2.08556665782
7552 131072 237995.408 238936.311 243390.023 8.13390566958 8.28551960024 8.31827598959 2.0334764174 2.07137990006 2.0795689974
8288 65536 130043.89 130138.234 130221.461 8.34213291464 8.34746793936 8.35352384491 2.08553322866 2.08686698484 2.08838096123
9088 65536 142409.378 142559.788 142670.33 8.34919451017 8.35566854238 8.36449363609 2.08729862754 2.0889171356 2.09112340902
9984 65536 156606.963 156668.295 163292.907 8.01396014096 8.35282497968 8.35609619733 2.00349003524 2.08820624492 2.08902404933
10976 65536 172008.326 172561.958 177598.802 8.10054040792 8.3369839371 8.3638176445 2.02513510198 2.08424598427 2.09095441113
12064 65536 188789.804 188796.456 188991.858 8.36677635076 8.37543586094 8.37573096903 2.09169408769 2.09385896523 2.09393274226
13248 65536 207823.206 209734.145 213304.611 8.14066722636 8.27925207886 8.35537998581 2.03516680659 2.06981301972 2.08884499645
14560 65536 227391.186 227563.802 227597.346 8.38502009597 8.3862560883 8.39262221888 2.09625502399 2.09656402208 2.09815555472
16000 65536 250387.549 251177.402 251329.029 8.34424900436 8.34928613522 8.37562414096 2.08606225109 2.08732153381 2.09390603524
17600 32768 137505.084 137598.875 162236.789 7.1095687181 8.38258016281 8.3882978465 1.77739217953 2.0956450407 2.09707446162
19360 32768 151262.037 151315.702 151483.672 8.37566810501 8.38496562637 8.38794045858 2.09391702625 2.09624140659 2.09698511465
21280 32768 166375.174 166497.833 166603.799 8.37079399372 8.37612150784 8.38229674819 2.09269849843 2.09403037696 2.09557418705
23392 32768 182622.415 182838.628 183643.078 8.34781320753 8.38454176105 8.39446851034 2.08695330188 2.09613544026 2.09861712759
25728 32768 201008.66 201341.133 201635.679 8.3621619763 8.37439515154 8.38824659594 2.09054049408 2.09359878788 2.09706164899
28288 32768 221341.253 222174.234 225827.583 8.20928224698 8.34427257663 8.37567485895 2.05232056174 2.08606814416 2.09391871474
31104 32768 242704.6 243000.795 249016.588 8.18592753347 8.38858055588 8.39881792104 2.04648188337 2.09714513897 2.09970448026
34208 16384 134813.598 136268.717 136405.376 8.2176214521 8.22586260939 8.31464897183 2.05440536303 2.05646565235 2.07866224296
37600 16384 146908.929 146934.241 147214.026 8.36928948604 8.38522587802 8.38667062912 2.09232237151 2.0963064695 2.09666765728
41344 16384 161651.831 161744.954 161960.316 8.3647662925 8.3759039061 8.38072902496 2.09119157313 2.09397597652 2.09518225624
45472 16384 177539.509 177709.269 178091.859 8.36661767903 8.3846301568 8.39264738532 2.09165441976 2.0961575392 2.09816184633
50016 16384 195116.734 195602.924 195967.246 8.36325621477 8.37883327347 8.39971156959 2.09081405369 2.09470831837 2.0999278924
55008 16384 214740.123 214970.151 215155.805 8.37765982656 8.38489499875 8.39387683502 2.09441495664 2.09622374969 2.09846920876
60480 16384 236475.653 236568.833 236675.253 8.37353552972 8.37730234735 8.38060330887 2.09338388243 2.09432558684 2.09515082722
66528 8192 129993.955 130031.539 130176.632 8.37319828646 8.38254134637 8.38496491625 2.09329957162 2.09563533659 2.09624122906
73152 8192 143291.263 143297.068 143564.67 8.34830998462 8.36390014623 8.36423898364 2.08707749616 2.09097503656 2.09105974591
80448 8192 157281.212 157743.83 158126.358 8.33548592829 8.35569944004 8.38027641852 2.08387148207 2.08892486001 2.09506910463
88480 8192 172998.785 173029.279 174081.326 8.32746597989 8.37809836796 8.37957515135 2.08186649497 2.09452459199 2.09489378784
97312 8192 190354.094 190421.391 193121.243 8.25574537132 8.37279782291 8.37575790726 2.06393634283 2.09319945573 2.09393947682
107040 8192 209764.983 209967.28 210284.265 8.33986965216 8.35246025 8.36051534874 2.08496741304 2.0881150625 2.09012883719
117728 8192 230163.569 230243.795 230274.233 8.37634122963 8.37744857359 8.38036862385 2.09408530741 2.0943621434 2.09509215596
129472 8192 252888.357 253307.62 253727.667 8.36041758111 8.37428123165 8.3881649324 2.09010439528 2.09357030791 2.0970412331
142400 4096 139266.627 139308.954 140266.354 8.31661169435 8.37376756127 8.37631258205 2.07915292359 2.09344189032 2.09407814551
156640 4096 153038.139 153292.19 153769.792 8.34490873214 8.37090839396 8.38480452249 2.08622718303 2.09272709849 2.09620113062
172288 4096 168336.635 168715.392 168964.598 8.3531302575 8.36546849264 8.38429077545 2.08828256437 2.09136712316 2.09607269386
189504 4096 185079.245 185375.284 185486.986 8.36941071435 8.3744538889 8.38784904272 2.09235267859 2.09361347223 2.09696226068
208448 4096 203770.101 203796.87 204162.392 8.36395968558 8.37896095264 8.3800616853 2.0909899214 2.09474023816 2.09501542133
229280 4096 223980.931 224137.416 224671.465 8.36003699891 8.37995633893 8.38581102246 2.09000924973 2.09498908473 2.09645275561
252192 4096 246394.066 246509.876 252322.493 8.18776336361 8.38082797137 8.38476712341 2.0469408409 2.09520699284 2.09619178085
277408 2048 135994.064 136117.77 136167.142 8.34462081902 8.3476475408 8.35524091699 2.08615520476 2.0869118852 2.08881022925
305120 2048 149013.384 149099.602 149881.921 8.33837404579 8.38212512465 8.3869749579 2.08459351145 2.09553128116 2.09674373948
335616 2048 164118.312 164153.643 164283.31 8.36775894033 8.37436873698 8.37617155117 2.09193973508 2.09359218424 2.09404288779
369152 2048 180893.442 180913.791 181259.55 8.3418864937 8.35782934868 8.35876953461 2.08547162343 2.08945733717 2.08969238365
406048 2048 198396.653 198577.012 198651.742 8.37230316359 8.37545389191 8.38306787363 2.0930757909 2.09386347298 2.09576696841
446624 2048 218451.957 218530.115 218945.914 8.35535987212 8.37125768226 8.37425276076 2.08883996803 2.09281442057 2.09356319019
491264 2048 240144.539 240237.641 240776.57 8.3571974798 8.37594531658 8.3791925995 2.08929936995 2.09398632914 2.09479814988
540384 1024 132132.734 132134.308 132215.501 8.37047413979 8.37561757239 8.37571734495 2.09261853495 2.0939043931 2.09392933624
594400 1024 145493.912 145758.744 171957.571 7.07925328859 8.35168557709 8.36688754372 1.76981332215 2.08792139427 2.09172188593
653824 1024 159894.546 160995.419 211355.407 6.33544971007 8.31720281432 8.37446670633 1.58386242752 2.07930070358 2.09361667658
719200 1024 175886.898 175931.671 178843.462 8.23581462542 8.37212306134 8.3742542324 2.05895365635 2.09303076534 2.0935635581
791104 1024 193549.621 196149.674 196284.84 8.25423395918 8.25992192065 8.37088175957 2.06355848979 2.06498048016 2.09272043989
870208 1024 212805.395 212846.041 212851.578 8.37290472895 8.3731225426 8.37472181568 2.09322618224 2.09328063565 2.09368045392
957216 1024 234174.139 234204.939 235219.802 8.33424036298 8.37035451246 8.37145543215 2.08356009074 2.09258862812 2.09286385804
1052928 512 128847.616 129082.095 129371.446 8.3341286299 8.35281044981 8.36801103095 2.08353215747 2.08820261245 2.09200275774
1158208 512 141678.673 141761.162 141799.944 8.36393131439 8.36621945861 8.37109048869 2.0909828286 2.09155486465 2.09277262217
1274016 512 155921.361 155941.617 156641.046 8.32854744854 8.36590263137 8.36698945951 2.08213686214 2.09147565784 2.09174736488
1401408 512 171538.099 172003.387 172045.05 8.34108154812 8.34310194136 8.36573216309 2.08527038703 2.08577548534 2.09143304077
1541536 512 188528.782 188585.521 188666.594 8.36678518721 8.37038207191 8.37290119447 2.0916962968 2.09259551798 2.09322529862
1695680 512 207531.929 208119.478 209681.472 8.28101931677 8.34317064739 8.36679121312 2.07025482919 2.08579266185 2.09169780328
1865248 512 228285.071 228351.277 228662.236 8.35299254224 8.36436729014 8.36679307864 2.08824813556 2.09109182253 2.09169826966
2051744 512 252354.996 253758.272 253803.911 8.27798849798 8.27947731296 8.32551718532 2.06949712449 2.06986932824 2.08137929633
2256896 256 138175.586 138288.299 138542.459 8.34062539629 8.3559546278 8.36277077197 2.08515634907 2.08898865695 2.09069269299
2482560 256 151949.494 152036.486 152054.423 8.35931434892 8.36030056627 8.36508688867 2.08982858723 2.09007514157 2.09127172217
2730816 256 167283.227 167365.543 177974.633 7.85605099127 8.35403612319 8.35814694082 1.96401274782 2.0885090308 2.0895367352
3003872 256 184538.718 184736.866 184937.044 8.31624876626 8.32526012431 8.33419935214 2.07906219156 2.08131503108 2.08354983803
3304256 256 202994.333 203162.945 203619.146 8.30854615214 8.32720293556 8.33411971161 2.07713653803 2.08180073389 2.0835299279
3634656 256 223351.747 224189.44 224438.198 8.29156484316 8.30076506726 8.33189754276 2.07289121079 2.07519126681 2.08297438569
3998112 256 246382.307 246427.249 246591.057 8.30132839732 8.30684655332 8.30836178509 2.07533209933 2.07671163833 2.07709044627
4397920 128 135938.705 135976.851 137257.75 8.20257887077 8.2798469866 8.28217040908 2.05064471769 2.06996174665 2.07054260227
4837696 128 149346.368 150419.704 150442.461 8.23205209332 8.23329752065 8.29246932875 2.05801302333 2.05832438016 2.07311733219
5321440 128 164483.862 164943.701 165941.897 8.20943152168 8.25911284724 8.28220242056 2.05235788042 2.06477821181 2.07055060514
5853568 128 180736.578 180926.622 184236.811 8.13362649878 8.28243732976 8.29114628916 2.03340662469 2.07060933244 2.07278657229
6438912 128 198603.444 199069.529 199337.044 8.26921799844 8.28033039652 8.29976277753 2.06730449961 2.07008259913 2.07494069438
7082784 128 218154.76 218250.047 218814.11 8.28645238646 8.30786856142 8.31149732419 2.07161309661 2.07696714036 2.07787433105
7791040 128 240463.99 240959.385 241160.963 8.27043570895 8.27735445955 8.29440715843 2.06760892724 2.06933861489 2.07360178961
8570144 64 132009.407 132159.06 132442.022 8.2827067681 8.3004406357 8.30985046391 2.07067669202 2.07511015893 2.07746261598
9427136 64 145159.506 145212.221 145508.798 8.29278658463 8.30972351838 8.3127412131 2.07319664616 2.0774308796 2.07818530328
10369824 64 159764.234 160109.126 160220.134 8.28446112771 8.29020496933 8.30810149911 2.07111528193 2.07255124233 2.07702537478
11406784 64 175611.393 175660.251 175913.273 8.29993284248 8.31188811178 8.31420061681 2.07498321062 2.07797202795 2.0785501542
12547456 64 193055.72 193093.721 199982.841 8.03106086487 8.31758981951 8.3192270501 2.00776521622 2.07939745488 2.07980676252
13802176 64 213037.946 216624.004 219122.171 8.06252749294 8.15550675538 8.29278802754 2.01563187323 2.03887668885 2.07319700688
15182368 64 233539.248 237316.287 244430.659 7.9504883387 8.18883157396 8.32126985354 1.98762208467 2.04720789349 2.08031746338
16700576 64 258458.79 261267.113 263623.544 8.10881188973 8.1819472166 8.27084939924 2.02720297243 2.04548680415 2.06771234981
18370624 32 143863.567 144967.716 145986.57 8.05361709642 8.11021907802 8.17246479089 2.01340427411 2.0275547695 2.04311619772
20207680 32 157156.131 160213.494 160495.855 8.05809919515 8.0723008263 8.22934181295 2.01452479879 2.01807520657 2.05733545324
22228448 32 173390.186 176534.969 176861.761 8.0436871371 8.05857717629 8.20473583205 2.01092178427 2.01464429407 2.05118395801
24451264 32 190590.027 193807.867 195890.102 7.98856542532 8.07439305856 8.21071763634 1.99714135633 2.01859826464 2.05267940909
26896384 32 209587.122 212762.558 213429.506 8.06527929648 8.09056157334 8.21314095815 2.01631982412 2.02264039333 2.05328523954
29586016 32 232131.435 233413.774 239402.43 7.9092974286 8.11222487667 8.15703837785 1.97732435715 2.02805621917 2.03925959446
32544608 32 254124.431 256509.004 257499.552 8.0887710127 8.12000701543 8.19620098628 2.02219275317 2.03000175386 2.04905024657
35799040 16 139365.54 139885.351 142994.775 8.01126670537 8.18934414369 8.21988907731 2.00281667634 2.04733603592 2.05497226933
39378944 16 154335.42 155283.568 155421.087 8.10782006691 8.11500034569 8.16485423761 2.02695501673 2.02875008642 2.0412135594
43316832 16 168813.223 171750.188 173127.304 8.006470337 8.070667288 8.2110784888 2.00161758425 2.017666822 2.0527696222
47648512 16 185779.446 186836.82 189562.675 8.04352641679 8.16087741164 8.20732549714 2.0108816042 2.04021935291 2.05183137428
52413344 16 203958.851 204960.647 207762.367 8.07281430328 8.18316604943 8.22335975995 2.01820357582 2.04579151236 2.05583993999
57654656 16 225445.042 226932.807 263429.469 7.00357860115 8.12993509572 8.18358645474 1.75089465029 2.03248377393 2.04589661369
63420096 16 247214.437 249306.648 250918.223 8.08806569621 8.14034879647 8.20924172806 2.02201642405 2.03508719912 2.05231043202
69762080 8 137446.558 137556.83 138356.642 8.06750773844 8.11441554738 8.12092566189 2.01687693461 2.02860388684 2.03023141547
76738272 8 148287.873 150735.336 152041.669 8.07549903967 8.14548455977 8.2799242255 2.01887475992 2.03637113994 2.06998105637
84412096 8 163382.268 165318.567 166097.174 8.13134566636 8.1696421673 8.2664633839 2.03283641659 2.04241054182 2.06661584597
92853280 8 179976.11 180235.457 183249.702 8.10725727674 8.24284247244 8.25472047373 2.02681431919 2.06071061811 2.06368011843
102138592 8 198323.345 198514.344 243758.602 6.70424534187 8.23223873435 8.24016694555 1.67606133547 2.05805968359 2.06004173639
112352448 8 218629.076 218823.703 222629.635 8.07457267762 8.21501118643 8.22232431701 2.01864316941 2.05375279661 2.05558107925
123587680 8 241604.129 242965.534 245872.141 8.04240314481 8.13861475513 8.18447469497 2.0106007862 2.03465368878 2.04611867374
135946432 4 131121.895 132932.719 135621.337 8.01917662853 8.18136771881 8.29435431817 2.00479415713 2.0453419297 2.07358857954
149541056 4 144809.973 146455.878 148557.343 8.05297418385 8.16852463921 8.26136779958 2.01324354596 2.0421311598 2.06534194989
164495136 4 160752.553 162751.907 162873.944 8.07962928681 8.08568767185 8.18625311661 2.0199073217 2.02142191796 2.04656327915
180944640 4 175880.525 177954.586 179239.633 8.07609955327 8.13441874434 8.23034341068 2.01902488832 2.03360468609 2.05758585267
199039104 4 193261.226 197177.792 234603.725 6.78724445658 8.0755181192 8.23917381131 1.69681111415 2.0188795298 2.05979345283
218943008 4 213287.133 216970.469 217104.174 8.06775858671 8.07273022948 8.21214125467 2.01693964668 2.01818255737 2.05303531367
240837280 4 234698.912 238770.137 239272.412 8.05232088353 8.06925968301 8.20923379483 2.01308022088 2.01731492075 2.05230844871
264920992 4 258986.965 259659.898 260530.655 8.13481214332 8.16209184523 8.1832996344 2.03370303583 2.04052296131 2.0458249086
291413088 2 141510.579 144204.964 144488.447 8.06744328839 8.08330254151 8.23720996859 2.0168608221 2.02082563538 2.05930249215
320554368 2 156645.7 158682.713 160134.715 8.00711745732 8.08038536624 8.18546230123 2.00177936433 2.02009634156 2.04636557531
352609792 2 173231.101 173606.111 174999.381 8.05968089681 8.12436359455 8.14195118462 2.0149202242 2.03109089864 2.03548779616
387870752 2 188228.037 191921.684 192475.958 8.06065871354 8.08393807132 8.24257125946 2.01516467839 2.02098451783 2.06064281486
426657824 2 208815.16 209794.389 211647.468 8.06355640409 8.13478045879 8.17292813415 2.01588910102 2.0336951147 2.04323203354
469323584 2 228981.071 229164.775 232113.575 8.08782655646 8.19189745021 8.19846954074 2.02195663912 2.04797436255 2.04961738519
516255936 2 251597.268 251763.448 255513.739 8.08185012705 8.20223809455 8.20765567295 2.02046253176 2.05055952364 2.05191391824
567881504 1 137196.716 140558.659 140905.31 8.06046988577 8.08034891682 8.27835418451 2.01511747144 2.0200872292 2.06958854613
624669632 1 151177.819 154993.08 193358.016 6.46127473712 8.0606131835 8.26403815232 1.61531868428 2.01515329588 2.06600953808
687136576 1 167123.29 167705.6 170581.702 8.0563925432 8.19455731949 8.22310972935 2.0140981358 2.04863932987 2.05577743234
755850208 1 183625.582 185895.906 187270.929 8.07226420071 8.13197261052 8.23251531478 2.01806605018 2.03299315263 2.05812882869
831435200 1 201999.245 202837.469 205361.282 8.09729265325 8.19804352814 8.23206245152 2.02432316331 2.04951088204 2.05801561288
914578720 1 222391.724 225883.608 226429.218 8.07827477459 8.09778742334 8.22493484515 2.01956869365 2.02444685583 2.05623371129
1006036576 1 244944.289 245950.209 248738.67 8.08910472988 8.18081497137 8.21441136764 2.02227618247 2.04520374284 2.05360284191

META_DATA
ERT_VERSION  1.1.0
TIMESTAMP_DATA  1535278851.88
UNAME  ('Linux', 'atajo-Inspiron-15-7568', '4.15.0-33-generic', '#36-Ubuntu SMP Wed Aug 15 16:00:05 UTC 2018', 'x86_64', 'x86_64')
HOSTNAME  ('atajo-Inspiron-15-7568', [], ['127.0.1.1'])
FLOPS          4
TIMESTAMP_DATA  1535278787.45
MPI_PROCS      4
CONFIG  {'ERT_WORKING_SET_MIN': ['1'], 'ERT_CFLAGS': [], 'ERT_CC': ['mpicc'], 'ERT_MPI_CFLAGS': ['-I/usr/include/mpi'], 'ERT_MPI_LDFLAGS': ['-lmpi'], 'ERT_MEMORY_MAX': ['1073741824'], 'ERT_PROCS_THREADS': ['1-4'], 'ERT_LDFLAGS': [], 'ERT_LDLIBS': [], 'ERT_RUN': ['export', 'OMP_NUM_THREADS=ERT_OPENMP_THREADS;', 'mpirun', '-np', 'ERT_MPI_PROCS', 'ERT_CODE'], 'ERT_FLOPS': ['1,2,4,8,16'], 'ERT_OPENMP_CFLAGS': ['-fopenmp'], 'ERT_MPI': ['True'], 'ERT_TRIALS_MIN': ['1'], 'ERT_DRIVER': ['driver1'], 'ERT_RESULTS': ['Results/myLaptop'], 'ERT_OPENMP': ['False'], 'ERT_MPI_PROCS': ['1,2,4,8'], 'ERT_KERNEL': ['kernel1'], 'ERT_GPU': [False], 'ERT_OPENMP_THREADS': ['1,2,4,8'], 'ERT_LD': ['mpicc'], 'ERT_NUM_EXPERIMENTS': ['3'], 'ERT_OPENMP_LDFLAGS': ['-fopenmp'], 'ERT_ALIGN': ['64'], 'ERT_GNUPLOT': ['gnuplot']}
TIMESTAMP_DATA  1535278723.44
