64 16777216 307578.283 316916.311 335125.544 6.40799749959 6.77618530023 6.98190921366 0.400499843724 0.423511581264 0.436369325854
128 8388608 236483.06 247086.839 269083.263 7.98074032572 8.69121017004 9.080919572 0.498796270357 0.543200635628 0.56755747325
192 4194304 170593.624 175399.288 181899.217 8.85442368892 9.18255002267 9.44122469665 0.553401480557 0.573909376417 0.590076543541
256 4194304 220770.332 220979.349 245121.949 8.76087864331 9.7180286652 9.72722932717 0.547554915207 0.607376791575 0.607951832948
320 2097152 133972.831 136680.795 143371.92 9.36150733003 9.81979421469 10.0182796018 0.585094208127 0.613737138418 0.626142475111
384 2097152 155923.592 156415.136 160550.395 10.0318204511 10.2970388748 10.3294999515 0.626988778196 0.643564929675 0.645593746968
448 2097152 180247.321 182100.126 187865.239 10.00210684 10.3187638212 10.424832844 0.6251316775 0.644922738823 0.651552052749
512 2097152 205439.425 222721.795 243752.919 8.81008382099 9.64200045173 10.4531233379 0.550630238812 0.602625028233 0.653320208621
576 1048576 114675.341 115184.188 130122.737 9.28323196891 10.487199441 10.5337341181 0.580201998057 0.655449965059 0.658358382383
640 1048576 129437.92 132866.07 159477.765 8.41607781499 10.1017308633 10.3692741663 0.526004863437 0.631358178954 0.648079635396
704 1048576 126698.914 145561.022 146833.116 10.0549184559 10.1427908908 11.6527834485 0.628432403491 0.633924430676 0.72829896553
768 1048576 134369.667 155334.401 155718.289 10.3431186301 10.3686802513 11.9864309554 0.64644491438 0.648042515708 0.749151934715
832 1048576 162741.362 163935.687 168214.129 10.3726748423 10.6433839753 10.7214935561 0.648292177645 0.665211498458 0.670093347259
896 1048576 166615.871 172724.592 178549.512 10.5239615105 10.878868899 11.2777263098 0.657747594404 0.679929306187 0.70485789436
960 1048576 176132.195 183959.377 215067.098 9.36110608606 10.9440788115 11.4304254256 0.585069130379 0.684004925718 0.714401589102
1024 1048576 196186.433 198051.374 208505.886 10.299391011 10.8430636184 10.9461373815 0.643711938185 0.677691476152 0.684133586342
1088 524288 94992.901 103672.616 107002.485 10.6619083473 11.0043590296 12.0098520625 0.666369271704 0.687772439349 0.750615753908
1152 524288 102039.581 112077.085 114316.04 10.5668421684 10.7779351328 11.8381469246 0.660427635527 0.673620945798 0.739884182786
1216 524288 124186.192 140323.225 143167.057 8.90615790195 9.08665273336 10.2673928193 0.556634868872 0.567915795835 0.641712051208
1280 524288 123866.249 128258.119 159442.005 8.41796539124 10.464657446 10.8356981085 0.526122836953 0.654041090373 0.677231131783
1408 524288 133840.891 146038.859 149700.949 9.86229558237 10.1096038281 11.0309711551 0.616393473898 0.631850239257 0.689435697197
1536 524288 145142.781 147012.022 171693.467 9.38074560519 10.9556532458 11.0967471128 0.586296600324 0.684728327864 0.693546694548
1664 524288 149053.773 160504.82 171230.494 10.1899517033 10.8708913788 11.7060469445 0.636871981459 0.679430711177 0.731627934034
1792 524288 168419.551 169154.184 193496.656 9.71101119184 11.1084937278 11.1569481147 0.60693819949 0.694280857989 0.697309257166
1920 524288 175664.986 181112.087 181991.939 11.062390626 11.1161322988 11.460826462 0.691399414125 0.694758268674 0.716301653877
2112 262144 109211.804 109305.708 120491.202 9.18985152128 10.1302692811 10.138979629 0.57436572008 0.633141830068 0.633686226811
2304 262144 99199.773 108962.022 129235.286 9.34697936909 11.0860603523 12.1770394777 0.584186210568 0.692878772018 0.761064967356
2496 262144 118855.215 119036.144 170302.771 7.68409603858 10.9934915903 11.0102265853 0.480256002411 0.687093224391 0.688139161584
2688 262144 128857.069 145204.486 149529.967 9.42477399196 9.70552758267 10.9368166988 0.589048374497 0.606595473917 0.683551043676
2944 262144 141834.541 143992.328 147444.708 10.4683572095 10.7193479919 10.882425826 0.654272325596 0.669959249496 0.680151614126
3200 262144 155352.114 159830.323 163614.131 10.2541363007 10.4968917569 10.7994771156 0.640883518796 0.656055734806 0.674967319724
3520 262144 146687.64 161716.491 165671.976 11.1394443681 11.4119082636 12.5811129009 0.696215273004 0.713244266474 0.786319556303
3840 262144 181926.064 187966.641 197579.666 10.1896412761 10.7107618101 11.0663962916 0.636852579759 0.669422613133 0.691649768227
4224 131072 87810.835 91730.8 102673.969 10.7845860717 12.0711501044 12.6100185245 0.674036629479 0.754446881527 0.78812615778
4608 131072 99240.298 110963.827 115238.496 10.4822571791 10.8860660691 12.1720669561 0.655141073691 0.680379129318 0.760754184757
5056 131072 99519.385 125325.568 132551.314 9.9991469266 10.5756557513 13.3180089889 0.624946682913 0.660978484454 0.832375561806
5504 131072 129123.969 135189.612 141404.015 10.2036747401 10.6727177825 11.1740723831 0.637729671254 0.667044861405 0.698379523944
6016 131072 151167.08 154313.856 156455.797 10.0798969053 10.2198100992 10.4325512142 0.629993556583 0.638738131202 0.652034450887
6592 131072 159284.506 159765.237 166464.094 10.3809368524 10.8162030768 10.8488470812 0.648808553273 0.676012692298 0.678052942576
7232 131072 172559.094 186218.027 196685.195 9.63888211311 10.1806760524 10.9865285222 0.60243013207 0.636292253274 0.686658032639
7936 131072 171537.549 190643.857 204373.581 10.179274512 10.9123620175 12.1278098943 0.636204657 0.682022626095 0.757988118392
8704 65536 94643.6 103964.7 117474.272 9.7114940027 10.9734427936 12.0541768065 0.606968375169 0.685840174598 0.753386050404
9536 65536 94936.526 114562.822 117345.514 10.651473153 10.9101938149 13.1656659946 0.665717072065 0.68188711343 0.82285412466
10432 65536 105636.317 122903.363 125404.492 10.903461927 11.1253514194 12.9438733083 0.681466370439 0.695334463712 0.808992081767
11456 65536 139612.362 146161.406 146276.004 10.2652573966 10.2733058821 10.7552140118 0.641578587285 0.642081617633 0.672200875736
12544 65536 148224.557 150180.028 152329.922 10.7934616286 10.9479748399 11.0924073667 0.67459135179 0.684248427494 0.693275460422
13760 65536 162611.546 164045.646 165389.225 10.904886458 10.99420048 11.0911602796 0.681555403624 0.687137530002 0.693197517475
15104 65536 178512.678 178794.379 179618.792 11.0217392398 11.0725599936 11.0900329891 0.68885870249 0.692034999601 0.693127061821
16576 32768 96818.27 99047.325 110363.17 9.84318170636 10.967734222 11.2202452698 0.615198856648 0.685483388875 0.701265329364
18176 32768 106579.006 108812.092 110349.589 10.7946241286 10.9471503957 11.1765194733 0.674664008037 0.684196899734 0.698532467079
19968 32768 104758.473 118184.906 121871.726 10.7377066933 11.0726732566 12.491809116 0.671106668334 0.692042078538 0.78073806975
21952 32768 133975.587 134803.183 152106.219 9.4581686499 10.672198089 10.7381225506 0.591135540618 0.667012380561 0.671132659415
24128 32768 140460.51 141858.829 146442.493 10.7977717096 11.1466633353 11.2576311164 0.674860731851 0.696666458455 0.703601944774
26496 32768 154017.499 154462.297 154480.545 11.2405212967 11.2418492391 11.2743153685 0.702532581044 0.702615577444 0.704644710534
29120 32768 175757.735 177643.19 190449.586 10.0205432844 10.7429298022 10.8581754311 0.626283955272 0.671433112634 0.678635964443
32000 32768 186701.435 187862.119 199273.82 10.5239714881 11.163251065 11.2326506757 0.657748218005 0.697703191563 0.702040667229
35200 16384 98737.969 108870.412 109958.82 10.4896869574 10.5945552957 11.6817634764 0.655605434835 0.662159705981 0.730110217276
38720 16384 111915.944 120431.408 125063.585 10.1450550934 10.5352663485 11.3368740383 0.634065943336 0.658454146779 0.708554627391
42560 16384 123877.599 126847.013 143653.251 9.7081414468 10.994394326 11.2579359889 0.606758840425 0.687149645376 0.703620999306
46784 16384 130505.435 142628.33 147677.653 10.3808401668 10.7483422964 11.7467760021 0.648802510425 0.671771393523 0.73417350013
51456 16384 136680.156 150233.461 160050.864 10.5348397744 11.2232667528 12.3361741554 0.658427485902 0.70145417205 0.771010884711
56576 16384 162304.261 165943.666 176021.017 10.5321648494 11.171757336 11.4222655436 0.658260303086 0.698234833501 0.713891596475
62208 16384 173861.062 186471.54 187480.147 10.8727872077 10.9315970898 11.7244869009 0.679549200481 0.683224818114 0.732780431308
68416 8192 93531.469 103754.855 107578.667 10.4196099028 10.8036172765 11.9844984366 0.651225618923 0.675226079782 0.749031152285
75200 8192 110031.878 110607.868 117802.645 10.458821192 11.1391424704 11.1974531599 0.6536763245 0.6961964044 0.699840822493
82688 8192 106701.914 120408.185 121378.382 11.161461948 11.2513961738 12.696681261 0.697591371749 0.703212260861 0.793542578814
90944 8192 132709.763 145160.921 150291.57 9.91423867619 10.264653088 11.2277082131 0.619639917262 0.641540818 0.701731763322
100032 8192 138988.439 144597.731 151540.187 10.8151132742 11.3343707171 11.7918029715 0.675944579638 0.708398169816 0.736987685717
110016 8192 159755.547 166833.633 171251.049 10.5254954905 10.8041892488 11.2828767317 0.657843468159 0.675261828051 0.705179795729
120960 8192 176350.067 177852.371 177873.133 11.1416974929 11.1429981442 11.2379239414 0.696356093306 0.696437384014 0.702370246335
133056 4096 99877.395 100247.496 111310.153 9.7924108684 10.8730371879 10.9133278056 0.612025679275 0.679564824243 0.682082987847
146304 4096 107265.593 107476.028 107627.559 11.1358315578 11.1515320235 11.1734092404 0.695989472362 0.696970751468 0.698338077523
160896 4096 100153.284 118631.636 121152.709 10.8793277747 11.1105273133 13.1604274903 0.679957985917 0.694407957082 0.822526718145
176960 4096 130523.971 131336.466 133570.455 10.8531210738 11.0377290036 11.1064374528 0.678320067114 0.689858062726 0.694152340799
194624 4096 143496.317 144143.434 156006.077 10.2198570636 11.060925661 11.1108064746 0.638741066478 0.691307853815 0.69442540466
214080 4096 156299.69 157517.471 162940.352 10.7631003522 11.1336434547 11.2203892407 0.672693772013 0.695852715919 0.701274327543
235456 4096 171872.491 174621.697 175542.635 10.9879605715 11.0459100166 11.222596128 0.68674753572 0.690369376035 0.701412257998
258944 4096 189020.206 198099.747 215207.038 9.85687674397 10.7080866085 11.2224470224 0.616054796498 0.669255413032 0.701402938901
284800 2048 96061.59 107060.076 108071.515 10.7941560734 10.896132747 12.1436757397 0.674634754588 0.681008296688 0.758979733731
313280 2048 114836.619 117511.165 118035.445 10.8712673553 10.9197698789 11.1740914281 0.679454209708 0.68248561743 0.698380714256
344576 2048 126700.923 127901.949 129503.548 10.8984141191 11.0348849805 11.1394870896 0.681150882445 0.689680311283 0.696217943101
379008 2048 128701.724 140712.693 141957.324 10.9357990434 11.0325283022 12.0621287715 0.683487440211 0.689533018887 0.753883048218
416896 2048 129834.95 151703.978 159276.533 10.7210144761 11.2561716477 13.1521290377 0.670063404758 0.703510727978 0.822008064855
458560 2048 168519.577 169062.232 172771.167 10.8713843439 11.1098838444 11.1456591183 0.679461521493 0.694367740277 0.696603694893
504384 2048 182425.724 182441.101 185336.715 11.1470458727 11.3239662153 11.3249207332 0.696690367044 0.707747888454 0.707807545826
554816 1024 102438.252 104852.378 105590.546 10.7610312764 10.8367896816 11.0921764655 0.672564454776 0.677299355099 0.693261029093
610240 1024 112059.703 112343.774 112633.548 11.095908299 11.1245285386 11.152729184 0.693494268688 0.695283033664 0.697045574001
671232 1024 111445.138 122830.44 122978.222 11.1782648476 11.1917138455 12.3350660304 0.698641552974 0.699482115345 0.770941626902
738304 1024 135078.809 135095.901 136131.287 11.1072672956 11.1923942977 11.193810511 0.694204205974 0.699524643609 0.699613156939
812096 1024 124781.801 129387.63 154371.386 10.7738399654 12.8541855817 13.328647244 0.673364997837 0.803386598858 0.83304045275
893248 1024 143874.377 160603.245 170104.752 10.7543844748 11.3906285268 12.7150639478 0.672149029676 0.711914282927 0.794691496735
982528 1024 180241.983 181868.68 183585.673 10.9606447558 11.0641224426 11.163976952 0.685040297235 0.691507652665 0.697748559502
1080768 512 100124.738 101805.577 109564.953 10.1009164126 10.8707839454 11.0532766837 0.631307275786 0.679423996585 0.690829792733
1188800 512 104978.957 109560.532 113987.205 10.6795424978 11.1110376865 11.5959544159 0.667471406111 0.694439855403 0.724747150993
1307648 512 110979.644 120325.205 120693.623 11.0944681145 11.1284377367 12.0655599868 0.693404257158 0.695527358545 0.754097499177
1438400 512 110938.055 136956.63 137410.942 10.7190997934 10.7546571495 13.2769733524 0.669943737086 0.672166071843 0.829810834524
1582208 512 143681.618 144877.135 150819.878 10.74248974 11.1831379879 11.2761883848 0.671405608749 0.698946124245 0.70476177405
1740416 512 150545.207 157807.623 166026.253 10.7343624987 11.2934087094 11.8382113886 0.670897656168 0.705838044338 0.739888211785
1914432 512 177000.134 180806.088 187715.246 10.4433625386 10.8424356153 11.0755756151 0.652710158662 0.677652225958 0.692223475944
2105856 256 97256.655 99446.61 104079.842 10.3593380935 10.8419811595 11.086113048 0.647458630846 0.677623822471 0.6928820655
2316416 256 109076.154 110299.504 110824.238 10.7016751336 10.7525868113 10.873183079 0.668854695847 0.672036675704 0.67957394244
2548032 256 116647.304 120909.217 122385.324 10.6597126302 10.7898505703 11.1840766075 0.666232039391 0.674365660643 0.699004787972
2802816 256 122569.498 135412.783 185514.539 7.73546806485 10.5975356256 11.7079845754 0.483466754053 0.662345976598 0.731749035963
3083072 256 123628.066 158071.243 258327.64 6.11058446553 9.98621149579 12.7684021523 0.381911529095 0.624138218487 0.798025134519
3391360 256 156597.68 160928.809 207685.395 8.36060869856 10.7897170854 11.0881356608 0.52253804366 0.674357317837 0.693008478797
3730496 256 175287.328 175841.923 241025.486 7.92453106805 10.8621079627 10.8964747982 0.495283191753 0.678881747671 0.681029674889
4103488 256 194872.642 204952.232 221559.011 9.48273711151 10.251100149 10.7813279198 0.59267106947 0.640693759315 0.673832994988
4513792 128 89634.156 107035.767 107975.75 10.7017617567 10.7957441179 12.8916342114 0.668860109793 0.674734007372 0.805727138213
4965120 128 118632.739 119864.595 120890.137 10.5142632107 10.6042215385 10.7143334185 0.657141450671 0.662763846155 0.669645838658
5461632 128 125168.229 128158.815 140197.356 9.97292553791 10.9097278404 11.1703888692 0.623307846119 0.681857990026 0.698149304325
6007744 128 141802.584 143056.97 145818.918 10.5472080378 10.7508390818 10.8459410302 0.659200502366 0.671927442613 0.67787131439
6608512 128 133194.027 149237.006 165427.281 10.2267235596 11.3361901136 12.7016136542 0.639170222474 0.7085118821 0.793850853387
7269312 128 165911.119 178281.888 183409.222 10.1464029546 10.4382104816 11.2165108838 0.634150184662 0.6523881551 0.701031930235
7996224 128 191908.3 194681.788 271604.638 7.53681291702 10.5147654798 10.666726473 0.471050807314 0.657172842485 0.666670404563
8795840 64 115551.045 116460.858 167511.105 6.72115153201 9.66734694673 9.74346463072 0.420071970751 0.604209184171 0.60896653942
9675392 64 119294.613 127674.167 134917.071 9.1793437763 9.70008424649 10.3814425887 0.573708986019 0.606255265405 0.648840161793
10642880 64 132584.559 140978.801 144664.473 9.41688454497 9.66307437953 10.2748664722 0.588555284061 0.603942148721 0.642179154512
11707136 64 141048.408 149243.058 171402.939 8.74263543404 10.0407578623 10.6241072072 0.546414714628 0.627547366391 0.664006700451
12877824 64 161266.419 170531.89 172190.891 9.57287265562 9.6660013092 10.2213559538 0.598304540976 0.604125081825 0.638834747115
14165568 64 169568.743 180004.571 204530.421 8.86514922883 10.0730370008 10.6929654129 0.554071826802 0.629564812551 0.668310338303
15582080 64 193651.444 199357.628 230705.327 8.64525438548 10.0046647826 10.2994648467 0.540328399092 0.625291548914 0.643716552922
17140288 32 115164.469 122105.406 127867.724 8.57900960214 8.98386458008 9.52532010546 0.536188100134 0.561491536255 0.595332506591
18854272 32 106810.702 140324.503 190436.232 6.33636464725 8.59916395357 11.2973080918 0.396022790453 0.537447747098 0.70608175574
20739648 32 131439.571 135440.216 167063.908 7.94508812759 9.80017243918 10.0984616878 0.496568007975 0.612510777449 0.631153855485
22813568 32 142975.393 149365.449 266269.534 5.48342249324 9.77514118409 10.2120254497 0.342713905827 0.610946324006 0.638251590608
25094912 32 164614.341 173871.791 256710.224 6.25637087208 9.23711867672 9.75658838861 0.391023179505 0.577319917295 0.609786774288
27604352 32 176335.395 201301.132 320721.148 5.50845661104 8.77629703543 10.0188537191 0.34427853819 0.548518564714 0.626178357442
30364736 32 190363.525 193949.604 202023.398 9.61939618499 10.0198353795 10.208589613 0.601212261562 0.626239711219 0.63803685081
33401152 32 208022.821 215111.738 223169.645 9.57869394827 9.93750386601 10.2761500768 0.598668371767 0.621093991626 0.642259379801
36741248 16 122030.536 123232.141 128051.616 9.18160951596 9.54069227767 9.63463715344 0.573850594748 0.596293267355 0.60216482209
40415360 16 138317.71 151710.738 163706.092 7.90008181247 8.52471972023 9.35015132914 0.493755113279 0.532794982515 0.584384458071
44456896 16 135197.155 149282.855 237789.71 5.98268391008 9.52969898653 10.5225636738 0.37391774438 0.595606186658 0.657660229611
48902528 16 159774.99 166174.063 175314.703 8.92612467307 9.41711881956 9.79427941757 0.557882792067 0.588569926222 0.612142463598
53792768 16 172440.751 177899.134 179425.804 9.5937626452 9.67609306069 9.98237693827 0.599610165325 0.604755816293 0.623898558642
59172032 16 189844.944 191159.436 220164.986 8.60039127203 9.90537042597 9.97395550339 0.537524454502 0.619085651623 0.623372218962
65089216 16 191280.251 207237.51 227613.335 9.15084747561 10.0505690886 10.889022265 0.571927967226 0.628160568036 0.680563891565
71598080 8 117117.316 119320.636 120449.068 9.51081896292 9.60076411259 9.78138262663 0.594426185182 0.600047757037 0.611336414164
78757888 8 131133.422 133578.287 134992.276 9.33480229639 9.43361556957 9.60949686801 0.583425143525 0.589600973098 0.60059355425
86633664 8 142707.525 144139.007 145562.848 9.52261269304 9.61667943224 9.71314318569 0.595163293315 0.601042464515 0.607071449105
95297024 8 164557.728 173554.41 246122.93 6.19508464327 8.78544304348 9.26575981895 0.387192790204 0.549090190218 0.579109988684
104826688 8 171773.031 175864.04 252515.572 6.64207357477 9.5370662928 9.76420453336 0.415129598423 0.5960666433 0.610262783335
115309312 8 193255.164 201944.396 229991.882 8.0218004912 9.13592567332 9.54669957487 0.5013625307 0.570995354583 0.596668723429
126840192 8 203378.184 204002.794 211437.19 9.59832597094 9.94811410279 9.9786665024 0.599895373184 0.621757131424 0.6236666564
139524160 4 108163.406 125888.12 133260.449 8.37602820924 8.86654975863 10.3195093542 0.523501763078 0.554159359914 0.644969334638
153476544 4 115331.435 129932.216 134325.411 9.14058139007 9.44963758642 10.6459470655 0.571286336879 0.590602349151 0.665371691595
168824192 4 143929.225 147906.137 148268.43 9.10911065828 9.13142323499 9.38373381778 0.569319416143 0.570713952187 0.586483363612
185706560 4 156653.509 157029.091 184154.706 8.06741523076 9.46100159237 9.48368465848 0.504213451922 0.591312599523 0.592730291155
204277184 4 170712.111 174598.74 176958.871 9.23501298785 9.35984688091 9.57294396061 0.577188311741 0.584990430057 0.598308997538
224704896 4 182650.074 193029.802 199195.894 9.02447902867 9.3127545559 9.84198433996 0.564029939292 0.582047159744 0.615124021247
247175360 4 199317.164 201574.734 203552.458 9.71446328592 9.80977546521 9.92088609087 0.60715395537 0.613110966576 0.62005538068
271892864 2 100949.467 104809.633 114757.431 9.47713317145 10.37663643 10.7734244501 0.592320823215 0.648539776873 0.67333902813
299082112 2 128329.887 138237.324 140468.319 8.51671363704 8.65416382047 9.32229020041 0.532294602315 0.54088523878 0.582643137526
328990272 2 136369.623 138517.275 140131.135 9.3909257782 9.50033913099 9.64995765956 0.586932861138 0.593771195687 0.603122353722
361889280 2 137639.826 148033.977 150412.685 9.62390319673 9.77854644816 10.5169932429 0.601493949796 0.61115915301 0.657312077683
398078208 2 143442.465 164898.108 183235.239 8.68999238733 9.65634385569 11.1007073951 0.543124524208 0.60352149098 0.693794212195
437886016 2 147572.341 174401.311 175034.8 10.0068332926 10.0431817511 11.8690538629 0.625427080786 0.627698859443 0.74181586643
481674560 2 193429.333 195959.22 207324.784 9.29313998465 9.83213874805 9.96073454898 0.580821249041 0.614508671753 0.622545909311
529841984 2 204104.619 210411.591 222925.693 9.50705998702 10.0724866246 10.3837333343 0.594191249189 0.629530414035 0.648983333395
582826176 1 103532.528 115523.4 117395.491 9.9292770282 10.0901839108 11.2588031464 0.620579814262 0.630636494425 0.703675196649
641108736 1 124227.57 134435.395 141321.075 9.07308037389 9.53779673872 10.3215209957 0.567067523368 0.59611229617 0.645095062231
705219584 1 132685.472 140810.015 146951.271 9.59800591313 10.0166111622 10.6299442338 0.599875369571 0.626038197638 0.664371514615
775741504 1 162483.15 165781.223 169657.395 9.14480036664 9.35861721807 9.54857785561 0.571550022915 0.584913576129 0.596786115976
853315648 1 148484.355 173384.155 179065.859 9.53074642777 9.84306377939 11.4936775393 0.595671651736 0.615191486212 0.718354846206
938647168 1 184075.006 189922.838 212669.888 8.82726912425 9.88451076115 10.1985292669 0.551704320266 0.617781922572 0.637408079183
1032511872 1 208527.407 209321.466 232060.657 8.89863784192 9.86532238409 9.9028888994 0.55616486512 0.616582649006 0.618930556212

META_DATA
ERT_VERSION  1.1.0
OPENMP_THREADS 8
TIMESTAMP_DATA  1535251024.93
HOSTNAME  ('atajo-Inspiron-15-7568', [], ['127.0.1.1'])
TIMESTAMP_DATA  1535251076.29
CONFIG  {'ERT_WORKING_SET_MIN': ['1'], 'ERT_CFLAGS': [], 'ERT_CC': ['gcc'], 'ERT_MPI_CFLAGS': ['-I/usr/include/mpi'], 'ERT_MPI_LDFLAGS': ['-lmpi'], 'ERT_MEMORY_MAX': ['1073741824'], 'ERT_PROCS_THREADS': ['1-4'], 'ERT_LDFLAGS': [], 'ERT_LDLIBS': [], 'ERT_RUN': ['export', 'OMP_NUM_THREADS=ERT_OPENMP_THREADS;', 'mpirun', '-np', 'ERT_MPI_PROCS', 'ERT_CODE'], 'ERT_FLOPS': ['1,2,4,8,16'], 'ERT_OPENMP_CFLAGS': ['-fopenmp'], 'ERT_MPI': ['False'], 'ERT_TRIALS_MIN': ['1'], 'ERT_DRIVER': ['driver1'], 'ERT_RESULTS': ['Results/myLaptop'], 'ERT_OPENMP': ['True'], 'ERT_MPI_PROCS': ['1,2,4,8'], 'ERT_KERNEL': ['kernel1'], 'ERT_GPU': [False], 'ERT_OPENMP_THREADS': ['1,2,4,8'], 'ERT_LD': ['gcc'], 'ERT_NUM_EXPERIMENTS': ['3'], 'ERT_OPENMP_LDFLAGS': ['-fopenmp'], 'ERT_ALIGN': ['64'], 'ERT_GNUPLOT': ['gnuplo']}
UNAME  ('Linux', 'atajo-Inspiron-15-7568', '4.15.0-33-generic', '#36-Ubuntu SMP Wed Aug 15 16:00:05 UTC 2018', 'x86_64', 'x86_64')
FLOPS          1
TIMESTAMP_DATA  1535251127.53
