8 134217728 627945.712 641809.106 872628.019 2.46093822481 3.34598501007 3.4198555814 0.153808639051 0.209124063129 0.213740973838
16 67108864 473556.786 474497.201 533920.794 4.0221015404 4.52580888459 4.53479648373 0.251381346275 0.282863055287 0.283424780233
24 33554432 358724.144 364454.257 370778.156 4.34387169238 4.4192452278 4.48983644658 0.271491980774 0.276202826738 0.280614777911
32 33554432 401478.691 465515.35 484310.834 4.43410202135 4.61313176461 5.34893556281 0.277131376334 0.288320735288 0.334308472676
40 16777216 250622.969 252536.072 288232.362 4.65658079019 5.3147943158 5.35536421644 0.291036299387 0.332174644737 0.334710263527
48 16777216 284582.552 308196.418 336430.793 4.78735231587 5.22592944607 5.65956248786 0.299209519742 0.326620590379 0.353722655492
56 16777216 341142.201 347219.402 395615.505 4.74968288212 5.41170274811 5.50810830936 0.296855180133 0.338231421757 0.344256769335
64 16777216 377334.778 395277.104 440325.034 4.87704191718 5.43285615653 5.69118929186 0.304815119824 0.339553509783 0.355699330741
72 8388608 211829.774 216022.229 246039.667 4.90961301781 5.59182986673 5.70250125462 0.306850813613 0.349489366671 0.356406328413
80 8388608 239196.702 249539.945 273186.793 4.9130386768 5.37860694006 5.61118639504 0.3070649173 0.336162933754 0.35069914969
88 8388608 259767.843 275153.173 299413.671 4.93095389756 5.36572045273 5.68351721656 0.308184618597 0.335357528296 0.355219826035
96 8388608 282017.366 286550.467 327746.245 4.91420652584 5.62069485652 5.71104098604 0.307137907865 0.351293428532 0.356940061627
104 8388608 303830.691 310235.948 350567.999 4.97715270355 5.62420465858 5.74277225996 0.311072043972 0.351512791161 0.358923266248
112 8388608 324494.821 327496.776 379047.469 4.95728990608 5.73760821389 5.79068777187 0.30983061913 0.358600513368 0.361917985742
120 8388608 348170.186 352987.855 404273.65 4.979958303 5.70349911897 5.782419061 0.311247393937 0.356468694936 0.361401191313
128 8388608 372791.206 378341.324 440407.957 4.87612363461 5.67604835046 5.76055339675 0.304757727163 0.354753021904 0.360034587297
136 4194304 198840.489 202800.112 238883.628 4.77575921612 5.62549338237 5.73751701043 0.298484951007 0.351593336398 0.358594813152
144 4194304 209547.258 224691.582 241274.26 5.00658276602 5.37607836149 5.76461636162 0.312911422876 0.336004897593 0.360288522601
152 4194304 263777.225 274234.862 279188.08 4.56705893747 4.64954895487 4.83388365315 0.285441183592 0.290596809679 0.302117728322
160 4194304 234115.681 267504.394 268351.02 5.00157323792 5.01740274218 5.7329661741 0.31259832737 0.313587671386 0.358310385881
176 4194304 255744.888 269154.313 297980.159 4.95467554939 5.48531060693 5.77292089608 0.309667221837 0.342831912933 0.360807556005
192 4194304 278899.124 287246.884 328318.255 4.90564478664 5.60706773759 5.7748934916 0.306602799165 0.350441733599 0.360930843225
208 4194304 301764.633 305790.282 344753.656 5.06109343189 5.70597094384 5.78209065341 0.316318339493 0.35662318399 0.361380665838
224 4194304 324582.286 325039.957 380171.811 4.94262893153 5.78097600474 5.7891273586 0.308914308221 0.361311000296 0.361820459913
240 4194304 347115.464 353592.298 389775.758 5.1651901861 5.69374935876 5.7999891356 0.322824386631 0.355859334923 0.362499320975
264 2097152 204774.688 204867.166 231919.822 4.77447872481 5.40494739894 5.4073883194 0.2984049203 0.337809212434 0.337961769963
288 2097152 210938.792 223777.299 233985.439 5.16254155456 5.39804331091 5.72658798577 0.32265884716 0.337377706932 0.357911749111
312 2097152 231431.902 239297.456 254680.028 5.13830180669 5.46860326004 5.65446179499 0.321143862918 0.341787703752 0.353403862187
336 2097152 258420.503 304116.962 308040.914 4.57499663178 4.6340267729 5.45346103595 0.285937289486 0.289626673306 0.340841314747
368 2097152 282736.908 311428.531 321300.997 4.80391871302 4.95620573698 5.45915240751 0.300244919564 0.309762858561 0.341197025469
400 2097152 290085.891 326612.884 336522.763 4.98546245444 5.1367281641 5.7835339534 0.311591403402 0.321045510256 0.361470872087
440 2097152 318511.881 353207.04 368153.129 5.01284279455 5.22496312644 5.79411277911 0.31330267466 0.326560195403 0.362132048694
480 2097152 359604.821 393120.746 403089.73 4.9945850022 5.12124058698 5.5985509716 0.312161562638 0.320077536686 0.349909435725
528 1048576 191020.176 208227.157 217253.398 5.09679602802 5.31773219187 5.79675026579 0.318549751751 0.332358261992 0.362296891612
576 1048576 208701.155 225931.229 237485.15 5.08646351993 5.3465807155 5.78798690405 0.317903969996 0.334161294719 0.361749181503
632 1048576 235933.15 272479.331 286161.567 4.63164944858 4.86422239491 5.61769324913 0.289478090536 0.304013899682 0.35110582807
688 1048576 258966.526 275183.221 297217.5 4.85449401869 5.24319967895 5.57153311776 0.303405876168 0.327699979934 0.34822081986
752 1048576 289209.641 300411.954 321924.555 4.8988444016 5.24965229579 5.45299353973 0.3061777751 0.328103268487 0.340812096233
824 1048576 323080.412 342259.429 347815.63 4.9683024538 5.04895731594 5.34867848318 0.310518903363 0.315559832246 0.334292405198
904 1048576 337959.62 365123.761 388852.609 4.87543445542 5.19228166035 5.6096210784 0.304714653464 0.324517603772 0.3506013174
992 1048576 374791.495 392300.729 421490.024 4.93576280705 5.30301024243 5.550752383 0.30848517544 0.331438140152 0.346922023938
1088 524288 206748.976 214667.144 229078.508 4.98017338231 5.31451002115 5.51804758636 0.311260836394 0.332156876322 0.344877974148
1192 524288 221490.336 235743.178 246915.209 5.06207210589 5.30196717718 5.64314730192 0.316379506618 0.331372948574 0.35269670637
1304 524288 244480.099 260404.873 269658.676 5.07064383866 5.25083531751 5.59286056245 0.316915239916 0.328177207344 0.349553785153
1432 524288 266402.448 279264.233 302837.494 4.95830556569 5.37684620715 5.63643781532 0.309894097856 0.336052887947 0.352277363457
1568 524288 291928.88 301548.962 328444.458 5.00592148216 5.45240533111 5.63208123842 0.312870092635 0.340775333194 0.352005077401
1720 524288 317099.943 334843.974 359444.597 5.01760420118 5.38624213079 5.68764126205 0.313600262574 0.336640133174 0.355477578878
1888 524288 348706.115 363691.707 392102.769 5.04896074325 5.44337814115 5.67730648486 0.315560046453 0.340211133822 0.354831655304
2072 262144 191009.521 203331.15 222781.659 4.87618568277 5.34263803652 5.68728056231 0.304761605173 0.333914877283 0.355455035145
2272 262144 210077.784 217981.091 233798.339 5.0949135956 5.46461314849 5.67019659728 0.318432099725 0.34153832178 0.35438728733
2496 262144 231208.022 239644.684 253873.437 5.15462690175 5.4606796452 5.65993704146 0.322164181359 0.341292477825 0.353746065091
2744 262144 259450.866 260996.516 279968.865 5.13859379328 5.51212826151 5.54496615941 0.32116211208 0.344508016345 0.346560384963
3016 262144 276677.193 285793.348 303601.576 5.20831488701 5.53285308796 5.71515342792 0.325519680438 0.345803317997 0.357197089245
3312 262144 304488.991 314419.008 338741.522 5.12615591306 5.52270000165 5.70280669359 0.320384744566 0.345168750103 0.35642541835
3640 262144 342928.835 346432.583 369412.551 5.16606248173 5.50874373153 5.56502727454 0.322878905108 0.344296483221 0.347814204659
4000 262144 366640.612 372191.847 402590.216 5.20914795406 5.63459951341 5.71991190109 0.325571747129 0.352162469588 0.357494493818
4400 131072 205375.877 209939.384 221213.736 5.21411382881 5.49412681901 5.61620778861 0.325882114301 0.343382926188 0.351012986788
4840 131072 222742.283 228449.522 243433.375 5.21200907641 5.55386130333 5.69616573428 0.325750567275 0.347116331458 0.356010358393
5320 131072 245116.74 256051.568 267502.65 5.21342902584 5.44658285397 5.68955869762 0.325839314115 0.340411428373 0.355597418601
5848 131072 270673.11 274198.177 305262.473 5.02196715153 5.59091285279 5.66372519235 0.31387294697 0.349432053299 0.353982824522
6432 131072 297133.025 303002.471 323729.962 5.20838478336 5.56467477785 5.67459712026 0.32552404896 0.347792173616 0.354662320016
7072 131072 322562.622 331815.794 357329.731 5.1881559444 5.58708295844 5.74735645595 0.324259746525 0.349192684903 0.359209778497
7776 131072 354207.349 365049.372 391619.403 5.20513470064 5.58398918161 5.7549109293 0.32532091879 0.34899932385 0.359681933082
8552 65536 197770.754 210105.963 215314.189 5.20600964203 5.33505916726 5.66781347256 0.325375602627 0.333441197954 0.354238342035
9400 65536 215433.129 233750.393 241543.06 5.10085779322 5.27090792955 5.71906839825 0.318803612076 0.329431745597 0.357441774891
10336 65536 235302.908 240335.3 264624.711 5.11955284478 5.6369588321 5.75751572097 0.319972052799 0.352309927006 0.359844732561
11368 65536 259304.8 262973.879 292527.549 5.09362793724 5.66606273469 5.74623568866 0.318351746078 0.354128920918 0.359139730541
12504 65536 285460.357 286650.053 317243.8 5.16613496623 5.71750910508 5.74133762468 0.322883435389 0.357344319068 0.358833601543
13752 65536 312666.105 317851.818 352680.285 5.11086732279 5.67088826278 5.76494258628 0.319429207675 0.354430516424 0.360308911642
15120 65536 343587.625 347302.912 396437.437 4.99904513307 5.70628281977 5.76798608506 0.312440320817 0.356642676235 0.360499130316
16632 32768 189222.999 190341.497 211654.104 5.1498871574 5.72652190499 5.76037140179 0.321867947337 0.357907619062 0.360023212612
18288 32768 209590.54 214304.298 231502.337 5.17715019006 5.59261936968 5.71839916057 0.323571886879 0.349538710605 0.357399947536
20112 32768 229626.963 230661.766 251710.938 5.2364034812 5.71425448984 5.74000550623 0.327275217575 0.357140905615 0.35875034414
22120 32768 252643.754 254683.244 278715.497 5.20120458175 5.69199723245 5.73794640496 0.325075286359 0.355749827028 0.35862165031
24328 32768 279323.129 301159.8 303424.241 5.25455646769 5.29406583482 5.70794052647 0.328409779231 0.330879114676 0.356746282904
26760 32768 306861.562 323806.221 337530.847 5.19580173364 5.41602738386 5.71509624265 0.324737608353 0.338501711491 0.357193515166
29432 32768 347154.089 350161.421 379600.428 5.08127865441 5.50847533829 5.55619424664 0.3175799159 0.344279708643 0.347262140415
32368 32768 370165.732 377145.99 421285.325 5.0352317589 5.62453082956 5.73059325762 0.314701984931 0.351533176848 0.358162078601
35600 16384 204637.835 208594.596 231535.852 5.03827286325 5.59238265214 5.70051378818 0.314892053953 0.349523915759 0.356282111761
39160 16384 222805.298 240487.331 257842.477 4.97666208815 5.3358107251 5.75926556289 0.311041380509 0.333488170319 0.35995409768
43072 16384 247858.458 249468.309 283186.21 4.98394076463 5.65756549061 5.69431161393 0.311496297789 0.353597843163 0.355894475871
47376 16384 270893.501 276558.298 313182.848 4.95690226305 5.61334365747 5.73072724989 0.309806391441 0.350833978592 0.358170453118
52112 16384 299189.293 304316.332 332596.447 5.13416794257 5.61128614024 5.7074436016 0.320885496411 0.350705383765 0.3567152251
57320 16384 325931.134 338261.558 363673.043 5.16469888586 5.55269056024 5.7627564969 0.322793680366 0.347043160015 0.360172281056
63048 16384 358907.506 361313.606 404445.292 5.10812439869 5.71790497145 5.75623755275 0.319257774918 0.357369060716 0.359764847047
69352 8192 198511.988 211988.378 221038.865 5.14055828146 5.36002576519 5.72390201442 0.321284892591 0.335001610324 0.357743875901
76280 8192 221061.366 223569.234 242210.128 5.15986482613 5.59008722998 5.65350491863 0.322491551633 0.349380451874 0.353344057414
83904 8192 241858.148 254776.473 267307.588 5.14270150835 5.39564395336 5.68384049645 0.321418844272 0.337227747085 0.355240031028
92288 8192 263280.363 283232.342 301310.823 5.0182286084 5.33853789904 5.74310432715 0.313639288025 0.33365861869 0.358944020447
101512 8192 291185.043 291330.495 328453.187 5.06365191092 5.70888608142 5.71173776944 0.316478244432 0.356805380089 0.35698361059
111656 8192 317742.92 329186.602 358878.581 5.09746750253 5.55724896726 5.75739627495 0.318591718908 0.347328060454 0.359837267184
122816 8192 350423.194 363724.53 392462.125 5.12716314727 5.53225635895 5.74224931013 0.320447696704 0.345766022435 0.358890581883
135096 4096 191911.156 196394.696 217129.225 5.09699434519 5.63511364889 5.76676445011 0.318562146574 0.352194603056 0.360422778132
148600 4096 211790.329 218222.183 240641.028 5.05870179378 5.57840263196 5.74781297025 0.316168862111 0.348650164498 0.359238310641
163456 4096 233197.321 240392.7 272164.2 4.91994006559 5.57018391989 5.74205375198 0.3074962541 0.348136494993 0.358878359499
179800 4096 257608.804 264891.171 282829.974 5.20779880282 5.56047826902 5.71766794119 0.325487425177 0.347529891814 0.357354246325
197776 4096 281716.547 287603.297 312969.501 5.17680153121 5.63338810403 5.75110340253 0.323550095701 0.352086756502 0.359443962658
217552 4096 310618.193 326890.257 344500.369 5.17324840369 5.4519397438 5.7375453987 0.323328025231 0.340746233988 0.358596587419
239304 4096 352884.028 354070.367 378133.794 5.1843511453 5.53669143399 5.55530489467 0.324021946581 0.346043214625 0.347206555917
263232 2048 189175.573 192477.953 209131.413 5.15560171728 5.60167154313 5.69945820648 0.32222510733 0.350104471446 0.356216137905
289552 2048 206477.009 210702.506 228340.165 5.19402704294 5.62881293875 5.74400509647 0.324626690184 0.351800808672 0.359000318529
318504 2048 228704.984 232088.622 254696.111 5.12215274461 5.62109582434 5.70425865315 0.320134546538 0.351318489021 0.356516165822
350352 2048 249540.476 256679.149 276426.456 5.19140538415 5.59080002248 5.75073757574 0.324462836509 0.349425001405 0.359421098483
385384 2048 276052.37 282333.64 307570.672 5.13226067276 5.59101941944 5.71823695627 0.320766292048 0.349438713715 0.357389809767
423920 2048 309810.652 312979.671 341020.235 5.09171052562 5.54788850807 5.60463724791 0.318231907851 0.346743031754 0.350289827995
466312 2048 332600.556 338692.189 369797.505 5.16502660557 5.63937998582 5.74266614275 0.322814162848 0.352461249114 0.358916633922
512936 2048 366702.596 374812.529 407347.101 5.15772875477 5.60543123146 5.72940000676 0.322358047173 0.350339451966 0.358087500422
564224 1024 201511.639 205922.266 223151.433 5.17823585744 5.61149007558 5.73431270637 0.32363974109 0.350718129724 0.358394544148
620640 1024 223754.495 236868.34 254505.897 4.99426824676 5.36614863768 5.68064887367 0.312141765422 0.335384289855 0.355040554604
682704 1024 244080.715 244676.893 282272.104 4.9532978009 5.71438428393 5.72834192165 0.309581112557 0.357149017746 0.358021370103
750968 1024 271222.443 277597.122 298795.212 5.14727948184 5.54034009041 5.67055752093 0.321704967615 0.346271255651 0.354409845058
826064 1024 305458.776 315843.074 330219.915 5.12318910869 5.35639123117 5.53848573007 0.320199319293 0.334774451948 0.346155358129
908664 1024 343427.611 343550.095 360589.368 5.16083955088 5.41680499899 5.41873691105 0.32255247193 0.338550312437 0.338671056941
999528 1024 361092.687 390993.735 396928.223 5.1571876863 5.23546328434 5.66899695756 0.322324230394 0.327216455271 0.354312309847
1099480 512 197735.868 198175.388 219926.648 5.11928649956 5.6811672295 5.69379511865 0.319955406223 0.355072951844 0.355862194915
1209424 512 220486.128 227647.569 240427.253 5.15103907958 5.4402082194 5.6169074546 0.321939942474 0.340013013712 0.351056715913
1330360 512 239575.735 239705.125 272541.798 4.99845766777 5.68318528859 5.68625466181 0.312403604235 0.355199080537 0.355390916363
1463392 512 265038.677 265382.545 293378.789 5.10777692248 5.64661631382 5.65394237913 0.319236057655 0.352913519614 0.353371398696
1609728 512 288155.451 292458.108 330264.391 4.9910360212 5.6362310598 5.72038969341 0.311939751325 0.352264441238 0.357524355838
1770696 512 319603.759 323152.2 359030.628 5.05024519524 5.61095577873 5.67325212217 0.315640324702 0.350684736171 0.354578257636
1947760 512 361305.644 366968.41 388826.339 5.12955538231 5.43508973974 5.52027424183 0.320597211394 0.339693108734 0.345017140114
2142536 256 195260.997 200595.67 215116.507 5.09946190229 5.46860474107 5.61801101528 0.318716368893 0.341787796317 0.351125688455
2356784 256 215412.36 218804.581 237898.785 5.0722134121 5.51484526734 5.60169067365 0.317013338256 0.344677829209 0.350105667103
2592456 256 236735.359 241140.246 261889.246 5.06831606213 5.50442115747 5.60684080995 0.316769753883 0.344026322342 0.350427550622
2851696 256 267273.862 288885.37 293726.613 4.97084120873 5.05414432029 5.46281757997 0.310677575545 0.315884020018 0.341426098748
3136864 256 288777.125 316518.238 316781.022 5.06998291078 5.07419217973 5.56163985634 0.316873931924 0.317137011233 0.347602491021
3450544 256 319801.995 321624.272 353155.859 5.00254627802 5.49298881273 5.52428863991 0.312659142376 0.343311800796 0.345268039995
3795592 256 354716.966 356210.578 389041.772 4.99520422707 5.455601894 5.47857387797 0.312200264192 0.340975118375 0.342410867373
4175144 256 390950.116 394211.4 441272.298 4.84434154985 5.42265831988 5.46789383227 0.302771346866 0.338916144992 0.341743364517
4592656 128 220003.413 220202.929 242508.785 4.84815399986 5.33925657274 5.34409862087 0.303009624992 0.333703535796 0.334006163804
5051920 128 240064.757 245280.13 268823.324 4.81093493212 5.27271214346 5.38726107139 0.300683433257 0.329544508966 0.336703816962
5557112 128 269851.739 270906.505 301341.1 4.72096462116 5.25133448531 5.27186030845 0.295060288822 0.328208405332 0.329491269278
6112816 128 302454.151 307231.568 332307.332 4.70913743185 5.09348992419 5.17394418568 0.294321089491 0.318343120262 0.323371511605
6724096 128 329163.373 348070.711 371409.797 4.6346881259 4.94545654547 5.22952648198 0.289668007869 0.309091034092 0.326845405123
7396504 128 361894.651 380113.242 402505.833 4.70429213382 4.98142346748 5.23219953312 0.294018258364 0.311338966718 0.32701247082
8136152 128 408103.094 411174.038 464400.994 4.48503543039 5.06562846752 5.10374692724 0.2803147144 0.31660177922 0.318984182953
8949760 64 222089.245 226281.439 248374.449 4.61226702107 5.06258615405 5.1581483831 0.288266688817 0.316411634628 0.322384273944
9844736 64 243018.503 249372.914 271716.411 4.63765218804 5.0531799456 5.18530972928 0.289853261752 0.3158237466 0.32408185808
10829208 64 269078.707 270991.302 298807.719 4.6388983144 5.11506684447 5.15142442691 0.28993114465 0.319691677779 0.321964026682
11912128 64 304536.548 315547.134 337270.89 4.52085379797 4.83209073926 5.00679604472 0.282553362373 0.302005671203 0.312924752795
13103336 64 333213.125 340767.112 380177.652 4.41169279461 4.9219157276 5.03349622858 0.275730799663 0.307619732975 0.314593514286
14413664 64 355760.386 365292.664 397348.266 4.64315350001 5.05060510057 5.18593149941 0.29019709375 0.315662818786 0.324120718713
15855024 64 393555.562 400170.574 437362.018 4.64019047946 5.07144503834 5.15668756322 0.290011904966 0.316965314896 0.322292972701
17440520 32 217408.373 221429.2 242413.16 4.60450777507 5.04085856789 5.13408598113 0.287781735942 0.315053660493 0.320880373821
19184568 32 236718.782 262069.234 280151.996 4.38266501589 4.68506864869 5.18679735349 0.273916563493 0.292816790543 0.324174834593
21103024 32 268337.282 269473.672 313179.23 4.31252588494 5.0119684271 5.03319376992 0.269532867809 0.313248026694 0.31457461062
23213320 32 290509.71 291907.979 336756.284 4.41165480968 5.0894548518 5.11395119977 0.275728425605 0.318090928237 0.319621949986
25534648 32 315679.978 321637.913 367791.804 4.44332215734 5.08092300674 5.17681698521 0.277707634834 0.317557687921 0.323551061575
28088112 32 351379.574 352793.379 392938.417 4.57486234541 5.09544474189 5.11594668847 0.285928896588 0.318465296368 0.319746668029
30896920 32 379900.678 382391.957 443037.298 4.46328760338 5.17114140034 5.20505225316 0.278955475211 0.323196337521 0.325315765822
33986608 16 207689.029 230067.96 251600.567 4.32261130795 4.72717477045 5.23653782406 0.270163206747 0.295448423153 0.327283614004
37385264 16 232831.77 234693.709 269440.482 4.44004716411 5.09740313491 5.13816670294 0.277502947757 0.318587695932 0.321135418934
41123784 16 253174.005 256338.753 284087.061 4.63224577483 5.1336798381 5.19785231505 0.289515360927 0.320854989881 0.324865769691
45236160 16 280235.524 288341.373 317247.438 4.56286464952 5.020289336 5.16550185836 0.285179040595 0.3137680835 0.322843866147
49759776 16 311775.038 340246.881 347413.848 4.58333149691 4.67987488179 5.10724925964 0.286458218557 0.292492180112 0.319203078728
54735752 16 346222.769 346882.705 384983.908 4.54965526507 5.0493842407 5.05900888338 0.284353454067 0.315586515044 0.316188055211
60209320 16 384831.55 398409.527 422493.475 4.56030294906 4.83597431645 5.00660156372 0.285018934316 0.302248394778 0.312912597733
66230248 16 412191.173 434003.953 460367.083 4.60364785898 4.8832917796 5.14171111568 0.287727991187 0.305205736225 0.32135694473
72853272 8 230099.061 246774.679 255351.476 4.56489373102 4.72354925847 5.06587183335 0.285305858189 0.295221828654 0.316616989584
80138592 8 260396.389 265404.011 275741.625 4.65006859954 4.83119101015 4.92409851352 0.290629287472 0.301949438134 0.307756157095
88152448 8 273353.936 302655.951 329728.438 4.27757816874 4.66020629477 5.15975437793 0.267348635546 0.291262893423 0.322484648621
96967688 8 313615.186 333864.019 355497.081 4.36426370545 4.64705065448 4.94709145877 0.27276648159 0.290440665905 0.309193216173
106664456 8 334001.532 389544.47 425349.831 4.01230039751 4.38109491325 5.10965110184 0.250768774844 0.273818432078 0.319353193865
117330896 8 365670.869 402310.033 423533.766 4.43245494622 4.66628764389 5.1338361766 0.277028434139 0.291642977743 0.320864761037
129063984 8 402479.993 461529.364 471131.434 4.38311603721 4.47430630654 5.13074880718 0.273944752326 0.279644144159 0.320671800449
141970376 4 230047.674 231251.422 249462.998 4.55283155059 4.91137740117 4.93707668611 0.284551971912 0.306961087573 0.308567292882
156167408 4 249476.061 253122.435 267608.539 4.66853288265 4.93571130508 5.00785229249 0.291783305166 0.308481956568 0.312990768281
171784144 4 266612.292 274844.167 295812.384 4.64575936077 5.0001903515 5.15457536369 0.290359960048 0.312511896969 0.322160960231
188962552 4 292713.308 324865.153 331434.758 4.56107990943 4.65331662088 5.16444034038 0.285067494339 0.290832288805 0.322777521273
207858800 4 322856.534 340824.745 367928.789 4.51954413385 4.87896029967 5.15049325283 0.282471508366 0.304935018729 0.321905828302
228644680 4 353634.183 368410.049 400904.249 4.56257933051 4.96500419835 5.17245653257 0.285161208157 0.310312762397 0.323278533286
251509144 4 389402.335 409048.963 583541.562 3.44803743731 4.91890539764 5.16708034635 0.215502339832 0.307431587353 0.322942521647
276660056 2 222670.609 241882.597 428524.192 2.58244515633 4.57511304131 4.96985313405 0.161402822271 0.285944565082 0.310615820878
304326056 2 236593.738 260767.949 410717.525 2.96384777835 4.66815123817 5.14512444112 0.185240486147 0.291759452386 0.32157027757
334758656 2 259819.281 299959.624 329783.761 4.0603412974 4.46404954822 5.15371537804 0.253771331087 0.279003096763 0.322107211127
368234520 2 287472.815 302678.12 351206.625 4.1939359202 4.86635135701 5.12374737069 0.262120995013 0.304146959813 0.320234210668
405057968 2 314145.016 331358.392 371181.084 4.36507123299 4.88966602663 5.15759216119 0.272816952062 0.305604126664 0.322349510075
445563760 2 350797.102 372736.17 404207.654 4.40925604046 4.78154572442 5.08058655513 0.275578502529 0.298846607776 0.317536659696
490120136 2 378149.076 425023.797 434246.156 4.51467564401 4.61263712253 5.18441183233 0.282167227751 0.288289820158 0.324025739521
539132144 1 217407.36 222796.142 228227.159 4.72452223795 4.83969012354 4.95964942493 0.295282639872 0.302480632721 0.309978089058
593045352 1 229493.229 251074.321 284878.122 4.16350225729 4.72406217918 5.16830369754 0.260218891081 0.295253886199 0.323018981096
652349880 1 253585.098 275584.516 288773.921 4.51806643578 4.73429994884 5.1450174726 0.282379152237 0.295893746803 0.321563592037
717584864 1 276753.372 283480.833 362328.844 3.96095908942 5.0626693622 5.1857352907 0.247559943089 0.316416835137 0.324108455669
789343344 1 309565.673 336749.78 497437.385 3.17363900584 4.68801104488 5.09968263826 0.198352437865 0.293000690305 0.318730164891
868277672 1 336214.834 399556.738 457501.966 3.79573307451 4.34620462839 5.16501703194 0.237233317157 0.271637789274 0.322813564496
955105432 1 368551.47 418542.747 821453.287 2.32540412733 4.56395643621 5.183023321 0.145337757958 0.285247277263 0.323938957563
1050615968 1 411471.373 474976.722 492687.83 4.26483425824 4.42386297828 5.10662970471 0.26655214114 0.276491436142 0.319164356544

META_DATA
ERT_VERSION  1.1.0
CONFIG  {'ERT_WORKING_SET_MIN': ['1'], 'ERT_CFLAGS': [], 'ERT_CC': ['gcc'], 'ERT_MPI_CFLAGS': ['-I/usr/include/mpi'], 'ERT_MPI_LDFLAGS': ['-lmpi'], 'ERT_MEMORY_MAX': ['1073741824'], 'ERT_PROCS_THREADS': ['1-4'], 'ERT_LDFLAGS': [], 'ERT_LDLIBS': [], 'ERT_RUN': ['export', 'OMP_NUM_THREADS=ERT_OPENMP_THREADS;', 'mpirun', '-np', 'ERT_MPI_PROCS', 'ERT_CODE'], 'ERT_FLOPS': ['1,2,4'], 'ERT_OPENMP_CFLAGS': ['-fopenmp'], 'ERT_MPI': ['False'], 'ERT_TRIALS_MIN': ['1'], 'ERT_DRIVER': ['driver1'], 'ERT_RESULTS': ['Results/myLaptop'], 'ERT_OPENMP': ['True'], 'ERT_MPI_PROCS': ['1,2,4,8'], 'ERT_KERNEL': ['kernel1'], 'ERT_GPU': [False], 'ERT_OPENMP_THREADS': ['1,2,4'], 'ERT_LD': ['gcc'], 'ERT_NUM_EXPERIMENTS': ['3'], 'ERT_OPENMP_LDFLAGS': ['-fopenmp'], 'ERT_ALIGN': ['64'], 'ERT_GNUPLOT': ['gnuplot']}
HOSTNAME  ('atajo-Inspiron-15-7568', [], ['127.0.1.1'])
TIMESTAMP_DATA  1535252249.72
OPENMP_THREADS 1
FLOPS          1
TIMESTAMP_DATA  1535252141.87
UNAME  ('Linux', 'atajo-Inspiron-15-7568', '4.15.0-33-generic', '#36-Ubuntu SMP Wed Aug 15 16:00:05 UTC 2018', 'x86_64', 'x86_64')
TIMESTAMP_DATA  1535252354.55
