8 134217728 802657.293 830495.812 868263.929 2.47330745442 2.58578504186 2.67546768307 0.309163431803 0.323223130233 0.334433460383
16 67108864 493581.061 535075.01 559424.489 3.83873729203 4.01342542235 4.35082262607 0.479842161504 0.501678177794 0.543852828259
24 33554432 336636.018 347320.064 362721.188 4.44036022511 4.6372579731 4.78443377975 0.555045028139 0.579657246637 0.598054222469
32 33554432 427071.014 432912.456 472489.737 4.54503765867 4.96054945575 5.02839944085 0.568129707334 0.620068681969 0.628549930106
40 16777216 259380.978 269616.514 277268.467 4.84071374766 4.97809744695 5.17454013147 0.605089218458 0.622262180869 0.646817516433
48 16777216 317573.42 332806.389 333280.785 4.83260004323 4.83948863133 5.07162323597 0.604075005404 0.604936078916 0.633952904497
56 16777216 358253.542 364818.046 401474.545 4.68036695079 5.15064485598 5.24502334718 0.585045868848 0.643830606998 0.655627918398
64 16777216 409607.87 413420.924 540666.818 3.9719168562 5.19442418933 5.24277926594 0.496489607024 0.649303023666 0.655347408242
72 8388608 232970.413 276741.188 283493.774 4.26097383006 4.36494314681 5.18503416998 0.532621728758 0.545617893351 0.648129271248
80 8388608 257761.184 271524.008 275257.341 4.87608168823 4.94312561856 5.20705739775 0.609510211028 0.617890702321 0.650882174719
88 8388608 280151.245 280651.097 288298.254 5.12106815604 5.26060658156 5.26999267128 0.640133519504 0.657575822695 0.65874908391
96 8388608 297291.393 351919.527 370913.617 4.34228527124 4.57665066139 5.41762316005 0.542785658905 0.572081332674 0.677202895006
104 8388608 320659.564 353525.948 357068.978 4.88653613588 4.93550890358 5.44137976811 0.610817016985 0.616938612947 0.680172471014
112 8388608 345227.568 353268.028 416462.46 4.51192693814 5.31904402059 5.44292624974 0.563990867268 0.664880502574 0.680365781217
120 8388608 379121.002 449476.972 474622.008 4.24183010072 4.47913029013 5.31035186492 0.53022876259 0.559891286266 0.663793983115
128 8388608 406706.921 436460.88 437274.606 4.91106416548 4.92022022226 5.28017483135 0.613883020685 0.615027527782 0.660021853919
136 4194304 208989.804 228544.685 244088.539 4.67392157237 4.99180581688 5.45888204192 0.584240196546 0.62397572711 0.68236025524
144 4194304 221327.416 261864.937 304852.981 3.962433131 4.61291063187 5.45779449212 0.495304141376 0.576613828983 0.682224311515
152 4194304 245795.758 272422.396 319533.49 3.99040618872 4.68048308334 5.18751188538 0.49880077359 0.585060385417 0.648438985672
160 4194304 269997.684 296230.408 317243.188 4.23075208789 4.53085586001 4.97106960369 0.528844010986 0.566356982501 0.621383700462
176 4194304 269444.496 288171.556 321899.695 4.58650638982 5.12331969363 5.47940310497 0.573313298728 0.640414961704 0.684925388121
192 4194304 292511.598 329362.781 341806.09 4.71206565102 4.89008725002 5.5061500023 0.589008206378 0.611260906253 0.688268750287
208 4194304 315734.051 374179.206 386040.968 4.51980646779 4.66308772915 5.52626635763 0.564975808474 0.582885966143 0.690783294704
224 4194304 343049.411 360792.141 423325.664 4.43877693179 5.20811841076 5.47748555091 0.554847116474 0.651014801345 0.684685693863
240 4194304 372136.625 451653.827 513654.635 3.91949333816 4.45754203695 5.41001821576 0.489936667271 0.557192754618 0.67625227697
264 2097152 221913.118 248104.621 248893.033 4.44888409552 4.46302149286 4.98977377263 0.55611051194 0.557877686607 0.623721721579
288 2097152 238347.46 255668.821 279180.052 4.3268118311 4.72470419848 5.06806135882 0.540851478887 0.59058802481 0.633507669853
312 2097152 269030.476 282333.358 294464.423 4.44407794554 4.63502739198 4.86421786653 0.555509743192 0.579378423998 0.608027233316
336 2097152 282819.534 298892.044 331322.299 4.25352035844 4.71503398063 4.98298729253 0.531690044804 0.589379247579 0.622873411566
368 2097152 300403.332 312346.69 344507.445 4.48032080119 4.94163671784 5.13810503274 0.560040100149 0.61770458973 0.642263129092
400 2097152 341300.429 366621.909 391036.548 4.29044704026 4.57616295921 4.91567386808 0.536305880032 0.572020369901 0.61445923351
440 2097152 351934.958 358463.007 364335.378 5.06537073103 5.14835205854 5.24384895007 0.633171341379 0.643544007318 0.655481118758
480 2097152 374836.302 398265.199 466780.405 4.31309004927 5.05508873247 5.37105373534 0.539136256159 0.631886091559 0.671381716918
528 1048576 203513.047 225445.42 232181.234 4.76910315672 4.91159348458 5.44091041003 0.59613789459 0.613949185572 0.680113801254
576 1048576 221887.356 232360.156 262421.456 4.60312800033 5.19865183771 5.44402156921 0.575391000041 0.649831479714 0.680502696152
632 1048576 255883.632 266526.437 272580.007 4.86242581981 4.97286527715 5.1796984967 0.607803227476 0.621608159644 0.647462312087
688 1048576 283248.861 287539.025 294303.064 4.90256729369 5.01789479185 5.09389718605 0.612820911712 0.627236848981 0.636737148256
752 1048576 291675.147 307072.788 321975.329 4.89807187681 5.13578006788 5.40689983436 0.612258984601 0.641972508486 0.675862479294
824 1048576 318474.711 330508.876 359009.416 4.81339254901 5.22846245134 5.42602972328 0.601674068627 0.653557806417 0.67825371541
904 1048576 349605.852 353287.661 356114.505 5.32363995676 5.36623725446 5.42275078393 0.665454994595 0.670779656808 0.677843847991
992 1048576 382577.454 386170.406 391029.875 5.32024511938 5.38719371468 5.43778720426 0.665030639922 0.673399214335 0.679723400533
1088 524288 209863.511 210704.015 211369.681 5.39741879064 5.41447056906 5.43615554016 0.674677348829 0.676808821132 0.67951944252
1192 524288 226873.663 230725.334 232934.874 5.36588863031 5.41727503578 5.50924499332 0.670736078789 0.677159379472 0.688655624166
1304 524288 250955.627 252511.739 253132.475 5.40168978319 5.41496846608 5.44854530797 0.675211222898 0.67687105826 0.681068163496
1432 524288 272269.955 274577.17 281738.581 5.32962445779 5.46862957325 5.51497072822 0.666203057223 0.683578696656 0.689371341028
1568 524288 302919.414 303953.999 307442.36 5.34788754549 5.4092631563 5.42773784714 0.668485943186 0.676157894537 0.678467230892
1720 524288 328071.132 332828.934 360471.257 5.00331353742 5.41885195594 5.49743803731 0.625414192178 0.677356494493 0.687179754664
1888 524288 361888.559 362202.351 362763.702 5.45730313448 5.46576101048 5.47050034815 0.68216289181 0.68322012631 0.683812543518
2072 262144 197955.323 200298.788 203709.146 5.33272441287 5.42352126464 5.4877268241 0.666590551609 0.67794015808 0.685965853012
2272 262144 215323.507 219973.436 221322.038 5.38212257019 5.41511901464 5.53205895908 0.672765321274 0.67688987683 0.691507369885
2496 262144 233954.078 236490.752 241461.651 5.41958875283 5.53350537783 5.59350304635 0.677448594104 0.691688172229 0.699187880794
2744 262144 258440.215 261717.384 265038.889 5.42805728408 5.49694578943 5.56665019026 0.67850716051 0.687118223679 0.695831273782
3016 262144 282838.909 287045.139 292184.928 5.41182126958 5.50872456335 5.59064738862 0.676477658697 0.688590570419 0.698830923577
3312 262144 312674.168 314595.967 318170.921 5.45757560289 5.51959350452 5.55351875439 0.682196950362 0.689949188064 0.694189844298
3640 262144 350956.319 354212.977 360198.946 5.29820628626 5.38774252757 5.43773745245 0.662275785782 0.673467815946 0.679717181556
4000 262144 380406.423 392842.202 397142.989 5.28059680792 5.33840811736 5.51292479097 0.66007460099 0.667301014671 0.689115598871
4400 131072 207955.045 208708.486 213338.374 5.40659225236 5.5265294771 5.54655262151 0.675824031545 0.690816184638 0.693319077688
4840 131072 229181.397 230683.958 233842.944 5.42576542314 5.500065852 5.53612542994 0.678220677892 0.6875082315 0.692015678742
5320 131072 250441.472 255378.889 255670.323 5.45470457281 5.46092938794 5.56859081231 0.681838071601 0.682616173493 0.696073851538
5848 131072 278037.284 279330.486 312819.64 4.90064534311 5.48818760871 5.51371416792 0.612580667889 0.686023451089 0.68921427099
6432 131072 302078.548 306880.408 355645.211 4.74098949135 5.4943559903 5.581694626 0.592623686419 0.686794498787 0.697711828249
7072 131072 331377.129 343086.472 387942.416 4.7787565668 5.4035426031 5.59447893581 0.59734457085 0.675442825388 0.699309866976
7776 131072 368676.534 370070.259 377104.453 5.40548309038 5.50822903064 5.52905204431 0.675685386298 0.68852862883 0.691131505538
8552 65536 200844.202 203628.156 221523.27 5.06009027404 5.50477775775 5.58108092162 0.632511284255 0.688097219718 0.697635115202
9400 65536 222194.443 222948.404 233422.904 5.27830293809 5.52628670085 5.54503876589 0.659787867261 0.690785837606 0.693129845736
10336 65536 243273.472 248871.1 257299.335 5.26530778636 5.44362198745 5.56887761276 0.658163473295 0.680452748431 0.696109701595
11368 65536 270180.705 274583.734 284887.34 5.23023064486 5.42649221895 5.51492563468 0.653778830607 0.678311527368 0.689365704335
12504 65536 303536.967 312499.483 323772.209 5.06196715605 5.24456639821 5.39942236426 0.632745894506 0.655570799776 0.674927795533
13752 65536 326792.409 327627.8 337493.17 5.34085517642 5.50167642673 5.51574055687 0.667606897052 0.687709553341 0.689467569609
15120 65536 359565.811 392006.238 395072.446 5.01631703265 5.05555383534 5.51167151985 0.627039629081 0.631944229418 0.688958939981
16632 32768 197126.666 201898.75 205768.063 5.29720081974 5.39871966518 5.52941301204 0.662150102468 0.674839958147 0.691176626505
18288 32768 213378.608 217501.256 219520.902 5.45971867408 5.5104158479 5.61688155731 0.68246483426 0.688801980987 0.702110194664
20112 32768 238586.999 239502.78 239802.731 5.49643461734 5.50331829969 5.52444197515 0.687054327167 0.687914787461 0.690555246893
22120 32768 262927.299 264274.043 264853.959 5.47341759766 5.48542832109 5.51352531865 0.684177199707 0.685678540136 0.689190664831
24328 32768 285659.878 289321.303 290240.225 5.49324204803 5.51068929757 5.58132216244 0.686655256004 0.688836162196 0.697665270304
26760 32768 315483.389 316119.092 317175.54 5.52925159361 5.54772996754 5.55890871326 0.691156449202 0.693466245943 0.694863589157
29432 32768 344451.498 350170.959 352163.655 5.47715678383 5.50832529776 5.59978854265 0.684644597978 0.68854066222 0.699973567832
32368 32768 381253.713 383775.647 396583.982 5.34885256157 5.52736804584 5.56393072557 0.668606570197 0.69092100573 0.695491340697
35600 16384 209246.143 210559.888 215314.337 5.41785008956 5.54018531773 5.57496918832 0.677231261196 0.692523164716 0.69687114854
39160 16384 227948.383 236910.223 240063.461 5.34523194265 5.41637614346 5.62932214351 0.668153992831 0.677047017933 0.703665267939
43072 16384 254656.456 256157.219 256889.849 5.494118594 5.50983220973 5.54230321968 0.68676482425 0.688729026216 0.692787902459
47376 16384 275023.349 280961.2 282725.091 5.49090553834 5.52537776746 5.64467262014 0.686363192293 0.690672220933 0.705584077518
52112 16384 306755.618 307650.786 313807.46 5.44157240876 5.55046856276 5.56666582713 0.680196551095 0.693808570344 0.695833228391
57320 16384 337259.772 343995.028 347587.268 5.40371277351 5.46014217392 5.56918410062 0.675464096688 0.682517771739 0.696148012577
63048 16384 365893.986 373569.857 385274.773 5.36229467586 5.53030932579 5.64632637608 0.670286834482 0.691288665723 0.70579079701
69352 8192 202032.233 202861.166 204354.775 5.56024770158 5.60118622211 5.62416774357 0.695030962697 0.700148277764 0.703020967946
76280 8192 222048.965 222890.825 228852.481 5.46103548687 5.60710168308 5.62836003311 0.682629435859 0.700887710385 0.703545004139
83904 8192 243678.724 245736.535 247977.753 5.54357445121 5.59413412417 5.6413753053 0.692946806402 0.699266765522 0.705171913162
92288 8192 268188.809 269070.129 275527.594 5.48782272602 5.61952602327 5.63799286644 0.685977840753 0.702440752909 0.704749108305
101512 8192 295172.975 296962.215 297206.233 5.59602196499 5.6006202944 5.63456938427 0.699502745624 0.7000775368 0.704321173034
111656 8192 324848.306 327311.464 327747.403 5.58165186743 5.58908594781 5.63146511837 0.697706483429 0.698635743476 0.703933139796
122816 8192 358839.847 361181.855 390896.121 5.14770353528 5.57120275048 5.6075638222 0.64346294191 0.69640034381 0.700945477775
135096 4096 197106.415 199301.616 262508.68 4.21588509759 5.55292252121 5.61476617593 0.526985637199 0.694115315151 0.701845771991
148600 4096 217245.105 218000.302 222148.181 5.4798161953 5.58408033765 5.6034919636 0.684977024412 0.698010042206 0.700436495451
163456 4096 236583.297 239876.401 240704.605 5.5629660762 5.58217292913 5.65987357933 0.695370759525 0.697771616142 0.707484197416
179800 4096 261971.873 264545.759 264790.91 5.56258370048 5.56773847204 5.62244176496 0.695322962559 0.695967309005 0.70280522062
197776 4096 287627.593 289726.157 308177.044 5.25730590108 5.59211156071 5.63291224983 0.657163237636 0.699013945089 0.704114031229
217552 4096 317633.361 320516.647 328150.111 5.4310083229 5.56035388702 5.61082745965 0.678876040362 0.695044235877 0.701353432456
239304 4096 350167.269 358117.65 385619.933 5.0837060023 5.47411826253 5.59840550945 0.635463250288 0.684264782816 0.699800688682
263232 2048 191598.089 194364.469 238252.574 4.52544228127 5.54730130228 5.62739575132 0.565680285158 0.693412662785 0.703424468915
289552 2048 209899.26 213869.932 280276.849 4.23154818613 5.54544989522 5.65035337428 0.528943523266 0.693181236902 0.706294171785
318504 2048 233190.603 236585.95 330948.917 3.94197508131 5.51424285339 5.5945324006 0.492746885164 0.689280356674 0.699316550076
350352 2048 258894.641 274949.451 475418.552 3.0184808438 5.21929317109 5.54295672733 0.377310105475 0.652411646387 0.692869590916
385384 2048 282252.022 357489.524 373499.855 4.22632791651 4.41560593535 5.59263615833 0.528290989564 0.551950741919 0.699079519792
423920 2048 310200.387 317051.673 441163.953 3.93589799935 5.47663509727 5.59759559552 0.491987249919 0.684579387159 0.69969944944
466312 2048 347449.276 356956.151 514204.54 3.7145023107 5.35083636085 5.49724545116 0.464312788837 0.668854545106 0.687155681395
512936 2048 386830.866 391115.134 393416.262 5.34036352569 5.3717835833 5.43127769954 0.667545440712 0.671472947912 0.678909712443
564224 1024 217148.693 235026.889 286972.444 4.02662616624 4.91658957371 5.32138018441 0.50332827078 0.614573696714 0.665172523051
620640 1024 239951.163 285804.072 428413.179 2.96692721491 4.44734993139 5.29720591519 0.370865901863 0.555918741424 0.662150739399
682704 1024 254437.947 277587.166 361494.337 3.86777232419 5.03689638159 5.49516221336 0.483471540524 0.629612047698 0.68689527667
750968 1024 280965.615 282485.82 299687.423 5.13195531732 5.44445899621 5.47391702718 0.641494414666 0.680557374526 0.684239628397
826064 1024 306902.958 313831.113 336087.601 5.03374437785 5.39073088015 5.51242348078 0.629218047232 0.673841360018 0.689052935097
908664 1024 338605.809 452712.053 502469.25 3.70359752761 4.1106567843 5.49590060931 0.462949690951 0.513832098038 0.686987576164
999528 1024 368660.455 389463.631 475380.141 4.30609772569 5.25603209405 5.55262523072 0.538262215712 0.657004011756 0.694078153839
1099480 512 203359.978 289219.011 308915.02 3.64458652739 3.89278531901 5.53632790027 0.455573315924 0.486598164877 0.692040987534
1209424 512 222249.101 231173.993 236602.044 5.23431731638 5.35722102616 5.57235179098 0.654289664547 0.669652628269 0.696543973872
1330360 512 244012.563 256584.035 260399.304 5.23153717799 5.30932737105 5.58286271515 0.653942147249 0.663665921381 0.697857839393
1463392 512 272697.642 285780.792 286733.398 5.2261557895 5.24357637024 5.49514618832 0.653269473687 0.65544704628 0.68689327354
1609728 512 300121.528 306801.643 334881.626 4.92222129858 5.37272700329 5.49231334048 0.615277662322 0.671590875411 0.68653916756
1770696 512 329169.016 345001.504 554884.606 3.26769329045 5.25560811468 5.50839421654 0.408461661306 0.656951014335 0.688549277068
1947760 512 361908.84 373493.255 410912.349 4.85384838118 5.34013991765 5.51107356206 0.606731047647 0.667517489707 0.688884195258
2142536 256 198621.005 217216.789 233124.364 4.70555034737 5.05015490308 5.52297292021 0.588193793421 0.631269362885 0.690371615026
2356784 256 219302.235 269733.193 463419.928 2.60384445099 4.47358144758 5.50233064428 0.325480556373 0.559197680947 0.687791330535
2592456 256 248770.726 252070.232 253246.021 5.24129645457 5.2657446358 5.33558547399 0.655162056821 0.658218079476 0.666948184249
2851696 256 265384.943 271160.554 287422.487 5.07986820113 5.38451603842 5.50170004181 0.634983525141 0.673064504803 0.687712505227
3136864 256 296019.384 299185.185 326754.909 4.91522643964 5.3681614215 5.4255716173 0.614403304955 0.671020177687 0.678196452162
3450544 256 326940.888 328277.639 352830.613 5.00715772075 5.38165966278 5.40366345368 0.625894715094 0.672707457848 0.67545793171
3795592 256 366449.598 372703.185 543500.724 3.57560352394 5.21418432204 5.30316615056 0.446950440493 0.651773040255 0.66289576882
4175144 256 398656.693 409348.578 432365.175 4.94413947192 5.22213546812 5.36219199511 0.61801743399 0.652766933516 0.670273999388
4592656 128 224448.62 225899.172 227939.921 5.15802554832 5.20462260039 5.23825869814 0.64475319354 0.650577825048 0.654782337267
5051920 128 245033.686 252336.778 263477.184 4.9085522335 5.12525970352 5.27801520318 0.613569029188 0.64065746294 0.659751900398
5557112 128 264809.154 275183.769 280512.937 5.07149754737 5.16971141565 5.37224884605 0.633937193421 0.646213926956 0.671531105756
6112816 128 305894.628 306344.599 354106.004 4.41924417639 5.10823726323 5.11575148028 0.552405522048 0.638529657903 0.639468935035
6724096 128 338024.543 344336.22 456938.777 3.76717552251 4.99909238709 5.09243666369 0.470896940314 0.624886548386 0.636554582961
7396504 128 373540.346 375083.979 531903.465 3.55986593169 5.04821621294 5.06907766263 0.444983241461 0.631027026617 0.633634707829
8136152 128 393213.154 408776.846 409695.606 5.08390834926 5.09533485661 5.2970122968 0.635488543658 0.636916857077 0.6621265371
8949760 64 230966.888 355263.944 378114.11 3.02969196257 3.22455824563 4.95988533213 0.378711495321 0.403069780704 0.619985666517
9844736 64 241753.87 248492.567 580155.237 2.17205004391 5.071082098 5.2124344814 0.271506255489 0.63388526225 0.651554310175
10829208 64 263865.535 275879.075 276475.402 5.01360560098 5.0244427708 5.25320074105 0.626700700122 0.628055346351 0.656650092631
11912128 64 278960.085 300057.295 301502.762 5.05717550939 5.0815374577 5.46584427661 0.632146938674 0.635192182213 0.683230534576
13103336 64 329322.479 332116.084 466394.792 3.5961529519 5.05012279983 5.09296241512 0.449519118987 0.631265349979 0.63662030189
14413664 64 360841.949 366741.529 415372.679 4.44167150435 5.03065196088 5.1129005292 0.555208938044 0.62883149511 0.63911256615
15855024 64 381930.84 413141.097 505497.88 4.01474101533 4.91222753373 5.31364021821 0.501842626917 0.614028441717 0.664205027277
17440520 32 202818.13 220102.719 322429.139 3.46182508027 5.07123803409 5.50341964005 0.432728135034 0.633904754262 0.687927455006
19184568 32 223263.922 244392.989 330688.567 3.71289628528 5.02392624692 5.49937643754 0.46411203566 0.627990780865 0.687422054693
21103024 32 244402.008 270572.513 271937.726 4.96655449711 4.99161397078 5.52611472816 0.620819312139 0.623951746348 0.69076434102
23213320 32 267782.357 294722.519 336176.222 4.4192669879 5.04085159506 5.54798492568 0.552408373487 0.630106449382 0.69349811571
25534648 32 297067.107 321317.63 435701.754 3.75077092758 5.08598756937 5.50117274344 0.468846365948 0.635748446171 0.68764659293
28088112 32 327740.282 355079.537 373103.093 4.81807629507 5.06263803087 5.48495033027 0.602259536884 0.632829753859 0.685618791284
30896920 32 361926.619 391568.856 393279.432 5.02798447898 5.04994932488 5.46354641022 0.628498059873 0.63124366561 0.682943301277
33986608 16 197461.074 214374.229 214833.294 5.06239715339 5.07323786573 5.50777646434 0.632799644174 0.634154733217 0.688472058042
37385264 16 221739.798 237463.873 239732.763 4.99025845708 5.03793875206 5.39519048358 0.623782307135 0.629742344007 0.674398810447
41123784 16 244760.588 259517.474 280802.166 4.68643496147 5.07079954084 5.37652364195 0.585804370184 0.633849942605 0.672065455244
45236160 16 270766.36 289328.423 392307.481 3.68985346981 5.00316251335 5.34614831769 0.461231683726 0.625395314169 0.668268539711
49759776 16 286873.551 313869.848 337067.18 4.72402217267 5.07316278434 5.55057385545 0.590502771584 0.634145348042 0.693821731931
54735752 16 319102.27 349682.033 382234.158 4.58238497879 5.00896213904 5.48897400197 0.572798122349 0.62612026738 0.686121750246
60209320 16 349547.641 389740.183 401044.614 4.80419926547 4.94354527462 5.51197609141 0.600524908184 0.617943159328 0.688997011426
66230248 16 398370.378 430495.619 539062.891 3.93157824696 4.92308827886 5.32009419636 0.49144728087 0.615386034858 0.665011774545
72853272 8 212925.289 234818.933 237689.691 4.90409300923 4.96404756255 5.47446645476 0.613011626154 0.620505945319 0.684308306845
80138592 8 232869.586 253322.222 254503.501 5.03811329495 5.06160676263 5.50616116954 0.629764161869 0.632700845329 0.688270146192
88152448 8 256915.384 280512.763 283312.426 4.97838795112 5.02807484735 5.48989766997 0.62229849389 0.628509355918 0.686237208746
96967688 8 283169.554 306981.346 315136.797 4.92320485189 5.0539976719 5.47898948204 0.615400606486 0.631749708987 0.684873685255
106664456 8 311354.719 338835.262 451414.29 3.78063196892 5.03675823445 5.48130859067 0.472578996115 0.629594779306 0.685163573834
117330896 8 354144.743 371827.037 373993.236 5.01959435437 5.04883762931 5.30092391065 0.627449294297 0.631104703664 0.662615488831
129063984 8 377671.036 409080.992 409463.558 5.04324183106 5.04795819015 5.46778425444 0.630405228882 0.630994773768 0.683473031805
141970376 4 214155.522 223177.079 225921.087 5.02725541507 5.08906655239 5.30344955569 0.628406926884 0.636133319049 0.662931194462
156167408 4 234723.292 247646.766 249376.978 5.00984202319 5.04484384827 5.32260455856 0.626230252898 0.630605481034 0.66532556982
171784144 4 270460.161 273172.277 367155.543 3.74302711263 5.03079290143 5.0812406046 0.467878389078 0.628849112679 0.635155075575
188962552 4 284945.831 300511.546 315529.914 4.79098921822 5.03042374285 5.30522033151 0.598873652278 0.628802967857 0.663152541439
207858800 4 329626.159 332049.823 420820.491 3.95149579349 5.00789425206 5.04471612643 0.493936974186 0.625986781508 0.630589515804
228644680 4 366838.482 368134.845 479860.053 3.81185603712 4.96871585193 4.98627469514 0.47648200464 0.621089481491 0.623284336892
251509144 4 378597.336 398965.723 668253.683 3.01094210655 5.04322310416 5.31454651334 0.376367763318 0.63040288802 0.664318314168
276660056 2 210522.573 220567.635 264793.895 4.17925127768 5.01723756525 5.25663451776 0.52240640971 0.627154695656 0.65707931472
304326056 2 240444.741 241844.052 444326.152 2.73966368741 5.0334263503 5.06271927154 0.342457960926 0.629178293787 0.632839908942
334758656 2 268787.187 269539.04 273907.499 4.88863805806 4.96786893654 4.98176508689 0.611079757258 0.620983617067 0.622720635861
368234520 2 276257.149 294626.445 410344.619 3.58951479269 4.99934104693 5.33176457272 0.448689349086 0.624917630866 0.666470571591
405057968 2 306356.547 322553.405 328563.208 4.93126385593 5.02314298 5.28871306282 0.616407981992 0.6278928725 0.661089132853
445563760 2 342241.605 353461.233 356368.418 5.00115877272 5.04229282763 5.2075931563 0.62514484659 0.630286603453 0.650949144538
490120136 2 371101.985 387098.739 390925.468 5.01497268528 5.06454903228 5.28286191732 0.62687158566 0.633068629035 0.660357739666
539132144 1 207878.687 221442.072 225143.391 4.78923357781 4.86928377368 5.18698815911 0.598654197227 0.60866047171 0.648373519889
593045352 1 223552.41 235034.203 293198.78 4.04534665526 5.0464599997 5.30564937323 0.505668331908 0.630807499962 0.663206171653
652349880 1 244999.031 259622.66 358305.089 3.64130959915 5.0253693572 5.32532620507 0.455163699894 0.628171169651 0.665665775633
717584864 1 271358.297 297845.527 410430.3 3.49674409516 4.81850354597 5.2888367294 0.437093011895 0.602312943246 0.661104591175
789343344 1 297560.799 315672.798 341501.975 4.62277469406 5.0010222547 5.30542562497 0.577846836757 0.625127781837 0.663178203121
868277672 1 327430.358 341945.615 354819.599 4.89419228502 5.07845478293 5.30358685922 0.611774035628 0.634806847867 0.662948357403
955105432 1 361225.932 384426.183 457463.153 4.17566060014 4.96899261412 5.28813325617 0.521957575018 0.621124076765 0.661016657021
1050615968 1 395142.187 415719.534 582343.532 3.60823435058 5.05444600061 5.31766033881 0.451029293822 0.631805750076 0.664707542351

META_DATA
ERT_VERSION  1.1.0
UNAME  ('Linux', 'atajo-Inspiron-15-7568', '4.15.0-33-generic', '#36-Ubuntu SMP Wed Aug 15 16:00:05 UTC 2018', 'x86_64', 'x86_64')
TIMESTAMP_DATA  1535252811.24
FLOPS          2
HOSTNAME  ('atajo-Inspiron-15-7568', [], ['127.0.1.1'])
OPENMP_THREADS 1
TIMESTAMP_DATA  1535253038.29
CONFIG  {'ERT_WORKING_SET_MIN': ['1'], 'ERT_CFLAGS': [], 'ERT_CC': ['gcc'], 'ERT_MPI_CFLAGS': ['-I/usr/include/mpi'], 'ERT_MPI_LDFLAGS': ['-lmpi'], 'ERT_MEMORY_MAX': ['1073741824'], 'ERT_PROCS_THREADS': ['1-4'], 'ERT_LDFLAGS': [], 'ERT_LDLIBS': [], 'ERT_RUN': ['export', 'OMP_NUM_THREADS=ERT_OPENMP_THREADS;', 'mpirun', '-np', 'ERT_MPI_PROCS', 'ERT_CODE'], 'ERT_FLOPS': ['1,2,4'], 'ERT_OPENMP_CFLAGS': ['-fopenmp'], 'ERT_MPI': ['False'], 'ERT_TRIALS_MIN': ['1'], 'ERT_DRIVER': ['driver1'], 'ERT_RESULTS': ['Results/myLaptop'], 'ERT_OPENMP': ['True'], 'ERT_MPI_PROCS': ['1,2,4,8'], 'ERT_KERNEL': ['kernel1'], 'ERT_GPU': [False], 'ERT_OPENMP_THREADS': ['1,2,4'], 'ERT_LD': ['gcc'], 'ERT_NUM_EXPERIMENTS': ['3'], 'ERT_OPENMP_LDFLAGS': ['-fopenmp'], 'ERT_ALIGN': ['64'], 'ERT_GNUPLOT': ['gnuplot']}
TIMESTAMP_DATA  1535252928.12
