64 16777216 322187.714 325089.678 326746.794 6.57231742571 6.6058192349 6.66531824364 0.821539678213 0.825727404363 0.833164780455
128 8388608 231992.775 260382.676 260515.858 8.24319741795 8.24741369506 9.25668330835 1.03039967724 1.03092671188 1.15708541354
192 4194304 170326.242 185296.834 188496.303 8.54453222884 8.69206829513 9.45604574543 1.0680665286 1.08650853689 1.18200571818
256 4194304 232012.598 232809.343 234496.587 9.15784607134 9.22421591989 9.25589242357 1.14473075892 1.15302698999 1.15698655295
320 2097152 139387.733 140409.04 142461.64 9.42132408415 9.55905175336 9.62909182259 1.17766551052 1.19488146917 1.20363647782
384 2097152 145980.53 166647.953 169882.61 9.48073929403 9.66476159476 11.0330654095 1.18509241175 1.20809519935 1.37913317618
448 2097152 188711.656 189147.927 190088.344 9.88513105254 9.93427853957 9.95724499392 1.23564138157 1.24178481745 1.24465562424
512 2097152 214099.228 214307.017 217309.719 9.88213347236 10.0205941833 10.0303194367 1.23526668405 1.25257427292 1.25378992959
576 1048576 120752.375 121670.798 135628.196 8.90640432908 9.92809755386 10.0036090553 1.11330054114 1.24101219423 1.25045113191
640 1048576 108943.354 121871.864 130810.958 10.2604346037 11.0130200355 12.3199555615 1.28255432546 1.37662750444 1.53999444519
704 1048576 143102.459 147252.071 147568.738 10.0047952433 10.026310652 10.3170484862 1.25059940541 1.2532888315 1.28963106078
768 1048576 157160.046 157204.437 171850.876 9.3721531917 10.245338915 10.2482327856 1.17151914896 1.28066736437 1.2810290982
832 1048576 157127.493 168901.534 170248.862 10.2487055919 10.3304595446 11.1045523014 1.28108819899 1.29130744307 1.38806903767
896 1048576 181036.061 181597.325 185498.166 10.1297399997 10.3473340921 10.3794138119 1.26621749996 1.29341676151 1.29742672649
960 1048576 193080.739 195494.868 214124.068 9.40233360409 10.2983057335 10.4270676113 1.17529170051 1.28728821669 1.30338345142
1024 1048576 210284.879 212056.952 212404.452 10.110351397 10.1269193382 10.2122589994 1.26379392462 1.26586491727 1.27653237492
1088 524288 102831.748 110994.166 112033.354 10.1831342834 10.2784743479 11.0943430428 1.27289178542 1.28480929349 1.38679288035
1152 524288 119002.451 119027.208 129168.282 9.35182796656 10.1486002427 10.1507115345 1.16897849582 1.26857503034 1.26883894181
1216 524288 115705.525 116393.157 131776.141 9.67601878704 10.9548400341 11.0199440865 1.20950234838 1.36935500426 1.37749301081
1280 524288 123641.243 134754.442 136974.132 9.79876463097 9.96017096045 10.8554172332 1.22484557887 1.24502137006 1.35692715415
1408 524288 131355.7 140904.976 144174.374 10.2403427672 10.4779479754 11.2396721878 1.28004284589 1.30974349692 1.40495902348
1536 524288 146266.077 152407.228 153484.361 10.4936602368 10.5678238305 11.0115261791 1.3117075296 1.32097797881 1.37644077239
1664 524288 168304.457 170049.372 178001.468 9.80233749533 10.2607286547 10.3671078895 1.22529218692 1.28259108184 1.29588848619
1792 524288 160125.62 167358.088 177244.838 10.6014268918 11.2277106799 11.7348378854 1.32517836147 1.40346383498 1.46685473568
1920 524288 179509.458 194733.577 198408.147 10.1470930022 10.3385659064 11.215375181 1.26838662527 1.2923207383 1.40192189762
2112 262144 102527.082 114344.349 120391.502 9.19746192717 9.68387389219 10.8000367747 1.1496827409 1.21048423652 1.35000459683
2304 262144 112713.975 114330.745 116196.973 10.395791911 10.5654830816 10.7170344405 1.29947398888 1.3206853852 1.33962930506
2496 262144 124477.568 127527.05 127983.945 10.2248985058 10.2615315574 10.5129210751 1.27811231323 1.28269144468 1.31411513438
2688 262144 131081.373 140890.222 144189.197 9.7738677607 10.0027249868 10.7512311761 1.22173347009 1.25034062335 1.34390389701
2944 262144 137684.769 148037.875 152009.774 10.1539778093 10.4264119706 11.2104184305 1.26924722617 1.30330149632 1.40130230382
3200 262144 157873.54 160103.092 169745.735 9.88373345581 10.4790081131 10.6269967722 1.23546668198 1.30987601414 1.32837459653
3520 262144 168734.041 176926.675 178283.414 10.3514607366 10.4308395554 10.9372936786 1.29393259207 1.30385494443 1.36716170983
3840 262144 188139.721 190137.058 193475.775 10.4057777776 10.5884983242 10.7009083956 1.3007222222 1.32356229052 1.33761354945
4224 131072 95710.614 104555.186 105502.141 10.4954861153 10.5905436006 11.5692106625 1.31193576441 1.32381795007 1.44615133281
4608 131072 93734.227 115535.149 116763.566 10.345346527 10.4553424863 12.8870700774 1.29316831588 1.30691781079 1.61088375968
5056 131072 115732.333 117008.537 129565.67 10.2295620746 11.3273791638 11.4522884802 1.27869525932 1.41592239547 1.43153606002
5504 131072 137919.732 140145.499 142655.451 10.1141636431 10.295304425 10.4614514187 1.26427045539 1.28691305313 1.30768142734
6016 131072 140852.127 150629.227 151702.912 10.3957022526 10.4698028093 11.1965529921 1.29946278157 1.30872535116 1.39956912401
6592 131072 161968.029 163561.907 163570.649 10.5645680234 10.5651326748 10.6691009248 1.32057100293 1.32064158435 1.33363761561
7232 131072 179725.591 180532.088 180874.486 10.4814418547 10.5013210062 10.5484444227 1.31018023183 1.31266512577 1.31855555284
7936 131072 196036.796 196128.333 199272.174 10.4398659494 10.607211881 10.6121647897 1.30498324367 1.32590148513 1.32652059871
8704 65536 107626.393 109633.558 111993.111 10.1867934359 10.4060354221 10.6001014825 1.27334917949 1.30075442776 1.32501268532
9536 65536 118685.139 118854.156 119356.095 10.4720466265 10.5162716565 10.5312476569 1.30900582832 1.31453395706 1.31640595711
10432 65536 115804.446 128960.258 130165.05 10.5046869647 10.6028254379 11.8073454969 1.31308587059 1.32535317974 1.47591818711
11456 65536 134247.856 138343.814 142028.555 10.572246067 10.8538342885 11.1849892932 1.32153075837 1.35672928607 1.39812366165
12544 65536 145380.216 153378.669 159223.573 10.3261542058 10.7196599026 11.3094285676 1.29076927573 1.33995748783 1.41367857095
13760 65536 162775.714 167508.472 173143.038 10.4165361821 10.7669224038 11.0799742522 1.30206702276 1.34586530047 1.38499678152
15104 65536 184279.385 186418.607 186936.239 10.5903034029 10.6197096945 10.7429894451 1.32378792536 1.32746371182 1.34287368063
16576 32768 102414.834 104220.119 104928.563 10.3529935505 10.4233687931 10.6071034202 1.29412419381 1.30292109914 1.32588792752
18176 32768 109294.665 112139.452 114416.717 10.4109116852 10.6223306317 10.8988150154 1.30136396065 1.32779132896 1.36235187692
19968 32768 110516.001 123147.76 125546.279 10.4234299768 10.6264445898 11.841026061 1.3029287471 1.32830557373 1.48012825763
21952 32768 133702.192 133800.553 134363.385 10.7071303093 10.7521698509 10.7600799245 1.33839128867 1.34402123136 1.34500999056
24128 32768 146958.646 147345.793 149021.822 10.6108795798 10.7315762181 10.7598474199 1.32635994747 1.34144702727 1.34498092749
26496 32768 161076.161 161116.106 166123.717 10.4527028853 10.7775808335 10.7802535473 1.30658786066 1.34719760419 1.34753169341
29120 32768 178725.683 178799.715 181320.86 10.5250345713 10.6734416215 10.6778627893 1.31562932141 1.33418020269 1.33473284866
32000 32768 195663.821 195934.665 197232.043 10.6329172892 10.7033229674 10.7181388428 1.32911466115 1.33791537092 1.33976735536
35200 16384 106840.638 107604.642 108503.319 10.6303992415 10.7191806837 10.7958322001 1.32879990519 1.33989758546 1.34947902501
38720 16384 117651.541 117952.896 118896.373 10.671283976 10.7566410239 10.7841932984 1.333910497 1.34458012799 1.3480241623
42560 16384 116554.149 131197.959 132443.624 10.5298091209 10.6297848734 11.9653061857 1.31622614011 1.32872310918 1.49566327321
46784 16384 142654.521 146777.724 146801.991 10.4427610386 10.4444875573 10.7463689286 1.30534512982 1.30556094466 1.34329611608
51456 16384 155271.726 156130.29 156639.307 10.7642854166 10.7993792108 10.8590936124 1.34553567707 1.34992240135 1.35738670156
56576 16384 164182.689 174039.362 175536.235 10.5612517438 10.6520866699 11.2915824396 1.32015646798 1.33151083374 1.41144780495
62208 16384 182564.91 188351.128 195361.8 10.4341367862 10.8225088198 11.1655177548 1.30426709828 1.35281360248 1.39568971934
68416 8192 107259.315 107606.511 108228.866 10.35701274 10.4169137498 10.4506330662 1.2946265925 1.30211421872 1.30632913328
75200 8192 113785.326 114022.392 117666.013 10.4709658175 10.8055687869 10.8280816456 1.30887072718 1.35069609836 1.3535102057
82688 8192 114855.726 120331.714 126700.382 10.6926291035 11.2585464543 11.795321306 1.33657863794 1.40731830679 1.47441516325
90944 8192 137406.083 137772.616 139941.366 10.6475057275 10.8151136217 10.8439631162 1.33093821594 1.35188920271 1.35549538953
100032 8192 152564.34 153382.652 155231.484 10.5579373834 10.685199836 10.742512228 1.31974217292 1.3356499795 1.34281402849
110016 8192 166897.753 167603.147 168170.941 10.7182735215 10.7545841248 10.8000384163 1.33978419018 1.34432301561 1.35000480204
120960 8192 186530.773 187365.552 190011.27 10.4299531286 10.5772305466 10.6245667035 1.30374414107 1.32215381833 1.32807083794
133056 4096 73433.343 101454.39 103521.345 10.5291788085 10.7436923331 14.8433219498 1.31614735106 1.34296154163 1.85541524373
146304 4096 103828.584 112350.758 114922.842 10.4289308126 10.667683862 11.543279527 1.30361635157 1.33346048275 1.44290994087
160896 4096 112457.801 122082.361 122350.969 10.7727796745 10.7964821552 11.7204855535 1.34659745931 1.3495602694 1.46506069419
176960 4096 134084.593 134877.734 136206.791 10.6430546477 10.7479290837 10.8115055396 1.33038183096 1.34349113546 1.35143819246
194624 4096 116646.256 137193.551 149114.788 10.6921642674 11.6212445584 13.6683324667 1.33652053343 1.45265556979 1.70854155833
214080 4096 162608.841 166384.38 169353.264 10.3555332716 10.5403124981 10.7850431084 1.29444165895 1.31753906226 1.34813038856
235456 4096 168210.465 179165.119 186755.75 10.3282257815 10.765798403 11.4669176618 1.29102822269 1.34572480037 1.43336470772
258944 4096 186855.847 197752.626 198386.799 10.6925927466 10.7268828278 11.3524370902 1.33657409332 1.34086035348 1.41905463627
284800 2048 98634.181 109219.582 109586.875 10.644895203 10.6806927717 11.8269426296 1.33061190038 1.33508659647 1.47836782869
313280 2048 120749.524 122895.256 123391.577 10.3993717497 10.4413703325 10.6269146038 1.29992146871 1.30517129156 1.32836432548
344576 2048 131229.562 132170.525 133136.526 10.6010224121 10.6785026087 10.7550713002 1.32512780152 1.33481282608 1.34438391252
379008 2048 132724.456 145245.34 145973.135 10.634948465 10.6882380392 11.6965389408 1.32936855813 1.3360297549 1.4620673676
416896 2048 158862.311 160497.806 164760.958 10.3641423109 10.6394352581 10.7489687469 1.29551778887 1.32992940726 1.34362109336
458560 2048 174189.845 174981.372 179863.805 10.4426889001 10.7340669383 10.7828430526 1.30533611251 1.34175836728 1.34785538158
504384 2048 191923.95 192274.074 198597.779 10.4027188743 10.7448540566 10.7644557336 1.30033985929 1.34310675708 1.3455569667
554816 1024 86713.461 108733.599 114194.161 9.95027379727 10.4499729472 13.1036537453 1.24378422466 1.3062466184 1.63795671816
610240 1024 115777.076 116440.556 118362.885 10.5588125872 10.7331290998 10.7946371007 1.3198515734 1.34164113747 1.34932963759
671232 1024 117570.121 128482.099 131992.049 10.4148935214 10.6994137448 11.6924531871 1.30186169017 1.3374267181 1.46155664839
738304 1024 121506.059 130909.484 142418.231 10.6169454668 11.5503212281 12.4442073461 1.32711818335 1.44379015351 1.55552591826
812096 1024 148741.661 154847.132 159808.57 10.4072804606 10.7407388598 11.1816191699 1.30091005758 1.34259235747 1.39770239624
893248 1024 170568.182 171581.977 175338.762 10.4333570235 10.6617952304 10.7251650487 1.30416962793 1.3327244038 1.34064563108
982528 1024 187067.778 187978.96 191683.524 10.4976019953 10.7044817356 10.7566218272 1.31220024941 1.33806021695 1.3445777284
1080768 512 103656.779 103779.284 103902.56 10.6513875308 10.6640399639 10.676643078 1.33142344135 1.33300499549 1.33458038475
1188800 512 113693.712 116526.587 117335.277 10.3748099559 10.4468107351 10.7071110494 1.29685124449 1.30585134189 1.33838888117
1307648 512 116405.243 117932.304 120264.184 11.1340842091 11.3542388861 11.5031893538 1.39176052614 1.41927986076 1.43789866922
1438400 512 127963.357 138287.856 138360.4 10.6455430889 10.6511276015 11.510495149 1.33069288611 1.33139095019 1.43881189363
1582208 512 142499.16 146539.571 155884.429 10.3934754895 11.0562695178 11.3697581937 1.29918443618 1.38203368973 1.42121977421
1740416 512 155773.808 166176.766 168228.217 10.5938588412 10.7246399536 11.4408577853 1.32423235515 1.3405799942 1.43010722316
1914432 512 176177.68 183438.11 185332.081 10.5776525976 10.6868652757 11.1272799596 1.32220657469 1.33585815946 1.39090999496
2105856 256 103735.206 103924.699 106539.856 10.1201401286 10.374802933 10.3937545755 1.26501751607 1.29685036663 1.29921932193
2316416 256 95711.185 110261.869 110739.898 10.709825577 10.756256925 12.3914983604 1.33872819713 1.34453211563 1.54893729505
2548032 256 122202.998 123198.25 124226.086 10.5017587369 10.5893743134 10.6756168453 1.31271984211 1.32367178917 1.33445210567
2802816 256 133507.36 133687.276 138672.77 10.3484035979 10.7343184403 10.748784127 1.29355044974 1.34178980504 1.34359801587
3083072 256 135942.313 148955.585 149330.477 10.5707347603 10.597339227 11.6117846546 1.32134184504 1.32466740337 1.45147308182
3391360 256 162934.766 164948.629 165027.774 10.5217217558 10.5267702468 10.6568804352 1.31521521947 1.31584628084 1.3321100544
3730496 256 169746.855 178284.492 181826.636 10.5045882937 10.7132927299 11.252131605 1.31307353671 1.33916159124 1.40651645063
4103488 256 181144.368 196020.9 200730.321 10.4667089931 10.7181726846 11.5984056209 1.30833862414 1.33977158558 1.44980070261
4513792 128 107533.513 109434.416 114159.643 10.1220599647 10.5591165397 10.7457732921 1.26525749559 1.31988956746 1.34322166151
4965120 128 120743.17 122230.849 141937.269 8.95515835238 10.398935542 10.5270610338 1.11939479405 1.29986694276 1.31588262922
5461632 128 122294.189 131537.704 148889.044 9.39073658099 10.6294830264 11.4329045675 1.17384207262 1.3286853783 1.42911307094
6007744 128 144449.018 145017.843 156586.594 9.82192935367 10.6054705558 10.6472337804 1.22774116921 1.32568381947 1.33090422255
6608512 128 141994.453 160823.29 183164.82 9.23637558784 10.5194905041 11.9144025436 1.15454694848 1.31493631302 1.48930031795
7269312 128 169698.675 175867.888 202614.482 9.18465379982 10.5814875766 10.9661661884 1.14808172498 1.32268594708 1.37077077355
7996224 128 191984.414 193509.288 221806.896 9.22889856409 10.5784759231 10.6624975505 1.15361232051 1.32230949038 1.33281219381
8795840 64 109310.1 109336.127 124550.682 9.03943279893 10.2973056655 10.299757479 1.12992909987 1.28716320819 1.28746968487
9675392 64 116275.873 126654.256 144284.938 8.58336423168 9.77819628896 10.650964332 1.07292052896 1.22227453612 1.33137054151
10642880 64 110119.704 132652.272 157985.928 8.62284797922 10.2696216164 12.3709798566 1.0778559974 1.28370270205 1.54637248208
11707136 64 132520.648 142138.459 176282.966 8.50061376889 10.5426315899 11.3077730196 1.06257672111 1.31782894874 1.41347162746
12877824 64 155474.5 156573.822 186970.542 8.81615603382 10.5276951852 10.6021339319 1.10201950423 1.31596189815 1.32526674149
14165568 64 170719.83 175122.982 192422.016 9.42300024546 10.3538249708 10.6208675583 1.17787503068 1.29422812136 1.32760844478
15582080 64 187280.567 189704.291 221084.167 9.02147931742 10.5137644989 10.649830209 1.12768491468 1.31422056236 1.33122877613
17140288 32 96818.291 106127.577 123373.571 8.89151884888 10.3364126743 11.3302808867 1.11143985611 1.29205158429 1.41628511084
18854272 32 114615.337 115785.62 144171.471 8.36971003785 10.4216171922 10.5280273965 1.04621375473 1.30270214902 1.31600342457
20739648 32 124480.368 128796.956 153805.149 8.62999373317 10.3056587145 10.6630265746 1.07874921665 1.28820733931 1.33287832183
22813568 32 137265.369 137291.88 158510.906 9.21115391265 10.6347757202 10.6368296872 1.15139423908 1.32934696502 1.3296037109
25094912 32 152412.634 154965.126 179864.83 8.92934081666 10.3641019722 10.537672146 1.11616760208 1.29551274653 1.31720901825
27604352 32 164715.525 172812.415 196866.529 8.97399134822 10.2230995846 10.725634563 1.12174891853 1.27788744807 1.34070432037
30364736 32 181270.851 181585.209 185994.252 10.4484040937 10.7021002135 10.7206596829 1.30605051171 1.33776252668 1.34008246036
33401152 32 199127.515 200975.19 222409.0 9.61145334946 10.6365055707 10.7352001455 1.20143166868 1.32956319633 1.34190001819
36741248 16 113419.407 117175.837 129394.805 9.08629937655 10.033808728 10.3661266365 1.13578742207 1.254226091 1.29576582956
40415360 16 121472.395 121490.717 136065.724 9.50490308639 10.6451879776 10.6467936192 1.1881128858 1.3306484972 1.33084920241
44456896 16 134096.983 135261.324 167452.376 8.49567325339 10.5175716896 10.6088939525 1.06195915667 1.3146964612 1.32611174407
48902528 16 146360.798 146424.714 151093.055 10.3570670141 10.6872730241 10.6919401738 1.29463337676 1.33590912802 1.33649252172
53792768 16 160385.076 161508.365 163565.357 10.5240413225 10.6580769114 10.7327228875 1.31550516531 1.33225961392 1.34159036094
59172032 16 178340.253 180299.555 185389.963 10.2136328923 10.5019949938 10.6173732074 1.27670411154 1.31274937423 1.32717165092
65089216 16 195624.413 196659.569 200944.427 10.3653280815 10.5911699217 10.6472136072 1.29566601018 1.32389624021 1.3309017009
71598080 8 107014.214 108063.503 109883.905 10.4252691056 10.600889738 10.7048329113 1.3031586382 1.32511121724 1.33810411391
78757888 8 120775.534 121419.687 121548.956 10.3672318502 10.3782692835 10.4336214982 1.29590398127 1.29728366043 1.30420268728
86633664 8 131608.454 133765.987 133975.226 10.3462309069 10.3624146548 10.5322916718 1.29327886336 1.29530183185 1.31653645897
95297024 8 143535.31 144153.946 144201.846 10.5737369271 10.577250407 10.6228382689 1.32171711588 1.32215630088 1.32785478361
104826688 8 156736.538 157287.899 165124.0 10.1573787457 10.6634205089 10.7009318274 1.26967234321 1.33292756361 1.33761647842
115309312 8 167604.169 172750.39 174526.699 10.5711561759 10.6798542799 11.0077750632 1.32139452199 1.33498178499 1.3759718829
126840192 8 189663.295 189847.913 194290.834 10.4453876193 10.68983609 10.7002415623 1.30567345241 1.33622951125 1.33753019529
139524160 4 104719.883 105599.803 106030.265 10.5271195918 10.5700318399 10.6588476612 1.31588994897 1.32125397999 1.33235595766
153476544 4 109101.237 114859.532 117758.573 10.4265219994 10.6896861812 11.2538811269 1.30331524992 1.33621077265 1.40673514087
168824192 4 126261.417 127022.803 130528.078 10.3471494922 10.6326856604 10.6968032523 1.29339368653 1.32908570755 1.33710040653
185706560 4 139444.563 141009.705 141403.058 10.5065088479 10.5358172333 10.6540724718 1.31331360599 1.31697715416 1.33175905897
204277184 4 145689.639 151099.205 152680.989 10.7034771172 10.8155266072 11.2171152542 1.33793463966 1.3519408259 1.40213940677
224704896 4 167461.144 172670.342 176469.978 10.1866571775 10.4108160509 10.7346643231 1.27333214718 1.30135200636 1.34183304039
247175360 4 185143.201 185241.776 189189.469 10.451971193 10.674713462 10.6803969539 1.30649639912 1.33433918276 1.33504961924
271892864 2 104832.412 104988.334 105802.043 10.2793048713 10.3589743219 10.3743816941 1.28491310891 1.29487179023 1.29679771176
299082112 2 103187.959 105705.183 115000.877 10.4027767371 11.3175949755 11.5936826311 1.30034709214 1.41469937193 1.44921032889
328990272 2 127002.92 131517.836 132860.238 9.90485270695 10.005951497 10.3616600941 1.23810658837 1.25074393712 1.29520751176
361889280 2 133481.238 137098.51 141934.297 10.1987831736 10.5585182509 10.844648594 1.2748478967 1.31981478136 1.35558107425
398078208 2 140413.805 149972.065 150024.265 10.6137019368 10.6173961931 11.3401444537 1.3267127421 1.32717452414 1.41751805672
437886016 2 164536.881 165788.452 166073.538 10.5467980335 10.5649340643 10.6452975974 1.31834975419 1.32061675804 1.33066219968
481674560 2 181884.031 182052.032 182075.086 10.5818883974 10.5832284256 10.5930038465 1.32273604968 1.3229035532 1.32412548081
529841984 2 190304.372 204126.009 206872.548 10.2448002719 10.3826452414 11.1367275156 1.28060003399 1.29783065518 1.39209093946
582826176 1 111057.978 112189.55 112441.745 10.3667223592 10.3900260942 10.4958902817 1.2958402949 1.29875326178 1.31198628522
641108736 1 104945.734 120495.283 124862.248 10.2690564405 10.6412254495 12.2179094197 1.28363205506 1.33015318118 1.52723867747
705219584 1 117173.58 131669.144 136800.656 10.3101783956 10.7119946644 12.037177391 1.28877229945 1.33899933306 1.50464717388
775741504 1 145274.01 146067.642 149605.351 10.3705047823 10.6216749087 10.6797011248 1.29631309778 1.32770936358 1.3349626406
853315648 1 162146.462 162256.707 164101.828 10.3998311097 10.5180939978 10.525245355 1.29997888872 1.31476174973 1.31565566938
938647168 1 178095.898 178652.951 178997.927 10.487799314 10.5080510873 10.5409184438 1.31097491425 1.31350638591 1.31761480548
1032511872 1 193721.154 195963.049 200055.504 10.322254088 10.5378220769 10.6597741205 1.29028176101 1.31722775961 1.33247176506

META_DATA
ERT_VERSION  1.1.0
OPENMP_THREADS 8
FLOPS          2
HOSTNAME  ('atajo-Inspiron-15-7568', [], ['127.0.1.1'])
TIMESTAMP_DATA  1535269562.57
TIMESTAMP_DATA  1535269464.18
UNAME  ('Linux', 'atajo-Inspiron-15-7568', '4.15.0-33-generic', '#36-Ubuntu SMP Wed Aug 15 16:00:05 UTC 2018', 'x86_64', 'x86_64')
CONFIG  {'ERT_WORKING_SET_MIN': ['1'], 'ERT_CFLAGS': [], 'ERT_CC': ['gcc'], 'ERT_MPI_CFLAGS': ['-I/usr/include/mpi'], 'ERT_MPI_LDFLAGS': ['-mpicc'], 'ERT_MEMORY_MAX': ['1073741824'], 'ERT_PROCS_THREADS': ['1-4'], 'ERT_LDFLAGS': [], 'ERT_LDLIBS': [], 'ERT_RUN': ['export', 'OMP_NUM_THREADS=ERT_OPENMP_THREADS;', 'mpirun', '-np', 'ERT_MPI_PROCS', 'ERT_CODE'], 'ERT_FLOPS': ['1,2,4,8,16'], 'ERT_OPENMP_CFLAGS': ['-fopenmp'], 'ERT_MPI': ['False'], 'ERT_TRIALS_MIN': ['1'], 'ERT_DRIVER': ['driver1'], 'ERT_RESULTS': ['Results/myLaptop'], 'ERT_OPENMP': ['True'], 'ERT_MPI_PROCS': ['1,2,4,8'], 'ERT_KERNEL': ['kernel1'], 'ERT_GPU': [False], 'ERT_OPENMP_THREADS': ['1,2,4,8'], 'ERT_LD': ['gcc'], 'ERT_NUM_EXPERIMENTS': ['3'], 'ERT_OPENMP_LDFLAGS': ['-fopenmp'], 'ERT_ALIGN': ['64'], 'ERT_GNUPLOT': ['gnuplot']}
TIMESTAMP_DATA  1535269512.66
