8 134217728 2484311.661 2489027.057 2489187.079 0.862724889631 0.862780355063 0.864417972073 0.431362444815 0.431390177532 0.432208986037
16 67108864 1246134.278 1247255.613 1255957.583 1.7098377183 1.72176707454 1.72331640812 0.854918859151 0.860883537271 0.861658204061
24 33554432 788794.937 789119.611 790837.709 2.03659071598 2.04102485041 2.04186495178 1.01829535799 1.02051242521 1.02093247589
32 33554432 1044887.544 1047807.131 1049060.126 2.04705487777 2.04950279919 2.05522944582 1.02352743888 1.0247513996 1.02761472291
40 16777216 643507.477 643553.123 645685.097 2.07868709722 2.08557340806 2.08572134431 1.03934354861 1.04278670403 1.04286067215
48 16777216 771731.482 772023.223 784308.053 2.05354609052 2.08622317052 2.08701183451 1.02677304526 1.04311158526 1.04350591726
56 16777216 897840.074 897940.16 899193.863 2.08970308775 2.09262072876 2.09285400197 1.04485154388 1.04631036438 1.04642700099
64 16777216 1027482.118 1032480.752 1033879.86 2.07711140441 2.07992608467 2.09004479044 1.03855570221 1.03996304233 1.04502239522
72 8388608 572646.677 573372.562 574859.618 2.10131224072 2.10676204628 2.10943257076 1.05065612036 1.05338102314 1.05471628538
80 8388608 636094.029 636349.237 641279.385 2.09296807506 2.10918345141 2.11002967928 1.04648403753 1.05459172571 1.05501483964
88 8388608 698345.971 698672.916 699480.785 2.11070130826 2.11314189256 2.11413120331 1.05535065413 1.05657094628 1.05706560166
96 8388608 760584.431 762928.43 763949.174 2.10827210869 2.11109282689 2.11759887575 1.05413605434 1.05554641344 1.05879943788
104 8388608 826347.793 826812.563 826856.398 2.1101976936 2.11030956964 2.11149648947 1.0550988468 1.05515478482 1.05574824473
112 8388608 886519.503 886687.459 888338.289 2.11523944793 2.1191775895 2.11957907936 1.05761972397 1.05958879475 1.05978953968
120 8388608 949382.326 951428.5 952523.469 2.11361292978 2.11604542012 2.12060606656 1.05680646489 1.05802271006 1.06030303328
128 8388608 1009535.994 1014135.33 1015046.057 2.1156514359 2.11755136072 2.12719869402 1.05782571795 1.05877568036 1.06359934701
136 4194304 536805.336 539280.99 539386.017 2.11509132985 2.11550325184 2.12525958945 1.05754566493 1.05775162592 1.06262979472
144 4194304 569932.325 570884.567 571537.304 2.11352704985 2.11594361072 2.11947892585 1.05676352492 1.05797180536 1.05973946293
152 4194304 623087.181 623114.392 623114.652 2.04628219206 2.04628304589 2.04637240964 1.02314109603 1.02314152295 1.02318620482
160 4194304 635284.783 635877.547 637547.607 2.1052189127 2.11074803055 2.11271750232 1.05260945635 1.05537401527 1.05635875116
176 4194304 690622.449 691569.173 692313.982 2.13255119265 2.13484791636 2.13777442384 1.06627559632 1.06742395818 1.06888721192
192 4194304 758482.477 758935.566 760785.098 2.11704033141 2.1221995755 2.12346729798 1.0585201657 1.06109978775 1.06173364899
208 4194304 819509.138 823686.841 823949.04 2.11764366398 2.11831776004 2.1291165444 1.05882183199 1.05915888002 1.0645582722
224 4194304 881667.204 882123.2 884187.253 2.12516996329 2.13014258326 2.1312442875 1.06258498165 1.06507129163 1.06562214375
240 4194304 943451.232 944511.607 948364.778 2.12288137086 2.1315417461 2.13393745401 1.06144068543 1.06577087305 1.06696872701
264 2097152 536538.487 536658.25 557780.793 1.98518175939 2.06331730855 2.06377787024 0.992590879693 1.03165865427 1.03188893512
288 2097152 565418.531 565676.213 566749.796 2.13138065602 2.13542575106 2.13639894303 1.06569032801 1.06771287553 1.06819947152
312 2097152 609630.818 611196.479 611667.892 2.13943361277 2.14108374796 2.1465825043 1.06971680639 1.07054187398 1.07329125215
336 2097152 676524.465 678358.03 681340.403 2.06840242821 2.07749607387 2.08312665234 1.0342012141 1.03874803693 1.04156332617
368 2097152 722028.129 725817.876 738244.17 2.09077692005 2.12657186195 2.13773371148 1.04538846003 1.06328593097 1.06886685574
400 2097152 784502.63 784744.053 826702.954 2.02941285244 2.1379220315 2.13857995607 1.01470642622 1.06896101575 1.06928997803
440 2097152 861734.07 862380.295 896679.413 2.05814222256 2.13999991732 2.14160472964 1.02907111128 1.06999995866 1.07080236482
480 2097152 943701.965 945766.964 972934.751 2.06927126195 2.12871245945 2.13337048631 1.03463563098 1.06435622972 1.06668524315
528 1048576 518740.275 520806.519 537287.896 2.06089931347 2.12611827157 2.1345870166 1.03044965673 1.06305913579 1.0672935083
576 1048576 566525.246 567935.575 583155.163 2.07142048745 2.12693059772 2.13222545779 1.03571024372 1.06346529886 1.06611272889
632 1048576 628869.395 629183.602 646003.713 2.05169109299 2.10653942631 2.1075919333 1.02584554649 1.05326971315 1.05379596665
688 1048576 684262.736 689504.203 701683.708 2.05625491878 2.09257691211 2.10860609542 1.02812745939 1.04628845605 1.05430304771
752 1048576 748304.803 751622.745 768199.117 2.05292907672 2.09820460396 2.10750792682 1.02646453836 1.04910230198 1.05375396341
824 1048576 817757.73 841020.046 842373.001 2.05141100908 2.05471112873 2.11316039532 1.02570550454 1.02735556436 1.05658019766
904 1048576 898422.712 918146.953 921097.759 2.05822388501 2.06483875136 2.11017083905 1.0291119425 1.03241937568 1.05508541952
992 1048576 986556.141 1008021.822 1009543.992 2.06070740897 2.06381919379 2.10872417447 1.03035370449 1.03190959689 1.05436208724
1088 524288 542332.817 551532.101 551581.813 2.06832542537 2.06851185259 2.10359884602 1.03416271269 1.03425592629 1.05179942301
1192 524288 592492.32 603862.158 604528.035 2.0675676224 2.06984752305 2.10956758393 1.0337838112 1.03492376153 1.05478379197
1304 524288 646987.698 659860.313 660119.576 2.07135669614 2.07217054437 2.11339892277 1.03567834807 1.03608527219 1.05669946139
1432 524288 711915.843 721564.379 722957.53 2.0769696278 2.08097970978 2.1091830541 1.0384848139 1.04048985489 1.05459152705
1568 524288 780694.013 789283.713 791004.253 2.07858195675 2.08311300603 2.10603276139 1.03929097838 1.04155650302 1.0530163807
1720 524288 856147.683 865935.566 866803.263 2.08069212125 2.08277704579 2.10658833261 1.04034606063 1.0413885229 1.05329416631
1888 524288 940938.491 947153.731 948629.309 2.08691790272 2.09016912799 2.10397545316 1.04345895136 1.045084564 1.05198772658
2072 262144 516014.627 519416.371 519805.821 2.0898664311 2.09143337918 2.10522081964 1.04493321555 1.04571668959 1.05261040982
2272 262144 566614.495 568482.033 570909.907 2.08646289265 2.09537376179 2.10228002727 1.04323144632 1.0476868809 1.05114001363
2496 262144 624605.502 624850.906 625031.299 2.09369170807 2.09429615198 2.0951189892 1.04684585403 1.04714807599 1.0475594946
2744 262144 685542.488 685675.41 686329.136 2.09614628979 2.09814476503 2.09855158095 1.04807314489 1.04907238251 1.04927579047
3016 262144 752621.105 753306.418 755054.414 2.09422338136 2.09908288343 2.10099424198 1.04711169068 1.04954144171 1.05049712099
3312 262144 826274.366 826889.009 829548.129 2.0932382285 2.09996969013 2.10153180039 1.04661911425 1.04998484506 1.0507659002
3640 262144 908494.287 910042.693 924158.18 2.06502345735 2.09705361592 2.10062776102 1.03251172867 1.04852680796 1.05031388051
4000 262144 996690.799 997018.783 997403.11 2.10261225273 2.10342275969 2.10411493926 1.05130612637 1.05171137984 1.05205746963
4400 131072 547318.204 548126.574 548795.692 2.10175410779 2.1043197953 2.10742780264 1.0508770539 1.05215989765 1.05371390132
4840 131072 602218.955 606154.713 606963.287 2.09036853987 2.09315696602 2.1068366405 1.04518426993 1.04657848301 1.05341832025
5320 131072 663718.815 663878.847 668674.815 2.08562674818 2.10069365262 2.10120015959 1.04281337409 1.05034682631 1.05060007979
5848 131072 726823.995 729238.082 729959.305 2.10014188668 2.10221894583 2.1092012957 1.05007094334 1.05110947291 1.05460064785
6432 131072 800959.548 802594.836 802890.665 2.10004958521 2.10082364397 2.10511281401 1.0500247926 1.05041182199 1.05255640701
7072 131072 880632.446 881718.203 887227.321 2.08952353486 2.102579216 2.10517154622 1.04476176743 1.051289608 1.05258577311
7776 131072 966886.282 968046.242 969449.402 2.10266955634 2.10571732585 2.10824352558 1.05133477817 1.05285866292 1.05412176279
8552 65536 532232.521 532781.757 534674.095 2.09646914725 2.10391540114 2.1060865313 1.04823457362 1.05195770057 1.05304326565
9400 65536 584911.151 586281.578 587566.385 2.09691505752 2.10151034287 2.10643411037 1.04845752876 1.05075517143 1.05321705518
10336 65536 642092.355 644069.777 644389.666 2.1023927966 2.10343698832 2.10991484551 1.0511963983 1.05171849416 1.05495742275
11368 65536 707018.603 707327.452 708108.909 2.10423351135 2.10655827338 2.10747848738 1.05211675567 1.05327913669 1.05373924369
12504 65536 777675.315 777826.202 778769.203 2.10450577872 2.10705718551 2.10746600334 1.05225288936 1.05352859275 1.05373300167
13752 65536 854791.648 856843.655 857308.813 2.10251208977 2.10365348857 2.10870350479 1.05125604489 1.05182674429 1.05435175239
15120 65536 939921.639 941166.351 951988.504 2.08175690323 2.10569432056 2.10848283279 1.04087845162 1.05284716028 1.0542414164
16632 32768 517263.751 519612.884 531215.197 2.0518892497 2.0977053987 2.10723204534 1.02594462485 1.04885269935 1.05361602267
18288 32768 568390.889 569154.209 570523.36 2.10074197137 2.10579549276 2.1086234688 1.05037098569 1.05289774638 1.0543117344
20112 32768 625137.355 625376.095 626935.708 2.10238468663 2.10762778197 2.10843268517 1.05119234331 1.05381389098 1.05421634258
22120 32768 688271.93 688344.257 688440.268 2.10571110869 2.10600481555 2.1062261249 1.05285555435 1.05300240778 1.05311306245
24328 32768 757762.625 757821.68 768167.757 2.07553596655 2.10387199268 2.10403595453 1.03776798328 1.05193599634 1.05201797727
26760 32768 832512.379 833206.16 833685.164 2.10360389717 2.10481324334 2.10656730667 1.05180194858 1.05240662167 1.05328365334
29432 32768 915595.889 916173.085 917546.973 2.10218725445 2.10533968262 2.10666689876 1.05109362723 1.05266984131 1.05333344938
32368 32768 1007058.6 1007683.156 1010248.22 2.0997505425 2.1050954711 2.10640100586 1.04987527125 1.05254773555 1.05320050293
35600 16384 561355.251 562884.514 565543.821 2.06268861348 2.07243363601 2.07807942995 1.03134430674 1.036216818 1.03903971498
39160 16384 612492.363 612755.754 615061.415 2.08628739945 2.094137626 2.09503817111 1.04314369972 1.047068813 1.04751908556
43072 16384 674740.037 674798.164 675622.82 2.08901069387 2.09156362791 2.09174381036 1.04450534693 1.04578181395 1.04587190518
47376 16384 740005.193 740948.499 743575.214 2.08777368956 2.09517499542 2.09784577552 1.04388684478 1.04758749771 1.04892288776
52112 16384 811199.487 815010.404 816105.247 2.09238455736 2.095195359 2.10503833319 1.04619227868 1.0475976795 1.0525191666
57320 16384 892024.836 899232.504 901529.883 2.0834159748 2.0887387318 2.10561599206 1.0417079874 1.0443693659 1.05280799603
63048 16384 978809.726 986124.611 989304.547 2.08829209394 2.09502616703 2.11068281109 1.04414604697 1.04751308352 1.05534140555
69352 8192 537652.121 541309.52 542363.867 2.09502003569 2.09910065502 2.11337986705 1.04751001785 1.04955032751 1.05668993353
76280 8192 590631.424 594544.782 597494.742 2.09168622274 2.10206456744 2.11599225713 1.04584311137 1.05103228372 1.05799612856
83904 8192 648395.397 653551.681 657612.387 2.09041551403 2.10340387144 2.12013092992 1.04520775701 1.05170193572 1.06006546496
92288 8192 714245.447 717138.234 720299.315 2.09919204491 2.10844509512 2.11698457211 1.04959602245 1.05422254756 1.05849228606
101512 8192 783047.916 787744.928 792939.884 2.09747629241 2.11130855799 2.12397297026 1.04873814621 1.055654279 1.06198648513
111656 8192 867512.492 870266.697 872051.852 2.09777881878 2.10208193684 2.1087556904 1.04888940939 1.05104096842 1.0543778452
122816 8192 946356.518 952539.575 955307.372 2.10635592583 2.11247637034 2.1262783166 1.05317796291 1.05623818517 1.0631391583
135096 4096 520422.711 523156.182 525724.171 2.10510852087 2.1154417554 2.12655291287 1.05255426044 1.0577208777 1.06327645643
148600 4096 572410.587 574877.935 576542.783 2.11143255261 2.11754726679 2.12667485132 1.05571627631 1.0587736334 1.06333742566
163456 4096 629138.746 633749.306 634590.624 2.11007144032 2.11287261276 2.12835651995 1.05503572016 1.05643630638 1.06417825997
179800 4096 694512.987 694954.125 697539.058 2.11159731216 2.11945155373 2.12079777854 1.05579865608 1.05972577686 1.06039888927
197776 4096 760497.782 763545.749 767089.926 2.11211350467 2.12191737577 2.13042171897 1.05605675233 1.06095868789 1.06521085948
217552 4096 836814.295 840211.386 842435.957 2.11551509547 2.12111620206 2.12972698321 1.05775754773 1.06055810103 1.06486349161
239304 4096 919448.42 925738.707 925769.095 2.11756730548 2.11763681607 2.13212435342 1.05878365274 1.05881840803 1.06606217671
263232 2048 507328.306 507354.238 508907.332 2.11865344475 2.1251389882 2.12524761431 1.05932672237 1.0625694941 1.06262380716
289552 2048 556359.623 557385.459 560650.9 2.11540727394 2.12780038096 2.13172369628 1.05770363697 1.06390019048 1.06586184814
318504 2048 611926.719 614251.937 617582.827 2.11241687263 2.12387182753 2.13194218114 1.05620843631 1.06193591376 1.06597109057
350352 2048 674011.684 674328.241 677020.505 2.11964302617 2.12810572767 2.12910521593 1.05982151309 1.06405286383 1.06455260796
385384 2048 739811.976 742394.552 747899.063 2.11062286623 2.12627215508 2.1336946619 1.05531143312 1.06313607754 1.06684733095
423920 2048 813719.582 815009.101 818988.638 2.12014701967 2.13049930101 2.13387554928 1.06007350984 1.06524965051 1.06693777464
466312 2048 895433.139 898901.895 901416.002 2.11890397748 2.12483026526 2.13306149707 1.05945198874 1.06241513263 1.06653074853
512936 2048 983607.573 985631.732 991088.042 2.11987812078 2.13161344931 2.13600008141 1.05993906039 1.06580672466 1.0680000407
564224 1024 541839.954 542216.512 544114.807 2.12368922355 2.13112423991 2.13260528957 1.06184461178 1.06556211995 1.06630264478
620640 1024 595105.777 595878.842 599044.8 2.12182915201 2.13310262156 2.13587360285 1.060914576 1.06655131078 1.06793680143
682704 1024 654505.898 655121.806 659727.38 2.11932661033 2.13422569543 2.13623406034 1.05966330517 1.06711284771 1.06811703017
750968 1024 720702.998 721079.199 724470.208 2.12290643151 2.1328897937 2.13400314452 1.06145321575 1.06644489685 1.06700157226
826064 1024 791590.468 799067.189 805709.258 2.0997389011 2.11719251558 2.13718979749 1.04986945055 1.05859625779 1.06859489875
908664 1024 870847.126 871424.12 877241.06 2.12135974575 2.13552026997 2.13693519384 1.06067987287 1.06776013498 1.06846759692
999528 1024 957801.281 959240.503 962674.653 2.12640203793 2.13401471018 2.13722134707 1.06320101896 1.06700735509 1.06861067353
1099480 512 526956.146 528217.603 530293.239 2.12310366642 2.13144642209 2.13654879736 1.06155183321 1.06572321105 1.06827439868
1209424 512 579610.816 580170.587 587990.55 2.10624163262 2.13463109601 2.13669265965 1.05312081631 1.067315548 1.06834632982
1330360 512 638158.089 638306.935 641751.987 2.122764974 2.13422190063 2.13471969326 1.061382487 1.06711095031 1.06735984663
1463392 512 701389.262 702465.325 704300.869 2.12766088182 2.13322046608 2.13649322735 1.06383044091 1.06661023304 1.06824661368
1609728 512 771647.407 771720.076 774929.536 2.1271114281 2.13595774331 2.13615889465 1.06355571405 1.06797887166 1.06807944733
1770696 512 848092.281 849120.7 852075.687 2.12797141341 2.13537687163 2.13796628577 1.06398570671 1.06768843581 1.06898314289
1947760 512 932998.804 933328.814 937223.882 2.12810010319 2.136981319 2.13773718835 1.0640500516 1.0684906595 1.06886859418
2142536 256 513966.746 514593.186 515425.456 2.12829696172 2.13173913267 2.1343373682 1.06414848086 1.06586956633 1.0671686841
2356784 256 564356.276 565372.893 567686.832 2.12559696646 2.13429653763 2.13814120497 1.06279848323 1.06714826882 1.06907060249
2592456 256 620506.562 621319.569 625367.989 2.12249027028 2.13632008104 2.13911915407 1.06124513514 1.06816004052 1.06955957703
2851696 256 683217.488 685923.272 686006.634 2.12835893946 2.12861760433 2.13704768634 1.06417946973 1.06430880217 1.06852384317
3136864 256 751784.526 752425.509 756374.167 2.12338606747 2.13452939698 2.13634932944 1.06169303373 1.06726469849 1.06817466472
3450544 256 826879.968 828548.41 831159.103 2.12555998199 2.13225745977 2.13655983501 1.06277999099 1.06612872988 1.0682799175
3795592 256 910005.656 914397.569 924045.468 2.10308168948 2.12527151196 2.1355285994 1.05154084474 1.06263575598 1.0677642997
4175144 256 1001502.08 1001896.03 1007875.132 2.12097080296 2.13362830473 2.13446758693 1.06048540148 1.06681415236 1.06723379346
4592656 128 550894.724 552626.204 553161.724 2.12545424781 2.12751390993 2.13420075521 1.0627271239 1.06375695496 1.0671003776
5051920 128 605643.747 605752.566 608750.937 2.12450025354 2.13501616434 2.13539977323 1.06225012677 1.06750808217 1.06769988661
5557112 128 665873.178 666478.457 670661.783 2.1212192316 2.13453361779 2.13647390975 1.0606096158 1.0672668089 1.06823695488
6112816 128 732558.335 737319.417 740055.653 2.11454488545 2.12239208669 2.13618604995 1.05727244273 1.06119604334 1.06809302497
6724096 128 805107.514 806329.051 810892.24 2.12280805154 2.13482147749 2.13806050256 1.06140402577 1.06741073875 1.06903025128
7396504 128 886669.937 886740.256 891528.018 2.12388728763 2.13535475714 2.1355241054 1.06194364382 1.06767737857 1.0677620527
8136152 128 975821.564 976602.206 981121.331 2.1229330626 2.13275671425 2.13446288629 1.0614665313 1.06637835713 1.06723144315
8949760 64 535841.402 537281.599 540667.837 2.1188041929 2.13215803804 2.13788870312 1.05940209645 1.06607901902 1.06894435156
9844736 64 590147.406 590500.518 593389.392 2.12360757538 2.13399678677 2.13527365399 1.06180378769 1.06699839339 1.06763682699
10829208 64 649718.731 651409.61 652171.87 2.12541921503 2.12790631689 2.13344414723 1.06270960751 1.06395315844 1.06672207362
11912128 64 714318.55 715323.029 719500.485 2.11918187102 2.13155780282 2.1345552121 1.05959093551 1.06577890141 1.06727760605
13103336 64 784815.469 786331.145 789418.481 2.12463610666 2.13297796821 2.13709728497 1.06231805333 1.0664889841 1.06854864248
14413664 64 863549.666 863941.964 868775.07 2.12362101044 2.13550107401 2.13647120095 1.06181050522 1.067750537 1.06823560048
15855024 64 949698.694 951414.137 956578.493 2.12156460432 2.13308063553 2.13693362413 1.06078230216 1.06654031776 1.06846681206
17440520 32 521753.575 523017.656 525473.574 2.12416634295 2.13414072583 2.13931122561 1.06208317147 1.06707036292 1.06965561281
19184568 32 574932.793 575497.181 577938.688 2.12446817888 2.13348108824 2.13557543934 1.06223408944 1.06674054412 1.06778771967
21103024 32 632602.652 633040.343 635679.112 2.12464671326 2.13350310282 2.13497925077 1.06232335663 1.06675155141 1.06748962538
23213320 32 695505.144 697712.141 701061.049 2.1191485137 2.12932009162 2.1360769116 1.05957425685 1.06466004581 1.0680384558
25534648 32 764197.841 765666.816 770314.591 2.12149359637 2.13437155411 2.13847433783 1.06074679819 1.06718577706 1.06923716891
28088112 32 841838.343 844123.808 846241.554 2.12426246324 2.12959183352 2.13537335635 1.06213123162 1.06479591676 1.06768667818
30896920 32 926555.225 926879.837 931880.761 2.12194838949 2.13339723345 2.13414465392 1.06097419474 1.06669861673 1.06707232696
33986608 16 508986.61 509016.49 513052.432 2.11980567319 2.1366134052 2.13673883484 1.0599028366 1.0683067026 1.06836941742
37385264 16 560129.0 560973.328 563452.7 2.12321007247 2.13259416854 2.13580880119 1.06160503623 1.06629708427 1.06790440059
41123784 16 617608.815 627837.828 629844.838 2.08934170546 2.0960207068 2.13073559839 1.04467085273 1.0480103534 1.0653677992
45236160 16 678445.839 678578.272 681851.706 2.12297939165 2.13322055794 2.13363696376 1.06148969583 1.06661027897 1.06681848188
49759776 16 744590.783 745055.955 749763.934 2.12375223693 2.137172143 2.13850730946 1.06187611846 1.0685860715 1.06925365473
54735752 16 819835.431 820540.059 824146.308 2.12528291033 2.1346234651 2.13645812046 1.06264145516 1.06731173255 1.06822906023
60209320 16 901917.555 902042.617 908251.966 2.1213257027 2.13592817422 2.13622434702 1.06066285135 1.06796408711 1.06811217351
66230248 16 991568.912 997825.452 1004943.37 2.10894265216 2.12398664692 2.13738844608 1.05447132608 1.06199332346 1.06869422304
72853272 8 545185.001 545571.956 548959.831 2.12338369071 2.13656940974 2.13808587885 1.06169184535 1.06828470487 1.06904293943
80138592 8 599459.497 601343.803 603458.502 2.12478151812 2.13225357209 2.13895597353 1.06239075906 1.06612678604 1.06947798677
88152448 8 659564.873 661091.68 666585.484 2.11591641561 2.13350010395 2.13843887954 1.0579582078 1.06675005197 1.06921943977
96967688 8 725953.857 726162.21 730667.336 2.12337808406 2.13655156745 2.13716477024 1.06168904203 1.06827578373 1.06858238512
106664456 8 797623.514 799061.734 803025.27 2.1252522925 2.13579404867 2.13964516598 1.06262614625 1.06789702434 1.06982258299
117330896 8 880064.649 883924.568 884580.97 2.12224137718 2.1238173527 2.1331323081 1.06112068859 1.06190867635 1.06656615405
129063984 8 965569.766 967453.495 973020.929 2.12228091139 2.13449406578 2.13865824792 1.0611404557 1.06724703289 1.06932912396
141970376 4 531332.37 534869.99 537942.165 2.11131062388 2.12343752544 2.13757540878 1.05565531194 1.06171876272 1.06878770439
156167408 4 584094.488 585768.569 588560.318 2.12270386873 2.1328205884 2.13893349392 1.06135193437 1.0664102942 1.06946674696
171784144 4 643022.026 644497.17 648107.775 2.12043923096 2.13231836534 2.13721007436 1.06021961548 1.06615918267 1.06860503718
188962552 4 707500.93 708496.484 711401.211 2.12496182551 2.13367384333 2.13667622458 1.06248091276 1.06683692166 1.06833811229
207858800 4 777857.94 780449.191 782230.134 2.12580713491 2.13065811225 2.13775589923 1.06290356746 1.06532905612 1.06887794962
228644680 4 858405.157 862413.178 871199.152 2.09958588206 2.12097575346 2.13087890384 1.04979294103 1.06048787673 1.06543945192
251509144 4 942007.539 942165.324 947549.058 2.12345011059 2.1355839583 2.13594166575 1.0617250553 1.06779197915 1.06797083287
276660056 2 517364.978 518197.169 523364.307 2.11447400826 2.13555822031 2.13899330465 1.05723700413 1.06777911016 1.06949665232
304326056 2 570565.475 570850.575 573011.424 2.12439782701 2.13243934107 2.13350487777 1.06219891351 1.06621967053 1.06675243889
334758656 2 626160.898 627080.089 630462.418 2.12389285352 2.13534865401 2.13848330082 1.06194642676 1.067674327 1.06924165041
368234520 2 688274.851 690291.369 692938.937 2.12563907345 2.13379182494 2.14004344029 1.06281953672 1.06689591247 1.07002172015
405057968 2 759082.041 763067.305 763479.91 2.1221670024 2.12331449845 2.13446213253 1.0610835012 1.06165724923 1.06723106627
445563760 2 835156.23 835453.653 839604.272 2.12273221973 2.13327817001 2.13403789133 1.06136610987 1.066639085 1.06701894566
490120136 2 916800.263 917444.195 923557.855 2.12274795064 2.13689350773 2.13839439529 1.06137397532 1.06844675386 1.06919719765
539132144 1 504312.17 504584.423 507642.621 2.1240617777 2.13693534491 2.13808896977 1.06203088885 1.06846767246 1.06904448489
593045352 1 554420.651 555060.245 558492.72 2.12373529954 2.13686841146 2.13933355812 1.06186764977 1.06843420573 1.06966677906
652349880 1 610165.579 611927.571 615123.624 2.12103666498 2.13211468453 2.13827165101 1.06051833249 1.06605734227 1.06913582551
717584864 1 672075.641 673203.822 676166.291 2.12251002025 2.13185023777 2.13542887206 1.06125501012 1.06592511889 1.06771443603
789343344 1 737930.475 740210.595 743098.312 2.12446544758 2.1327534335 2.13934339546 1.06223272379 1.06637671675 1.06967169773
868277672 1 812225.431 813075.314 818134.12 2.12258027327 2.13578657979 2.13802138879 1.06129013663 1.0678932899 1.0690106944
955105432 1 892904.702 894261.889 899364.945 2.12395521375 2.13607544669 2.13932221403 1.06197760688 1.06803772334 1.06966110701
1050615968 1 982217.935 984905.367 989119.605 2.12434565585 2.13343535979 2.1392726208 1.06217282793 1.06671767989 1.0696363104

META_DATA
ERT_VERSION  1.1.0
FLOPS          8
TIMESTAMP_DATA  1535271249.39
TIMESTAMP_DATA  1535270980.18
OPENMP_THREADS 1
HOSTNAME  ('atajo-Inspiron-15-7568', [], ['127.0.1.1'])
CONFIG  {'ERT_WORKING_SET_MIN': ['1'], 'ERT_CFLAGS': [], 'ERT_CC': ['gcc'], 'ERT_MPI_CFLAGS': ['-I/usr/include/mpi'], 'ERT_MPI_LDFLAGS': ['-mpicc'], 'ERT_MEMORY_MAX': ['1073741824'], 'ERT_PROCS_THREADS': ['1-4'], 'ERT_LDFLAGS': [], 'ERT_LDLIBS': [], 'ERT_RUN': ['export', 'OMP_NUM_THREADS=ERT_OPENMP_THREADS;', 'mpirun', '-np', 'ERT_MPI_PROCS', 'ERT_CODE'], 'ERT_FLOPS': ['1,2,4,8,16'], 'ERT_OPENMP_CFLAGS': ['-fopenmp'], 'ERT_MPI': ['False'], 'ERT_TRIALS_MIN': ['1'], 'ERT_DRIVER': ['driver1'], 'ERT_RESULTS': ['Results/myLaptop'], 'ERT_OPENMP': ['True'], 'ERT_MPI_PROCS': ['1,2,4,8'], 'ERT_KERNEL': ['kernel1'], 'ERT_GPU': [False], 'ERT_OPENMP_THREADS': ['1,2,4,8'], 'ERT_LD': ['gcc'], 'ERT_NUM_EXPERIMENTS': ['3'], 'ERT_OPENMP_LDFLAGS': ['-fopenmp'], 'ERT_ALIGN': ['64'], 'ERT_GNUPLOT': ['gnuplot']}
UNAME  ('Linux', 'atajo-Inspiron-15-7568', '4.15.0-33-generic', '#36-Ubuntu SMP Wed Aug 15 16:00:05 UTC 2018', 'x86_64', 'x86_64')
TIMESTAMP_DATA  1535270710.56
