8 134217728 782600.047 782657.509 797944.915 2.69126804073 2.74383574336 2.74403720806 0.336408505091 0.342979467919 0.343004651008
16 67108864 475982.436 476097.04 476439.167 4.507361688 4.51060071283 4.51168674636 0.563420211 0.563825089104 0.563960843295
24 33554432 327924.36 328071.534 330414.743 4.87451837462 4.90933399909 4.91153733135 0.609314796828 0.613666749886 0.613942166419
32 33554432 413827.847 414283.112 415014.695 5.17447616644 5.18361377955 5.18931643573 0.646809520805 0.647951722444 0.648664554466
40 16777216 254273.965 254407.29 254537.487 5.27300436497 5.2757029093 5.27846915039 0.659125545621 0.659462863662 0.659808643799
48 16777216 302646.865 302991.614 303446.767 5.30772745389 5.31570070451 5.32175588867 0.663465931736 0.664462588064 0.665219486083
56 16777216 351700.734 353164.757 354199.881 5.30505031988 5.32059939378 5.34274742799 0.663131289985 0.665074924223 0.667843428499
64 16777216 399045.055 399458.878 399536.157 5.37494194299 5.37598177503 5.38155684701 0.671867742874 0.671997721878 0.672694605876
72 8388608 221757.36 221885.869 222238.073 5.43543028291 5.44405805311 5.44721289972 0.679428785364 0.680507256638 0.680901612465
80 8388608 245004.401 246726.848 246777.769 5.43880952259 5.43993201745 5.47817620631 0.679851190323 0.679991502181 0.684772025789
88 8388608 267887.134 268386.688 269916.478 5.46982169796 5.50099939383 5.51125761792 0.683727712244 0.687624924229 0.68890720224
96 8388608 292659.015 292757.002 293196.488 5.49328795507 5.50153446373 5.50337646698 0.686660994384 0.687691807966 0.687922058372
104 8388608 315730.791 315760.664 315897.563 5.52340590231 5.52580059181 5.52632341772 0.690425737789 0.690725073976 0.690790427216
112 8388608 339918.186 340431.665 341035.04 5.50983908281 5.51960462315 5.52794251497 0.688729885351 0.689950577894 0.690992814371
120 8388608 362817.175 363849.346 364391.215 5.5250122317 5.53324045277 5.54898185291 0.690626528963 0.691655056596 0.693622731614
128 8388608 386670.458 387763.118 388504.769 5.52756058446 5.53813281437 5.55378256489 0.690945073058 0.692266601797 0.694222820612
136 4194304 205214.29 205252.33 205953.018 5.53937348954 5.55828373788 5.55931406141 0.692421686193 0.694785467234 0.694914257677
144 4194304 216828.173 217796.786 217905.063 5.54351301144 5.54626895183 5.57104519808 0.69293912643 0.693283618979 0.69638064976
152 4194304 257226.219 257395.352 258274.575 4.93687160651 4.95373520187 4.95699241297 0.617108950813 0.619216900234 0.619624051621
160 4194304 248493.583 266460.579 267784.245 5.01215924783 5.03705758292 5.40125529117 0.626519905979 0.629632197864 0.675156911396
176 4194304 264445.703 264915.523 265612.541 5.55845368762 5.57307850926 5.58297976201 0.694806710953 0.696634813657 0.697872470251
192 4194304 287491.208 287923.732 288043.31 5.591564463 5.5938867033 5.60230257894 0.698945557875 0.699235837913 0.700287822367
208 4194304 308896.572 309871.514 310407.457 5.62109712461 5.63081917882 5.64859121842 0.702637140576 0.703852397352 0.706073902303
224 4194304 335313.181 335635.173 335805.375 5.59564656164 5.59848413742 5.60386020733 0.699455820205 0.699810517177 0.700482525917
240 4194304 358476.886 358704.067 359384.369 5.60198521044 5.61260968363 5.61616661667 0.700248151305 0.701576210453 0.702020827083
264 2097152 211945.977 212428.066 212647.842 5.20718313238 5.21257043314 5.22442686421 0.650897891548 0.651571304142 0.653053358026
288 2097152 214843.6 215063.567 215254.394 5.61177651036 5.61675586828 5.62250656757 0.701472063794 0.702094483535 0.702813320946
312 2097152 232078.81 232963.594 234124.788 5.58942459352 5.61728476768 5.63870026738 0.69867807419 0.70216059596 0.704837533422
336 2097152 264624.37 264713.988 265149.896 5.31505448526 5.32380685527 5.32560982195 0.664381810657 0.665475856909 0.665701227744
368 2097152 273831.614 274046.085 274058.707 5.63201909874 5.63227849798 5.63668982355 0.704002387343 0.704034812247 0.704586227944
400 2097152 297032.039 297444.986 298875.264 5.61345083412 5.64044337261 5.64828496498 0.701681354266 0.705055421576 0.706035620622
440 2097152 326617.68 326801.532 327760.428 5.63061798296 5.64713925515 5.65031801095 0.70382724787 0.705892406894 0.706289751369
480 2097152 355921.75 356189.504 356885.292 5.64121291947 5.65223258235 5.65648466271 0.705151614934 0.706529072794 0.707060582839
528 1048576 195703.449 195760.222 196172.055 5.64451575939 5.65639047957 5.65803138196 0.705564469924 0.707048809947 0.707253922745
576 1048576 212518.036 212644.702 213250.171 5.6645185621 5.6806472987 5.68403310484 0.708064820262 0.710080912338 0.710504138105
632 1048576 240731.378 241006.689 241592.511 5.48609747262 5.49943269002 5.50572208331 0.685762184077 0.687429086252 0.688215260414
688 1048576 261095.54 261640.017 264437.729 5.45625838437 5.51460205722 5.52610196252 0.682032298046 0.689325257153 0.690762745315
752 1048576 283371.616 284660.696 291435.318 5.41134929981 5.54013366145 5.56533616973 0.676418662477 0.692516707681 0.695667021216
824 1048576 310632.817 311201.82 317547.415 5.44187471342 5.55283785937 5.56300929402 0.680234339177 0.694104732421 0.695376161753
904 1048576 338758.399 339588.921 345405.045 5.4887021352 5.58270688695 5.59639381222 0.6860877669 0.697838360869 0.699549226527
992 1048576 372325.808 372578.99 378739.57 5.49288996658 5.58371470168 5.58751163443 0.686611245823 0.69796433771 0.698438954304
1088 524288 205764.389 207373.1 209804.837 5.43767581488 5.50144009999 5.54445156202 0.67970947686 0.687680012499 0.693056445253
1192 524288 222414.622 222743.271 225713.635 5.53755909341 5.61140449446 5.6196961367 0.692194886676 0.701425561807 0.702462017088
1304 524288 243258.378 244457.09 247716.913 5.51978097676 5.59338697847 5.62094968832 0.689972622095 0.699173372308 0.70261871104
1432 524288 267605.4 270013.997 270157.912 5.55808571692 5.56104812596 5.61110064296 0.694760714615 0.695131015745 0.70138758037
1568 524288 293750.509 295253.459 295294.024 5.56789854982 5.5686635258 5.59715512867 0.695987318727 0.696082940725 0.699644391084
1720 524288 319316.372 322428.126 322549.061 5.59155470615 5.59365196323 5.6481623811 0.698944338269 0.699206495404 0.706020297638
1888 524288 350172.804 353751.534 353903.211 5.59393480044 5.59633329533 5.65352724537 0.699241850055 0.699541661917 0.706690905671
2072 262144 192229.065 193671.965 194586.905 5.58272272227 5.60909647403 5.6511991878 0.697840340284 0.701137059254 0.706399898475
2272 262144 210851.538 212458.094 212643.922 5.60176996735 5.60666959575 5.64938888897 0.700221245919 0.700833699468 0.706173611122
2496 262144 230619.534 232823.799 232931.652 5.61805506793 5.6206575686 5.6743798988 0.702256883491 0.702582196075 0.70929748735
2744 262144 253458.025 254916.505 255307.207 5.63496146037 5.64359797731 5.67607307758 0.704370182546 0.705449747163 0.709509134698
3016 262144 279796.582 280448.537 281837.855 5.61050469249 5.63829865156 5.65143647109 0.701313086562 0.704787331445 0.706429558886
3312 262144 307281.535 307376.708 308491.198 5.62882139671 5.64923044202 5.65098015408 0.703602674589 0.706153805252 0.70637251926
3640 262144 337523.699 337823.581 338254.731 5.64192646872 5.64912702172 5.65414614042 0.70524080859 0.706140877715 0.706768267552
4000 262144 369824.023 371365.315 371651.208 5.64279613481 5.64714020209 5.67067542824 0.705349516851 0.705892525262 0.70883442853
4400 131072 203294.454 203889.151 204112.065 5.65098197404 5.65716024783 5.67370913129 0.706372746756 0.707145030978 0.709213641411
4840 131072 224039.186 224148.895 224981.784 5.63946528222 5.66042032016 5.66319215247 0.704933160278 0.70755254002 0.707899019058
5320 131072 246508.322 246916.116 247032.646 5.64543230452 5.64809661918 5.65744015733 0.705679038065 0.706012077397 0.707180019667
5848 131072 269428.572 271288.722 271763.638 5.64099790274 5.65087299132 5.68988693597 0.705124737843 0.706359123915 0.711235866996
6432 131072 296480.273 298031.942 299106.015 5.63716583232 5.65748153263 5.68709071581 0.70464572904 0.707185191579 0.710886339477
7072 131072 326515.509 326986.859 327577.36 5.65937269902 5.6695928811 5.67777737014 0.707421587377 0.708699110138 0.709722171268
7776 131072 358476.577 359170.604 359955.354 5.66301270796 5.67538579521 5.68637360092 0.707876588495 0.709423224402 0.710796700115
8552 65536 197488.301 197634.883 199758.433 5.61141638511 5.6717100088 5.67591972954 0.701427048139 0.708963751101 0.709489966193
9400 65536 216852.464 218059.868 218116.19 5.64871777744 5.65017676705 5.68163615609 0.70608972218 0.706272095881 0.710204519511
10336 65536 238786.899 239360.981 240018.336 5.64440290095 5.65990407601 5.6735113931 0.705550362619 0.707488009501 0.709188924138
11368 65536 262432.456 262987.836 263335.605 5.65827965421 5.66576203167 5.6777523585 0.707284956776 0.708220253959 0.709719044812
12504 65536 288392.461 289198.398 289466.984 5.66186950012 5.66712782413 5.68296508972 0.707733687514 0.708390978016 0.710370636214
13752 65536 316850.57 317487.519 318359.422 5.66184638946 5.67739528684 5.68880827325 0.707730798682 0.709674410855 0.711101034156
15120 65536 348522.366 348597.183 350502.933 5.65418560991 5.68509654308 5.68631695792 0.706773201239 0.710637067885 0.71078961974
16632 32768 191550.232 191729.339 192675.52 5.65715225266 5.68507020201 5.69038596623 0.707144031582 0.710633775251 0.711298245778
18288 32768 210827.504 211392.11 211762.1 5.65975860647 5.66966462466 5.68484825395 0.707469825809 0.708708078083 0.710606031744
20112 32768 231398.059 232611.998 232775.566 5.66236420192 5.66634586063 5.69607211787 0.70779552524 0.708293232579 0.712009014734
22120 32768 254879.475 255678.128 256092.646 5.66067141186 5.66984877173 5.68761497959 0.707583926483 0.708731096467 0.710951872449
24328 32768 280997.259 281223.652 281707.751 5.65962350109 5.66936598917 5.67393366638 0.707452937637 0.708670748647 0.709241708297
26760 32768 308396.942 309223.545 310330.639 5.65120919304 5.67144186902 5.68664315744 0.70640114913 0.708930233628 0.71083039468
29432 32768 339907.042 340342.937 340380.142 5.66676875057 5.66738822025 5.67465604905 0.708346093821 0.708423527532 0.709332006131
32368 32768 373032.213 375257.286 377185.296 5.62394470436 5.65283960403 5.68655782014 0.702993088044 0.706604950503 0.710819727518
35600 16384 204969.808 205061.859 205820.629 5.66775451843 5.68872634672 5.69128112761 0.708469314803 0.71109079334 0.711410140951
39160 16384 224702.785 225263.62 225797.71 5.68294018571 5.69641418352 5.71063184642 0.710367523214 0.712051772941 0.713828980802
43072 16384 247082.263 247645.853 248160.761 5.68737495127 5.69920020425 5.71219997285 0.710921868909 0.712400025532 0.714024996606
47376 16384 272136.501 272296.676 273628.595 5.67344494094 5.70119617619 5.70455180505 0.709180617618 0.712649522024 0.713068975631
52112 16384 299282.067 299732.245 300564.819 5.68132365485 5.69710481433 5.7056743597 0.710165456856 0.712138101791 0.713209294963
57320 16384 328769.42 329774.954 332260.26 5.65298347747 5.69558645136 5.71300627656 0.706622934684 0.71194830642 0.71412578457
63048 16384 361676.12 362060.851 365771.339 5.64821964905 5.70610398306 5.71217382005 0.706027456132 0.713262997882 0.714021727506
69352 8192 198809.02 199050.452 203022.888 5.5967244836 5.70841792412 5.71535017878 0.69959056045 0.713552240514 0.714418772347
76280 8192 218750.353 218992.409 221298.568 5.64744512942 5.70691708314 5.71323201476 0.705930641178 0.713364635392 0.714154001845
83904 8192 240519.211 240692.785 243186.929 5.65278381389 5.71135996453 5.71548164608 0.706597976736 0.713919995566 0.71443520576
92288 8192 264512.549 264731.731 266921.294 5.66476570431 5.71161827216 5.71635106809 0.708095713038 0.71395228402 0.714543883512
101512 8192 290940.809 291425.88 293067.649 5.67504674663 5.70701753736 5.7165325611 0.709380843329 0.71337719217 0.714566570137
111656 8192 320321.205 320560.498 322804.094 5.66712733203 5.7067914338 5.71105463967 0.708390916504 0.713348929225 0.713881829959
122816 8192 352183.564 352307.158 355248.701 5.66424968856 5.71154260794 5.71354699562 0.70803121107 0.713942825993 0.714193374453
135096 4096 194191.25 194250.12 195201.37 5.66956283145 5.69732688968 5.6990540614 0.708695353931 0.71216586121 0.712381757674
148600 4096 213526.327 213765.043 214281.051 5.68100256331 5.69471595035 5.7010824712 0.710125320414 0.711839493794 0.7126353089
163456 4096 234606.049 235401.004 235704.705 5.68097082322 5.68830008898 5.70757470964 0.710121352902 0.711037511123 0.713446838704
179800 4096 258029.867 258960.003 259207.645 5.68240030112 5.68783434869 5.70833763209 0.71030003764 0.710979293586 0.713542204012
197776 4096 285839.588 285880.406 286748.132 5.65018847969 5.66733836246 5.6681476605 0.706273559962 0.708417295308 0.708518457562
217552 4096 312221.569 313396.097 313543.993 5.68400614838 5.68668851035 5.70808093018 0.710500768548 0.710836063794 0.713510116273
239304 4096 343723.247 344706.361 345391.195 5.67582033468 5.68709658363 5.70336276382 0.709477541835 0.710887072954 0.712920345478
263232 2048 189506.864 189658.23 190133.985 5.67072883893 5.68495378239 5.689494561 0.708841104866 0.710619222799 0.711186820125
289552 2048 208416.857 209034.397 210158.667 5.64337892379 5.67373125677 5.6905425457 0.705422365474 0.709216407097 0.711317818213
318504 2048 229245.455 229856.364 230296.847 5.66482954932 5.67568529014 5.69081024529 0.708103693665 0.709460661268 0.711351280661
350352 2048 252803.203 253002.55 253476.966 5.66142878639 5.67204477583 5.67651744507 0.707678598299 0.709005596979 0.709564680634
385384 2048 277420.848 277770.928 278580.16 5.66635062597 5.68285844514 5.69002969813 0.708293828247 0.710357305643 0.711253712266
423920 2048 305583.121 305627.132 307011.443 5.65573811527 5.68135527967 5.68217352555 0.706967264409 0.710169409959 0.710271690693
466312 2048 336266.524 336368.246 337232.666 5.66378688831 5.67834203946 5.68005976117 0.707973361039 0.709792754932 0.710007470146
512936 2048 369410.605 371511.723 398362.878 5.27405029944 5.6552343464 5.6873999489 0.659256287429 0.7069042933 0.710924993612
564224 1024 203745.493 210172.694 215854.162 5.35329382252 5.49800609208 5.67144202792 0.669161727815 0.687250761509 0.70893025349
620640 1024 223772.01 223987.402 224359.606 5.66532783089 5.67474201071 5.68020424002 0.708165978862 0.709342751339 0.710025530003
682704 1024 246282.15 246654.307 247317.475 5.6533724194 5.66857237972 5.67713816044 0.706671552425 0.708571547465 0.709642270055
750968 1024 270644.881 270893.73 271298.217 5.66897372569 5.67743839623 5.68265861271 0.708621715711 0.709679799529 0.710332326589
826064 1024 298134.317 298255.022 301309.831 5.61474899901 5.67225678433 5.67455329874 0.701843624877 0.709032098041 0.709319162343
908664 1024 327438.066 327717.692 328542.001 5.66424952163 5.67849682037 5.68334615072 0.708031190204 0.709812102546 0.71041826884
999528 1024 360189.118 360376.838 362580.52 5.64573448127 5.68025779726 5.68321818096 0.705716810158 0.710032224657 0.710402272619
1099480 512 198279.107 198650.824 198789.846 5.66360678201 5.66757034947 5.67819543387 0.707950847751 0.708446293684 0.709774429234
1209424 512 218116.911 218628.687 218657.29 5.66388697125 5.66462797263 5.67791910459 0.707985871406 0.708078496579 0.709739888073
1330360 512 239586.022 240353.328 240633.966 5.66124833765 5.66785844546 5.68601051358 0.707656042206 0.708482305683 0.710751314198
1463392 512 263553.03 264076.312 264633.44 5.66260034257 5.67454686356 5.68581362165 0.707825042821 0.709318357945 0.710726702706
1609728 512 290377.633 291223.43 292568.144 5.6341112517 5.66012656331 5.67661308817 0.704263906463 0.707515820413 0.709576636021
1770696 512 319331.313 319889.627 320750.232 5.65297394391 5.66818224462 5.67809240806 0.706621742989 0.708522780578 0.709761551007
1947760 512 350948.815 351619.981 352117.014 5.66432793844 5.67233475847 5.68318271712 0.708040992305 0.709041844809 0.710397839639
2142536 256 192903.915 193164.641 193718.987 5.66273058201 5.67898154818 5.68665717334 0.707841322751 0.709872693523 0.710832146667
2356784 256 212977.946 213504.371 213793.528 5.64410634545 5.65175037096 5.66571999901 0.705513293181 0.70646879637 0.708214999876
2592456 256 233802.644 234136.358 234181.007 5.66799796877 5.66907883653 5.67717049427 0.708499746096 0.708634854566 0.709646311784
2851696 256 257363.743 257764.218 258407.966 5.65024513215 5.66435622186 5.67317033464 0.706280641519 0.708044527732 0.70914629183
3136864 256 282614.611 283347.037 283996.349 5.65526413862 5.66822362077 5.6829134287 0.706908017328 0.708527952597 0.710364178588
3450544 256 311002.315 312524.202 314416.313 5.61891497023 5.65293349025 5.68059606887 0.702364371279 0.706616686281 0.710074508609
3795592 256 342521.893 344171.278 344462.801 5.64166318789 5.64644183934 5.67363179906 0.705207898487 0.705805229918 0.709203974883
4175144 256 377668.308 378460.885 378566.582 5.64675761053 5.64833464362 5.66018827293 0.705844701316 0.706041830452 0.707523534117
4592656 128 208872.188 209260.101 217983.064 5.3936297363 5.61846204977 5.62889653839 0.674203717037 0.702307756222 0.703612067299
5051920 128 228963.785 229248.437 229685.661 5.63070204021 5.64144094906 5.64845449249 0.703837755026 0.705180118633 0.706056811561
5557112 128 252254.462 252484.209 252779.352 5.62791486229 5.63449364867 5.63962540334 0.703489357786 0.704311706084 0.704953175417
6112816 128 277236.809 277535.592 277628.411 5.63660214156 5.63848724671 5.64456394389 0.704575267695 0.704810905839 0.705570492986
6724096 128 305029.496 305476.089 305910.413 5.62703491888 5.63503540207 5.64328564474 0.70337936486 0.704379425258 0.705410705593
7396504 128 335707.848 336422.641 336522.308 5.62668500419 5.62835193961 5.6403358911 0.703335625524 0.703543992451 0.705041986388
8136152 128 369022.638 369068.548 369347.881 5.6392767338 5.6435448734 5.64424698519 0.704909591724 0.705443109175 0.705530873149
8949760 64 202797.434 202928.874 203268.957 5.63573157902 5.64517634883 5.64883518201 0.704466447378 0.705647043604 0.706104397751
9844736 64 222935.713 223135.239 223240.311 5.6447072769 5.64736530925 5.65241966414 0.705588409613 0.705920663656 0.706552458017
10829208 64 245300.976 245535.422 245950.933 5.63583397344 5.645371298 5.65076685223 0.70447924668 0.705671412249 0.706345856529
11912128 64 269640.265 270283.145 288290.512 5.28894403573 5.64131508829 5.65476518872 0.661118004466 0.705164386037 0.70684564859
13103336 64 296513.02 299197.048 304815.458 5.50243422366 5.60576054881 5.65650374476 0.687804277958 0.700720068602 0.707062968095
14413664 64 326485.637 326708.955 326744.484 5.64645795826 5.64707200021 5.65093462902 0.705807244783 0.705884000027 0.706366828627
15855024 64 358832.146 358897.636 359306.642 5.6482203076 5.65465711789 5.65568914219 0.70602753845 0.706832139736 0.706961142773
17440520 32 197408.305 197766.293 197932.534 5.63926130507 5.64400162974 5.65423668472 0.704907663133 0.705500203718 0.70677958559
19184568 32 217238.311 217987.374 218363.794 5.62278356457 5.63249297182 5.65191446365 0.702847945571 0.704061621477 0.706489307956
21103024 32 238661.016 239231.391 239358.294 5.64256000254 5.64555316238 5.65904544712 0.705320000317 0.705694145297 0.70738068089
23213320 32 262691.911 262901.484 263320.537 5.6419924436 5.65098552277 5.65549382295 0.705249055451 0.706373190347 0.706936727869
25534648 32 289127.368 289246.963 289455.769 5.64582795377 5.64990364998 5.65224068308 0.705728494221 0.706237956248 0.706530085384
28088112 32 317586.357 319084.831 325036.849 5.53057037542 5.63373433443 5.66031609475 0.691321296928 0.704216791804 0.707539511844
30896920 32 349766.415 349854.77 350636.195 5.63947164667 5.65206779945 5.65349557647 0.704933955834 0.706508474931 0.706686947059
33986608 16 192339.25 192485.001 192653.292 5.64522643091 5.65016209237 5.65444367699 0.705653303864 0.706270261546 0.706805459624
37385264 16 215316.32 216382.486 229640.918 5.20956133784 5.52876746226 5.55614385384 0.651195167231 0.691095932783 0.69451798173
41123784 16 232703.507 233288.711 236936.8 5.55405951292 5.64091199424 5.65509778931 0.694257439115 0.70511399928 0.706887223664
45236160 16 255956.858 256189.732 256428.687 5.64506700454 5.65033230918 5.65547307976 0.705633375567 0.706291538648 0.706934134971
49759776 16 281087.037 281304.335 281883.468 5.64883369464 5.66046318483 5.66483907972 0.70610421183 0.707557898103 0.708104884965
54735752 16 309544.374 309786.116 311980.65 5.61427147485 5.65404313988 5.65845872553 0.701783934356 0.706755392485 0.707307340692
60209320 16 340396.04 340734.169 340966.131 5.65070270865 5.65454954416 5.66016643437 0.706337838581 0.70681869302 0.707520804296
66230248 16 374521.674 374525.705 375165.241 5.64915856904 5.65880501046 5.65886591653 0.70614482113 0.707350626307 0.707358239566
72853272 8 206006.883 206677.448 206915.064 5.63348230654 5.6399590922 5.65831750389 0.704185288317 0.704994886525 0.707289687986
80138592 8 226649.768 227472.808 228345.279 5.61525720004 5.63679449545 5.65726355387 0.701907150005 0.704599311932 0.707157944234
88152448 8 249458.128 249605.393 249613.416 5.65049423465 5.65067585699 5.65401167446 0.706311779332 0.706334482124 0.706751459307
96967688 8 274305.288 274488.361 274968.767 5.64239722543 5.6522724765 5.65604483717 0.705299653178 0.706534059563 0.707005604646
106664456 8 301431.676 301768.583 302038.948 5.65036829621 5.65543065827 5.66175167337 0.706296037026 0.706928832283 0.707718959171
117330896 8 331376.799 331867.043 333052.691 5.63662863784 5.65676639364 5.66513510199 0.70457857973 0.707095799205 0.708141887749
129063984 8 364728.454 365496.968 372573.262 5.54259780456 5.64990663343 5.6618114692 0.69282472557 0.706238329178 0.70772643365
141970376 4 200533.872 200770.798 200806.775 5.65599944524 5.65701296859 5.66369659486 0.706999930655 0.707126621074 0.707962074357
156167408 4 221274.481 221345.346 221403.399 5.64281880785 5.64429876922 5.64610640302 0.705352350982 0.705537346152 0.705763300378
171784144 4 243722.968 243902.54 244343.786 5.62434254825 5.63451759051 5.6386690318 0.703042818531 0.704314698814 0.704833628975
188962552 4 267029.579 267570.287 267588.862 5.6493398294 5.64973201228 5.66117215052 0.706167478675 0.706216501536 0.707646518815
207858800 4 293563.496 294125.33 296996.629 5.59895378476 5.65361167636 5.66443179298 0.699869223095 0.706701459544 0.708053974122
228644680 4 323280.378 323360.91 323599.822 5.65252919082 5.65670550593 5.65811464128 0.706566148853 0.707088188241 0.70726433016
251509144 4 355885.519 356836.1 357246.533 5.6321698495 5.63864797312 5.65370897263 0.704021231187 0.70483099664 0.706713621579
276660056 2 195431.203 196155.979 196211.919 5.64002548693 5.64163391624 5.66255647518 0.705003185867 0.70520423953 0.707819559398
304326056 2 215341.059 215556.957 215714.106 5.64313686561 5.64725092125 5.65291277777 0.705392108201 0.705906365156 0.706614097221
334758656 2 236367.899 236957.376 237230.262 5.64445114511 5.65095143525 5.66504432144 0.705556393138 0.706368929406 0.70813054018
368234520 2 260170.386 260542.613 260865.61 5.64634824805 5.65334807631 5.6614363481 0.705793531006 0.706668509539 0.707679543513
405057968 2 286649.064 287193.859 287313.256 5.6392520643 5.64159650781 5.65231872517 0.704906508038 0.705199563477 0.706539840646
445563760 2 314749.54 314996.455 315225.446 5.65390599844 5.65801618307 5.66245478866 0.706738249805 0.707252022884 0.707806848582
490120136 2 346298.738 346970.233 347125.348 5.64775967902 5.65028454184 5.6612407984 0.705969959877 0.706285567731 0.7076550998
539132144 1 190429.569 190644.38 190840.123 5.65009218738 5.65589338642 5.66227342561 0.706261523422 0.706986673302 0.707784178202
593045352 1 209535.62 209769.608 210026.031 5.64735094194 5.65425428072 5.66056837496 0.705918867743 0.706781785091 0.70757104687
652349880 1 230619.888 230878.471 232382.515 5.61444891841 5.65102391032 5.65736013192 0.701806114802 0.70637798879 0.707170016491
717584864 1 253648.942 253745.4 254593.791 5.63709634223 5.65594382401 5.6580946748 0.704637042778 0.706992978001 0.707261834351
789343344 1 278692.059 279405.704 280496.636 5.62818403284 5.65015912488 5.66462745176 0.703523004105 0.70626989061 0.70807843147
868277672 1 306849.945 306983.961 314004.178 5.53035744639 5.65682760214 5.65929820845 0.691294680799 0.707103450268 0.707412276056
955105432 1 338138.553 338138.622 338163.897 5.64877232888 5.64919456021 5.64919571298 0.70609654111 0.706149320027 0.706149464122
1050615968 1 371519.576 372110.79 372878.231 5.63516923572 5.64679120431 5.6557771696 0.704396154465 0.705848900538 0.7069721462

META_DATA
ERT_VERSION  1.1.0
UNAME  ('Linux', 'atajo-Inspiron-15-7568', '4.15.0-33-generic', '#36-Ubuntu SMP Wed Aug 15 16:00:05 UTC 2018', 'x86_64', 'x86_64')
MPI_PROCS      1
FLOPS          2
TIMESTAMP_DATA  1535285836.31
HOSTNAME  ('atajo-Inspiron-15-7568', [], ['127.0.1.1'])
OPENMP_THREADS 1
TIMESTAMP_DATA  1535285938.24
TIMESTAMP_DATA  1535286040.21
CONFIG  {'ERT_WORKING_SET_MIN': ['1'], 'ERT_CFLAGS': [], 'ERT_CC': ['mpicc'], 'ERT_MPI_CFLAGS': ['-I/usr/include/mpi'], 'ERT_MPI_LDFLAGS': ['-lmpi'], 'ERT_MEMORY_MAX': ['1073741824'], 'ERT_PROCS_THREADS': ['1-4'], 'ERT_LDFLAGS': [], 'ERT_LDLIBS': [], 'ERT_RUN': ['export', 'OMP_NUM_THREADS=ERT_OPENMP_THREADS;', 'mpirun', '-np', 'ERT_MPI_PROCS', 'ERT_CODE'], 'ERT_FLOPS': ['1,2,4,8,16'], 'ERT_OPENMP_CFLAGS': ['-fopenmp'], 'ERT_MPI': ['True'], 'ERT_TRIALS_MIN': ['1'], 'ERT_DRIVER': ['driver1'], 'ERT_RESULTS': ['Results/myLaptop'], 'ERT_OPENMP': ['True'], 'ERT_MPI_PROCS': ['1,2,4'], 'ERT_KERNEL': ['kernel1'], 'ERT_GPU': [False], 'ERT_OPENMP_THREADS': ['1,2,4'], 'ERT_LD': ['mpicc'], 'ERT_NUM_EXPERIMENTS': ['3'], 'ERT_OPENMP_LDFLAGS': ['-fopenmp'], 'ERT_ALIGN': ['64'], 'ERT_GNUPLOT': ['gnuplot']}
