8 134217728 1379246.171 1485435.456 1512187.534 1.42011728024 1.44569300492 1.55699808573 0.355029320061 0.36142325123 0.389249521433
16 67108864 688313.508 721835.629 728886.387 2.94625292268 2.97503138072 3.11992082538 0.73656323067 0.743757845181 0.779980206345
24 33554432 485828.675 496663.708 499895.749 3.22189724402 3.24286375279 3.31518664682 0.805474311005 0.810715938198 0.828796661704
32 33554432 623202.583 658145.876 692907.093 3.09923750196 3.26292958189 3.44588374083 0.77480937549 0.815732395473 0.861470935206
40 16777216 387245.478 397478.867 403173.666 3.32903012569 3.37672613925 3.46595985299 0.832257531423 0.844181534814 0.866489963248
48 16777216 448885.035 457105.912 554161.661 2.90639509975 3.52350012047 3.58802947396 0.726598774938 0.880875030118 0.89700736849
56 16777216 516052.738 518445.457 822809.192 2.28369859047 3.62438934825 3.64119411377 0.570924647619 0.906097337063 0.910298528442
64 16777216 594215.598 597721.898 671226.784 3.19934141365 3.59278061451 3.61398060776 0.799835353412 0.898195153626 0.90349515194
72 8388608 326014.154 328312.899 386501.026 3.1253721743 3.67929361192 3.70523652786 0.781343043576 0.919823402979 0.926309131965
80 8388608 363999.314 367656.13 422266.158 3.17851017557 3.65063212736 3.68730716894 0.794627543891 0.912658031841 0.921826792234
88 8388608 391312.557 421896.288 434048.216 3.40145392511 3.49942639931 3.77293031258 0.850363481277 0.874856599829 0.943232578146
96 8388608 471029.272 506676.224 520921.365 3.09185386551 3.17878096447 3.41934744132 0.772963466377 0.794695241117 0.85483686033
104 8388608 481010.774 485628.688 553142.002 3.15439879396 3.5929311985 3.62742491086 0.788599698491 0.898232799624 0.906856227715
112 8388608 508097.182 518547.321 545976.347 3.44162929827 3.62367736926 3.69820628527 0.860407324569 0.905919342316 0.924551571317
120 8388608 551537.017 551746.719 566768.247 3.55218544909 3.64889513734 3.65028249772 0.888046362273 0.912223784334 0.91257062443
128 8388608 574987.303 598108.768 608493.801 3.52917917072 3.59045672442 3.73483664212 0.882294792679 0.897614181105 0.933709160531
136 4194304 302215.662 325115.222 363036.411 3.14252414753 3.50906574285 3.77495554152 0.785631036882 0.877266435713 0.943738885379
144 4194304 322192.171 336632.843 351161.324 3.43989918434 3.58835917861 3.74918964744 0.859974796085 0.897089794652 0.93729741186
152 4194304 365624.308 367913.141 385998.458 3.30329924789 3.46567782965 3.48737320824 0.825824811974 0.866419457412 0.87184330206
160 4194304 390639.183 393935.108 411564.245 3.26116103696 3.4071024713 3.43584908634 0.81529025924 0.851775617826 0.858962271586
176 4194304 399574.047 403100.084 419655.553 3.51811145461 3.66260158854 3.69492217797 0.879527863653 0.915650397136 0.923730544492
192 4194304 425652.344 429787.916 437988.521 3.67729440106 3.74745933062 3.78386906287 0.919323600264 0.936864832654 0.945967265718
208 4194304 460733.699 462838.55 505720.49 3.45018740293 3.76984688073 3.78706933699 0.862546850732 0.942461720183 0.946767334247
224 4194304 508439.144 519099.378 544071.424 3.45367925811 3.6198236246 3.69571897478 0.863419814528 0.90495590615 0.923929743694
240 4194304 538333.834 549593.709 559265.917 3.5998366051 3.66318952898 3.73980937635 0.899959151274 0.915797382244 0.934952344088
264 2097152 313002.202 324818.883 330833.46 3.34698992055 3.40896516167 3.53766283088 0.836747480137 0.852241290418 0.884415707721
288 2097152 320225.057 324519.974 334119.331 3.61535367734 3.72229646487 3.77222058547 0.903838419334 0.930574116218 0.943055146369
312 2097152 362331.224 373853.26 375814.899 3.48209411463 3.50036495068 3.61167561976 0.870523528659 0.875091237669 0.902918904941
336 2097152 386316.82 393121.021 400383.274 3.51984269952 3.58486590316 3.64800617276 0.879960674881 0.896216475791 0.912001543189
368 2097152 410981.438 422970.801 433103.441 3.56382269426 3.64919722201 3.75565349012 0.890955673566 0.912299305502 0.93891337253
400 2097152 448986.45 454431.518 464444.333 3.61232010123 3.69191293637 3.73668648575 0.903080025308 0.922978234093 0.934171621438
440 2097152 482158.499 500400.555 505923.642 3.647771337 3.68803299988 3.82756658615 0.911942834251 0.922008249971 0.956891646537
480 2097152 529238.809 536924.102 542955.127 3.70797846799 3.74962850895 3.80407839668 0.926994616997 0.937407127237 0.951019599169
528 1048576 289163.854 300098.844 316691.241 3.4964536831 3.68977181398 3.82930383823 0.874113420775 0.922442953496 0.957325959558
576 1048576 317966.318 328602.296 342177.772 3.53021046616 3.67605329209 3.79901732862 0.882552616539 0.919013323023 0.949754332155
632 1048576 366855.994 374696.229 391635.99 3.38426523058 3.53726555385 3.61286195586 0.846066307645 0.884316388463 0.903215488964
688 1048576 385832.551 394945.237 419131.026 3.44245709932 3.65326744275 3.73955119199 0.860614274831 0.913316860687 0.934887797997
752 1048576 421348.69 423418.462 428911.791 3.67688260638 3.72458559448 3.74288170684 0.919220651595 0.931146398619 0.935720426709
824 1048576 469064.431 470857.285 473296.118 3.65110378531 3.67001489209 3.68404239118 0.912775946326 0.917503723023 0.921010597796
904 1048576 510246.501 519963.403 558904.625 3.39203743036 3.64607469884 3.71550888499 0.848009357589 0.911518674709 0.928877221247
992 1048576 580045.837 596808.816 598091.412 3.47835588718 3.48583118786 3.58656963174 0.869588971794 0.871457796964 0.896642407934
1088 524288 316134.018 316763.825 339648.425 3.35891646782 3.60158136113 3.60875648631 0.839729116954 0.900395340282 0.902189121577
1192 524288 332841.189 339970.154 376166.269 3.32273968988 3.67650682654 3.7552521542 0.83068492247 0.919126706634 0.938813038551
1304 524288 360971.627 364276.47 367365.078 3.72202799309 3.75358612649 3.78795174392 0.930506998273 0.938396531623 0.94698793598
1432 524288 397037.363 402786.734 404033.556 3.71642604853 3.72793020537 3.78191316972 0.929106512133 0.931982551342 0.94547829243
1568 524288 437280.42 439938.759 445323.418 3.69207434764 3.73726373129 3.75998350898 0.923018586909 0.934315932823 0.939995877245
1720 524288 492712.29 498268.209 538930.737 3.34653527101 3.61963835425 3.66045409584 0.836633817752 0.904909588563 0.915113523959
1888 524288 523311.484 535277.779 565904.062 3.49831644785 3.69847500806 3.78304613701 0.874579111963 0.924618752014 0.945761534253
2072 262144 287482.063 300756.614 321897.797 3.37475045224 3.61197288915 3.77875657585 0.843687613059 0.902993222287 0.944689143962
2272 262144 327850.835 338577.043 345428.859 3.44841580246 3.51820172285 3.63330578676 0.862103950614 0.879550430712 0.90832644669
2496 262144 343485.217 355571.235 379040.444 3.45246231297 3.68033946278 3.80983746383 0.863115578242 0.920084865695 0.952459365959
2744 262144 379822.374 381984.539 390679.801 3.68241784786 3.76624215149 3.7876817441 0.920604461964 0.941560537873 0.946920436025
3016 262144 425721.211 446091.59 460353.334 3.43486728826 3.54468150363 3.71429134171 0.858716822066 0.886170375909 0.928572835428
3312 262144 456341.988 472399.609 494587.598 3.5108883907 3.67579020583 3.80513277687 0.877722097674 0.918947551457 0.951283194217
3640 262144 500434.267 531599.125 572382.651 3.33414773607 3.58993879081 3.8135044817 0.833536934019 0.897484697703 0.953376120425
4000 262144 559593.856 593252.348 595603.976 3.52105104147 3.53500834353 3.7476322828 0.880262760368 0.883752085883 0.936908070699
4400 131072 307831.875 308960.969 316846.235 3.64035760122 3.7332663855 3.74695960254 0.910089400305 0.933316596376 0.936739900636
4840 131072 342676.434 344144.344 361143.421 3.51322185653 3.68675813542 3.70255096095 0.878305464133 0.921689533854 0.925637740236
5320 131072 365467.993 377934.981 405015.563 3.44333948471 3.69006879519 3.81594587409 0.860834871178 0.922517198798 0.953986468522
5848 131072 411187.194 414026.057 508884.168 3.01250895272 3.70270925243 3.72827299675 0.753127238181 0.925677313107 0.932068249188
6432 131072 442910.127 449963.216 460629.857 3.66044489383 3.74721787925 3.80689016849 0.915111223457 0.936804469812 0.951722542122
7072 131072 483510.844 496803.294 535633.087 3.46110502319 3.7316225363 3.83421052703 0.865276255796 0.932905634076 0.958552631759
7776 131072 533082.374 555976.314 562781.173 3.62206811776 3.66640033518 3.82385883199 0.90551702944 0.916600083794 0.955964707998
8552 65536 292242.722 296997.982 305008.796 3.67506694463 3.7741931324 3.83560533631 0.918766736157 0.943548283099 0.958901334077
9400 65536 326735.883 328730.628 353373.78 3.48661069307 3.74798298381 3.77086467727 0.871652673269 0.936995745952 0.942716169316
10336 65536 359989.916 363567.808 374946.722 3.61320719054 3.72629303857 3.76332817056 0.903301797635 0.931573259643 0.94083204264
11368 65536 385222.546 400647.16 405079.564 3.67835513914 3.71904919031 3.86796284764 0.919588784785 0.929762297579 0.966990711909
12504 65536 425286.409 447252.891 448945.994 3.65060454911 3.66442413449 3.85369542341 0.912651137277 0.916106033622 0.963423855851
13752 65536 471302.382 479035.753 507788.218 3.54971241968 3.76277163596 3.82451312117 0.887428104919 0.94069290899 0.956128280294
15120 65536 511885.216 533705.717 568349.698 3.48695292172 3.71329850304 3.87158796163 0.87173823043 0.92832462576 0.967896990407
16632 32768 283978.892 289854.506 349442.932 3.11923536631 3.76048924352 3.83829496736 0.779808841576 0.940122310881 0.95957374184
18288 32768 309450.624 326940.702 336494.078 3.56179334603 3.66587078534 3.87306495785 0.890448336508 0.916467696335 0.968266239463
20112 32768 346131.875 352833.733 384049.927 3.43200177721 3.73564063955 3.80797068169 0.858000444302 0.933910159888 0.951992670424
22120 32768 378847.587 414731.613 422156.204 3.43393347359 3.49540829433 3.82648951648 0.858483368398 0.873852073582 0.95662237912
24328 32768 416634.928 422589.628 451522.977 3.53107126152 3.77283232328 3.82675503385 0.88276781538 0.943208080819 0.956688758461
26760 32768 458269.146 464787.744 498194.086 3.52020108083 3.77321343482 3.82688508556 0.880050270207 0.943303358705 0.95672127139
29432 32768 503818.953 510771.104 538987.944 3.5786617743 3.776359972 3.82846961297 0.894665443574 0.944089993 0.957117403243
32368 32768 568064.767 568196.753 586351.561 3.61774298747 3.7333357447 3.73420315997 0.904435746868 0.933333936176 0.933550789993
35600 16384 328687.737 330484.017 331190.987 3.52226010305 3.52979490684 3.5490852523 0.880565025763 0.882448726711 0.887271313076
39160 16384 341977.062 345329.059 360380.978 3.56066207246 3.71586128233 3.75228347918 0.890165518115 0.928965320581 0.938070869794
43072 16384 377820.559 379787.5 399355.589 3.53415185583 3.71624473159 3.73559157219 0.883537963957 0.929061182898 0.933897893047
47376 16384 414767.72 417524.383 462219.124 3.35861648165 3.71814636751 3.74285821471 0.839654120412 0.929536591879 0.935714553678
52112 16384 457662.248 470539.809 472615.249 3.61309970343 3.62903623315 3.73114894983 0.903274925858 0.907259058287 0.932787237456
57320 16384 506045.09 510078.898 513372.652 3.65867124531 3.68229653758 3.71164901531 0.914667811327 0.920574134396 0.927912253827
63048 16384 556413.741 566050.461 569305.277 3.62890868479 3.64977507544 3.71298677902 0.907227171197 0.91244376886 0.928246694756
69352 8192 301569.441 310000.691 312323.505 3.63809687651 3.66535688787 3.76783259017 0.909524219127 0.916339221966 0.941958147543
76280 8192 333280.646 338821.745 347522.699 3.59622989691 3.68858120367 3.74990727784 0.899057474228 0.922145300916 0.937476819461
83904 8192 372441.055 378256.308 384215.846 3.57789287014 3.63426361154 3.69100859732 0.894473217536 0.908565902885 0.92275214933
92288 8192 411970.745 418971.916 421136.955 3.590391615 3.60894497759 3.67027661637 0.897597903751 0.902236244398 0.917569154091
101512 8192 456621.261 474266.35 477864.914 3.48042419369 3.50683241179 3.64234596601 0.870106048422 0.876708102947 0.910586491504
111656 8192 481273.035 498902.687 541934.705 3.37563157908 3.66679104296 3.80111032815 0.843907894771 0.91669776074 0.950277582038
122816 8192 527467.818 622715.468 660212.774 3.04783158285 3.23135917992 3.81486277519 0.761957895713 0.80783979498 0.953715693798
135096 4096 290172.496 302615.352 386211.513 2.86554490156 3.65713908659 3.81396047956 0.716386225389 0.914284771646 0.953490119891
148600 4096 323361.155 338396.127 364641.016 3.33843738522 3.59735559267 3.76461792388 0.834609346306 0.899338898167 0.94115448097
163456 4096 360705.029 385199.118 440444.703 3.04018085103 3.47620617345 3.71226194354 0.760045212759 0.869051543363 0.928065485885
179800 4096 401232.396 451895.529 476578.098 3.09061957774 3.25942945986 3.6709937051 0.772654894435 0.814857364964 0.917748426276
197776 4096 457196.569 478484.75 492367.116 3.29059545073 3.38606610138 3.5437295506 0.822648862683 0.846516525344 0.885932387651
217552 4096 495406.051 495526.428 501049.111 3.55690878374 3.59655082614 3.59742473957 0.889227195934 0.899137706536 0.899356184892
239304 4096 555651.747 575094.817 591785.453 3.31265048518 3.40879157671 3.5280701961 0.828162621294 0.852197894178 0.882017549024
263232 2048 294033.694 300879.791 346703.43 3.10985752867 3.58348517997 3.66692081214 0.777464382167 0.895871294992 0.916730203036
289552 2048 309370.789 404028.431 473615.483 2.50415164742 2.93544934218 3.83360366967 0.626037911856 0.733862335544 0.958400917418
318504 2048 346300.873 347946.777 347950.504 3.74936196098 3.74940212192 3.76722233675 0.937340490244 0.937350530481 0.941805584186
350352 2048 375941.438 377465.884 387270.894 3.70552451587 3.80177879069 3.81719503877 0.926381128968 0.950444697672 0.954298759691
385384 2048 411713.325 421784.31 456080.255 3.46108573369 3.74251205314 3.83405823457 0.865271433423 0.935628013285 0.958514558643
423920 2048 453639.122 454617.607 459806.689 3.77631809528 3.81942162658 3.82765999622 0.944079523819 0.954855406645 0.956914999055
466312 2048 498132.314 501958.577 513183.717 3.72189118385 3.80512265258 3.83435062998 0.930472795964 0.951280663145 0.958587657495
512936 2048 548605.638 576548.885 588000.732 3.57310074913 3.64407235997 3.82968331069 0.893275187283 0.911018089992 0.957420827673
564224 1024 302351.925 303912.473 353618.167 3.26773582309 3.80218271594 3.82180716065 0.816933955772 0.950545678986 0.955451790161
620640 1024 334612.444 347088.493 361641.958 3.51472137533 3.6620940931 3.79863553431 0.878680343833 0.915523523276 0.949658883577
682704 1024 366753.361 415229.122 523328.612 2.67170141273 3.36724405375 3.8123107807 0.667925353181 0.841811013439 0.953077695176
750968 1024 400424.612 416797.869 425055.709 3.61830798043 3.689995987 3.84087895177 0.904576995106 0.92249899675 0.960219737942
826064 1024 443124.394 457167.152 507733.468 3.33202197339 3.7005700532 3.81784233707 0.833005493347 0.925142513301 0.954460584267
908664 1024 487884.688 531799.556 578977.312 3.21419135678 3.49933325631 3.81431087667 0.803547839194 0.874833314077 0.953577719168
999528 1024 568031.999 591195.103 628644.377 3.25626605263 3.46253433699 3.60372892302 0.814066513157 0.865633584248 0.900932230756
1099480 512 318242.527 322496.542 389864.08 2.88784624631 3.49109951077 3.53776577447 0.721961561578 0.872774877692 0.884441443616
1209424 512 334296.423 336292.082 432127.638 2.86593605013 3.68266231139 3.70464680683 0.716484012532 0.920665577847 0.926161701706
1330360 512 353978.838 387735.916 398947.711 3.41470474059 3.51344454765 3.84850305656 0.853676185148 0.878361136914 0.96212576414
1463392 512 396490.409 397211.249 420314.402 3.56522022769 3.77258552413 3.77944427907 0.891305056923 0.943146381033 0.944861069767
1609728 512 442656.832 449329.585 519135.173 3.17520668552 3.66849085177 3.72379087555 0.793801671381 0.917122712941 0.930947718887
1770696 512 492429.417 502302.059 527645.136 3.43638665514 3.60976562113 3.68213725948 0.859096663785 0.902441405282 0.92053431487
1947760 512 549041.381 655912.526 695347.363 2.86835953673 3.04081132916 3.63270658464 0.717089884182 0.76020283229 0.908176646161
2142536 256 290564.52 308076.922 334576.379 3.27870854266 3.56072900521 3.77533510285 0.819677135665 0.890182251302 0.943833775714
2356784 256 326834.862 329085.349 410400.905 2.94023086523 3.66674910222 3.69199723865 0.735057716308 0.916687275555 0.922999309664
2592456 256 362269.648 370091.026 473256.328 2.80469038335 3.58651623182 3.66394888263 0.701172595837 0.896629057955 0.915987220657
2851696 256 405985.857 408694.215 410623.833 3.55573211943 3.57252023252 3.59635274684 0.888933029857 0.893130058129 0.89908818671
3136864 256 441941.414 445596.559 500570.417 3.20848838336 3.6043239912 3.63413411172 0.802122095841 0.9010809978 0.90853352793
3450544 256 468407.38 491727.049 553004.711 3.1946898333 3.59280322608 3.77167099289 0.798672458326 0.898200806521 0.942917748222
3795592 256 528777.94 529848.317 732324.884 2.65366252938 3.66773478682 3.67515918686 0.663415632344 0.916933696706 0.918789796715
4175144 256 579123.112 581737.941 638345.666 3.3487714288 3.67463350306 3.69122503265 0.8371928572 0.918658375765 0.922806258162
4592656 128 319739.097 326539.557 341822.93 3.43955841699 3.60054367318 3.67712283869 0.859889604246 0.900135918295 0.919280709672
5051920 128 359557.158 369936.14 404092.263 3.2004857267 3.49598587475 3.59690105238 0.800121431674 0.873996468688 0.899225263094
5557112 128 397173.009 424203.445 577888.34 2.46175701001 3.3536282856 3.58186644048 0.615439252503 0.838407071399 0.895466610119
6112816 128 456094.504 477503.708 671708.233 2.32970331331 3.27721202952 3.43104528179 0.582425828328 0.819303007381 0.857761320448
6724096 128 484473.67 498233.175 525616.274 3.27495296692 3.45494572095 3.55306940829 0.818738241731 0.863736430237 0.888267352073
7396504 128 532423.812 533975.559 591812.865 3.19949959858 3.54605185965 3.55638681314 0.799874899644 0.886512964913 0.889096703286
8136152 128 591870.954 637875.796 748314.305 2.78339582457 3.26529855038 3.51910310503 0.695848956141 0.816324637594 0.879775776258
8949760 64 321057.799 327466.289 356275.59 3.21540209926 3.49828155899 3.56810918024 0.803850524814 0.874570389748 0.89202729506
9844736 64 355855.825 368272.208 385073.199 3.27243290697 3.42172496492 3.54111446117 0.818108226743 0.85543124123 0.885278615293
10829208 64 400349.368 411253.329 435794.664 3.18071499838 3.37052256178 3.46232249828 0.795178749596 0.842630640444 0.865580624571
11912128 64 416220.098 437531.368 470688.766 3.23940678882 3.48489844504 3.66333195184 0.809851697204 0.87122461126 0.915832987959
13103336 64 485747.849 493202.05 533504.313 3.1437927813 3.40068944969 3.45287583147 0.785948195324 0.850172362422 0.863218957867
14413664 64 555065.717 564149.682 618333.534 2.98374403223 3.27031823444 3.32383884555 0.745936008057 0.817579558611 0.830959711389
15855024 64 597380.215 606158.406 640086.254 3.17057749533 3.34804079579 3.39723851082 0.792644373832 0.837010198948 0.849309627705
17440520 32 298206.46 365565.767 447691.56 2.49321939417 3.0533309756 3.74302179772 0.623304848543 0.7633327439 0.935755449429
19184568 32 358751.886 362334.556 374273.437 3.28052228831 3.38861511183 3.42245546271 0.820130572077 0.847153777958 0.855613865679
21103024 32 382124.742 384276.004 406133.735 3.32548965921 3.51464447934 3.53443100526 0.831372414803 0.878661119834 0.883607751314
23213320 32 424366.215 428006.94 478391.656 3.10551503432 3.47109437057 3.50087360277 0.776378758579 0.867773592643 0.875218400692
25534648 32 459785.394 482115.208 488991.961 3.34201296205 3.38968247606 3.55430488512 0.835503240512 0.847420619015 0.888576221279
28088112 32 523570.276 545260.783 614107.263 2.92723971252 3.29684294937 3.43342479587 0.73180992813 0.824210737342 0.858356198968
30896920 32 633344.25 729831.161 738295.077 2.67833680814 2.70939771507 3.12216125748 0.669584202036 0.677349428767 0.780540314371
33986608 16 320003.839 323804.53 348510.419 3.12062824153 3.3587283538 3.39862002718 0.780157060383 0.83968208845 0.849655006795
37385264 16 356582.17 364176.442 387176.343 3.089880024 3.28502426305 3.35498672858 0.772470005999 0.821256065762 0.838746682146
41123784 16 397620.948 418468.138 681173.387 1.93190326151 3.14471035785 3.30958691844 0.482975815378 0.786177589463 0.827396729611
45236160 16 430824.395 440743.765 442968.131 3.26785838234 3.28435076104 3.35997017996 0.816964595586 0.821087690259 0.83999254499
49759776 16 452233.215 466410.356 512920.4 3.10440534633 3.41397400704 3.52099929679 0.776101336582 0.853493501761 0.880249824197
54735752 16 517919.9 522516.2 530969.702 3.29876461388 3.35213351088 3.38188214819 0.82469115347 0.838033377721 0.845470537046
60209320 16 583575.739 612953.097 708626.58 2.71891895447 3.14330451943 3.30153930542 0.679729738616 0.785826129858 0.825384826356
66230248 16 618743.589 635376.868 670537.089 3.16070202643 3.33560764129 3.4252765987 0.790175506608 0.833901910323 0.856319149676
72853272 8 330108.371 371105.985 382619.922 3.04650198533 3.14102277817 3.53112024536 0.761625496333 0.785255694542 0.882780061339
80138592 8 359204.687 388211.116 428015.835 2.99572438015 3.30288706107 3.56960117283 0.748931095038 0.825721765268 0.892400293207
88152448 8 414105.037 431899.934 433633.09 3.25260963825 3.26566192066 3.40599375032 0.813152409564 0.816415480165 0.851498437581
96967688 8 444175.336 454378.668 478600.734 3.24170628623 3.41451550714 3.49295172931 0.810426571556 0.853628876785 0.873237932329
106664456 8 482240.735 487759.522 505892.053 3.37350880663 3.49891948598 3.53896129492 0.843377201658 0.874729871496 0.884740323731
117330896 8 539079.196 555681.151 688513.437 2.72659070269 3.37836605151 3.48240917092 0.681647675672 0.844591512876 0.870602292729
129063984 8 574315.61 634205.548 1051696.442 1.96351690615 3.25607959519 3.59562531132 0.490879226536 0.814019898798 0.898906327829
141970376 4 356050.951 368966.883 619512.001 1.83331881572 3.07822479558 3.18988898867 0.458329703931 0.769556198896 0.797472247167
156167408 4 436625.578 519965.194 614458.871 2.03323496977 2.40273633392 2.86135152623 0.508308742441 0.600684083481 0.715337881557
171784144 4 392392.054 416062.923 445148.136 3.08722656765 3.3030416219 3.50229607861 0.771806641913 0.825760405476 0.875574019651
188962552 4 436030.996 489909.397 521472.147 2.89890922209 3.08567344341 3.46695631702 0.724727305522 0.771418360853 0.866739079256
207858800 4 493769.781 495859.28 527786.653 3.15064882855 3.35351271433 3.36770386521 0.787662207138 0.838378178583 0.841925966304
228644680 4 517625.787 522417.613 536615.288 3.40869423757 3.50133187412 3.53374481322 0.852173559394 0.875332968531 0.883436203305
251509144 4 548523.952 571160.312 601017.901 3.3477757462 3.52278180001 3.66815914722 0.83694393655 0.880695450002 0.917039786806
276660056 2 316902.677 324881.278 329005.07 3.36359626312 3.406291156 3.49205072824 0.84089906578 0.851572788999 0.873012682061
304326056 2 332765.331 364052.802 561681.915 2.16724838648 3.34375732672 3.6581461787 0.541812096621 0.83593933168 0.914536544674
334758656 2 380453.359 404648.207 410258.606 3.26387942731 3.30913272526 3.51957629582 0.815969856827 0.827283181314 0.879894073954
368234520 2 392591.229 419247.428 448475.042 3.28432564147 3.51329067665 3.75183644258 0.821081410368 0.878322669161 0.937959110645
405057968 2 459964.212 477392.468 503861.462 3.21562968037 3.39392005657 3.52251725184 0.803907420092 0.848480014142 0.880629312961
445563760 2 508879.6 509362.402 515342.561 3.45838899186 3.49899213802 3.50231182386 0.864597247965 0.874748034505 0.875577955964
490120136 2 556609.004 611274.823 619812.73 3.16302077887 3.20719988822 3.5221861844 0.790755194718 0.801799972056 0.880546546099
539132144 1 307577.084 311042.729 376571.573 2.86337144201 3.4666114571 3.50567172943 0.715842860502 0.866652864276 0.876417932358
593045352 1 334394.266 342977.18 360883.646 3.28662913143 3.4582204682 3.54698278229 0.821657282857 0.864555117049 0.886745695574
652349880 1 354959.733 372231.379 372928.703 3.49852330889 3.50507730838 3.67562751125 0.874630827223 0.876269327095 0.918906877812
717584864 1 405784.554 408204.087 418959.159 3.42555997922 3.51581420595 3.53677761722 0.856389994806 0.878953551487 0.884194404305
789343344 1 445039.987 469331.064 474970.278 3.32375889845 3.36369528696 3.54729178077 0.830939724612 0.84092382174 0.886822945193
868277672 1 471404.997 504091.419 531254.529 3.26878219235 3.44492145382 3.68378645761 0.817195548087 0.861230363455 0.920946614403
955105432 1 549016.719 579783.358 591492.69 3.22947501515 3.29469764463 3.47933095276 0.807368753788 0.823674411158 0.86983273819
1050615968 1 603036.437 621740.779 634086.516 3.31379375366 3.37959485202 3.48441952605 0.828448438415 0.844898713005 0.871104881511

META_DATA
ERT_VERSION  1.1.0
CONFIG  {'ERT_WORKING_SET_MIN': ['1'], 'ERT_CFLAGS': [], 'ERT_CC': ['gcc'], 'ERT_MPI_CFLAGS': ['-I/usr/include/mpi'], 'ERT_MPI_LDFLAGS': ['-lmpi'], 'ERT_MEMORY_MAX': ['1073741824'], 'ERT_PROCS_THREADS': ['1-4'], 'ERT_LDFLAGS': [], 'ERT_LDLIBS': [], 'ERT_RUN': ['export', 'OMP_NUM_THREADS=ERT_OPENMP_THREADS;', 'mpirun', '-np', 'ERT_MPI_PROCS', 'ERT_CODE'], 'ERT_FLOPS': ['1,2,4'], 'ERT_OPENMP_CFLAGS': ['-fopenmp'], 'ERT_MPI': ['False'], 'ERT_TRIALS_MIN': ['1'], 'ERT_DRIVER': ['driver1'], 'ERT_RESULTS': ['Results/myLaptop'], 'ERT_OPENMP': ['True'], 'ERT_MPI_PROCS': ['1,2,4,8'], 'ERT_KERNEL': ['kernel1'], 'ERT_GPU': [False], 'ERT_OPENMP_THREADS': ['1,2,4'], 'ERT_LD': ['gcc'], 'ERT_NUM_EXPERIMENTS': ['3'], 'ERT_OPENMP_LDFLAGS': ['-fopenmp'], 'ERT_ALIGN': ['64'], 'ERT_GNUPLOT': ['gnuplot']}
TIMESTAMP_DATA  1535253679.72
OPENMP_THREADS 1
HOSTNAME  ('atajo-Inspiron-15-7568', [], ['127.0.1.1'])
TIMESTAMP_DATA  1535253842.02
FLOPS          4
UNAME  ('Linux', 'atajo-Inspiron-15-7568', '4.15.0-33-generic', '#36-Ubuntu SMP Wed Aug 15 16:00:05 UTC 2018', 'x86_64', 'x86_64')
TIMESTAMP_DATA  1535253516.2
