8 134217728 2611112.171 2783848.555 3569321.926 0.601650311326 0.771408216206 0.822440212202 0.300825155663 0.385704108103 0.411220106101
16 67108864 1298515.666 1320292.098 1868011.506 1.14960943287 1.62652162446 1.6537987983 0.574804716433 0.81326081223 0.826899399148
24 33554432 808400.665 857460.075 1226453.518 1.31322770277 1.87835303702 1.99234464509 0.656613851386 0.93917651851 0.996172322545
32 33554432 1089018.224 1258075.092 1615780.158 1.32906920373 1.70695983225 1.97194463846 0.664534601866 0.853479916126 0.985972319229
40 16777216 687421.28 719522.904 1205500.719 1.11337741973 1.86537116823 1.95248142449 0.556688709864 0.932685584113 0.976240712246
48 16777216 903776.121 926312.286 944914.964 1.70450548183 1.73873623436 1.78209259857 0.852252740914 0.869368117179 0.891046299286
56 16777216 1075423.715 1116292.278 1185222.9 1.58539646171 1.68329408797 1.74726311666 0.792698230856 0.841647043983 0.87363155833
64 16777216 1103496.705 1208946.833 1467201.303 1.46365985609 1.77632596354 1.94607164504 0.731829928044 0.888162981771 0.973035822522
72 8388608 605583.559 671248.871 912801.378 1.32335421606 1.79957032956 1.99470334696 0.661677108029 0.899785164778 0.997351673479
80 8388608 656201.672 724420.118 821422.05 1.63396792185 1.85276091408 2.04537314864 0.816983960925 0.926380457038 1.02268657432
88 8388608 709967.378 743186.187 749462.025 1.96993971509 1.98657487696 2.07952513559 0.984969857545 0.993287438481 1.0397625678
96 8388608 831517.064 870625.964 894177.1 1.80122342207 1.84994797146 1.93695692576 0.900611711036 0.924973985729 0.968478462879
104 8388608 861869.041 947809.946 977962.779 1.78414813065 1.84090752726 2.02447283868 0.892074065326 0.920453763628 1.01223641934
112 8388608 907580.439 966818.254 1180509.13 1.59172694581 1.94353818231 2.07039300458 0.795863472907 0.971769091153 1.03519650229
120 8388608 961913.929 965536.809 1052281.902 1.91323818852 2.08512601615 2.09297927736 0.956619094262 1.04256300808 1.04648963868
128 8388608 1086916.328 1121822.858 1294226.048 1.659280194 1.9142805236 1.97575801621 0.829640096998 0.957140261801 0.987879008107
136 4194304 592124.618 611964.282 785098.124 1.45313133878 1.8642439135 1.9267070703 0.726565669389 0.932121956752 0.963353535151
144 4194304 584365.606 725442.773 760149.798 1.58910724594 1.66513417317 2.06712978929 0.794553622969 0.832567086584 1.03356489465
152 4194304 636664.913 661620.433 875307.488 1.45670913762 1.92719020212 2.00273077716 0.728354568812 0.96359510106 1.00136538858
160 4194304 676579.508 678564.493 892279.371 1.50421193588 1.97796568174 1.98376874282 0.752105967941 0.988982840869 0.991884371408
176 4194304 711312.355 738350.872 762012.405 1.93749471572 1.99958456608 2.07559308878 0.96874735786 0.999792283038 1.03779654439
192 4194304 829559.414 840856.789 1086218.495 1.48277049545 1.91544238813 1.94152788675 0.741385247726 0.957721194066 0.970763943377
208 4194304 853788.944 973856.12 1137511.197 1.53390179244 1.7916717143 2.04363206652 0.76695089622 0.895835857149 1.02181603326
224 4194304 899994.481 917676.436 1257391.053 1.4944023878 2.04761517054 2.08784412757 0.747201193899 1.02380758527 1.04392206378
240 4194304 942399.286 964073.405 1688390.445 1.19241726697 2.08829110891 2.13631944539 0.596208633483 1.04414555446 1.06815972269
264 2097152 535869.441 583988.521 816192.812 1.35666014172 1.89609250213 2.06635454698 0.678330070861 0.948046251067 1.03317727349
288 2097152 581383.18 585193.198 836571.031 1.44394140753 2.06420641273 2.07773391724 0.721970703764 1.03210320637 1.03886695862
312 2097152 636269.601 676817.26 904581.621 1.44666088457 1.93349508847 2.0567112525 0.723330442284 0.966747544234 1.02835562625
336 2097152 676352.984 679628.375 1076627.87 1.30898166699 2.07361286821 2.08365480354 0.654490833495 1.0368064341 1.04182740177
368 2097152 755351.859 874296.563 933291.795 1.65382775277 1.76542369869 2.04342367548 0.826913876383 0.882711849343 1.02171183774
400 2097152 798238.936 812448.578 1467129.547 1.14354018937 2.06501881526 2.10177870852 0.571770094683 1.03250940763 1.05088935426
440 2097152 905062.438 938928.923 1008796.319 1.82940175855 1.96553084562 2.03907894363 0.914700879276 0.982765422809 1.01953947182
480 2097152 951494.522 958451.867 1168793.177 1.72251683156 2.10053941081 2.11589859264 0.861258415782 1.05026970541 1.05794929632
528 1048576 523370.691 526611.79 642202.34 1.72421709955 2.10268033688 2.11570169106 0.862108549776 1.05134016844 1.05785084553
576 1048576 569009.2 571468.461 651120.459 1.85520134608 2.11378165977 2.12291743613 0.927600673042 1.05689082989 1.06145871807
632 1048576 626834.554 663700.234 671839.016 1.97279412543 1.99698598268 2.11443363411 0.986397062715 0.99849299134 1.05721681706
688 1048576 679995.066 744936.289 1138178.783 1.26767481309 1.93686439674 2.12183977229 0.633837406544 0.968432198368 1.06091988615
752 1048576 742944.993 942267.375 988882.906 1.59478770887 1.67368450383 2.12271207002 0.797393854435 0.836842251914 1.06135603501
824 1048576 819392.254 854040.415 1035762.331 1.66838781087 2.02338579961 2.1089450621 0.834193905436 1.0116928998 1.05447253105
904 1048576 997221.062 1414162.835 1518458.403 1.24851981737 1.34059908879 1.90110847057 0.624259908686 0.670299544394 0.950554235285
992 1048576 1016174.909 1221188.787 1509665.049 1.37803732383 1.70356525227 2.04726053121 0.689018661914 0.851782626137 1.0236302656
1088 524288 533593.402 576537.872 705302.439 1.61753401791 1.9787957451 2.13805246415 0.808767008957 0.989397872548 1.06902623207
1192 524288 621673.516 729641.792 797386.634 1.56749880009 1.71303591119 2.01054502055 0.783749400043 0.856517955594 1.00527251027
1304 524288 668116.061 761070.008 854840.988 1.59952917934 1.79660621182 2.04656523592 0.799764589669 0.898303105908 1.02328261796
1432 524288 729842.314 949942.465 1090286.22 1.37721710543 1.58068608081 2.05737705693 0.688608552716 0.790343040407 1.02868852846
1568 524288 795563.549 939095.9 1120297.948 1.46761597746 1.75079794087 2.06666980918 0.73380798873 0.875398970435 1.03333490459
1720 524288 868731.29 1098202.773 1178058.605 1.5309516117 1.64227478235 2.07607431753 0.765475805849 0.821137391173 1.03803715876
1888 524288 966112.236 1269229.101 1368304.418 1.44683555937 1.55977473763 2.04915269079 0.723417779683 0.779887368813 1.02457634539
2072 262144 527274.945 683205.416 749812.821 1.44879455989 1.5900411656 2.0602623855 0.724397279945 0.795020582799 1.03013119275
2272 262144 600901.326 681960.04 746493.031 1.59570456325 1.74670400923 1.98232602336 0.797852281624 0.873352004613 0.991163011679
2496 262144 630615.6 819635.887 876206.775 1.49350916398 1.59659047237 2.07515140444 0.746754581988 0.798295236187 1.03757570222
2744 262144 704481.452 908926.463 948509.885 1.516743573 1.5827972125 2.04213505965 0.7583717865 0.791398606248 1.02106752982
3016 262144 760695.571 942809.018 1089443.256 1.45143182014 1.67717170478 2.07869306498 0.725715910072 0.838585852389 1.03934653249
3312 262144 848616.034 875417.669 1186961.64 1.46293005391 1.98355815457 2.04620439213 0.731465026957 0.991779077285 1.02310219606
3640 262144 916245.15 933169.347 1333246.268 1.43139970897 2.04508252027 2.08285775919 0.715699854485 1.02254126013 1.0414288796
4000 262144 1003914.417 1012189.916 1501280.504 1.3969088351 2.07189576467 2.08897488121 0.69845441755 1.03594788233 1.04448744061
4400 131072 548724.778 549860.674 747703.68 1.54263464371 2.09768338516 2.10202572627 0.771317321857 1.04884169258 1.05101286314
4840 131072 606689.379 613943.132 961933.577 1.31898604055 2.06660339349 2.09131229904 0.659493020275 1.03330169674 1.04565614952
5320 131072 661181.135 667194.655 985118.787 1.41567301162 2.09025367567 2.1092647781 0.707836505812 1.04512683783 1.05463238905
5848 131072 731292.5 753473.433 1176500.372 1.30303240737 2.03460141374 2.09631318795 0.651516203685 1.01730070687 1.04815659398
6432 131072 813427.507 821924.054 1220184.092 1.38184903332 2.0514184976 2.07284631204 0.690924516659 1.0257092488 1.03642315602
7072 131072 885805.491 971799.279 1098509.035 1.6876350662 1.90768032871 2.09287748477 0.843817533098 0.953840164354 1.04643874239
7776 131072 976214.418 1355668.297 1388390.084 1.46819814366 1.50363606533 2.08809837922 0.734099071828 0.751818032667 1.04404918961
8552 65536 534891.366 688803.921 850098.703 1.31858540666 1.62735389539 2.09561756882 0.659292703332 0.813676947696 1.04780878441
9400 65536 641346.236 645633.927 762034.172 1.61682618086 1.90832102911 1.92107902228 0.80841309043 0.954160514554 0.960539511142
10336 65536 682696.23 725646.025 861409.264 1.57272535671 1.86697114754 1.98442606311 0.786362678356 0.933485573769 0.992213031556
11368 65536 727161.171 742758.576 908165.24 1.64069976517 2.00607107632 2.04910074331 0.820349882583 1.00303553816 1.02455037165
12504 65536 815085.71 846986.871 1116000.989 1.46856884909 1.93500554036 2.01073858601 0.734284424545 0.967502770182 1.005369293
13752 65536 935332.035 1066583.635 1197726.44 1.50493642271 1.68997731153 1.92712542343 0.752468211356 0.844988655765 0.963562711717
15120 65536 1019834.601 1122429.561 1348761.025 1.46935491408 1.76564187978 1.94326475887 0.734677457039 0.882820939888 0.971632379435
16632 32768 563491.999 678001.502 858607.829 1.2694908143 1.6076583146 1.93435710522 0.634745407149 0.803829157299 0.96717855261
18288 32768 609708.606 613699.507 871203.46 1.37570891649 1.95294660388 1.96572978666 0.687854458246 0.976473301941 0.982864893332
20112 32768 675567.902 677699.591 930615.454 1.41633155385 1.94490309498 1.95104004808 0.708165776925 0.972451547488 0.97552002404
22120 32768 761682.167 763120.232 1009048.278 1.43665704764 1.89964341032 1.9032299597 0.718328523821 0.94982170516 0.951614979848
24328 32768 800992.308 816616.944 1177734.519 1.35375144591 1.95239618736 1.99048079748 0.676875722957 0.976198093681 0.995240398738
26760 32768 951273.091 958833.253 1330434.799 1.31817309749 1.82903894344 1.84357507491 0.659086548743 0.914519471719 0.921787537455
29432 32768 975398.32 1149558.502 1714472.188 1.12504336058 1.67790986596 1.97750550975 0.562521680288 0.838954932978 0.988752754875
32368 32768 1042929.758 1122246.685 1643721.145 1.29052866081 1.89019872044 2.03395217341 0.645264330404 0.945099360218 1.01697608671
35600 16384 579862.07 606857.056 845252.723 1.38010889318 1.9222661885 2.01175565769 0.690054446592 0.961133094249 1.00587782884
39160 16384 638644.965 657741.586 914859.901 1.40261353525 1.95091036862 2.00924606052 0.701306767625 0.97545518431 1.00462303026
43072 16384 714025.714 925644.184 995917.918 1.41716829318 1.52475791497 1.97665611802 0.70858414659 0.762378957485 0.988328059009
47376 16384 816565.794 1062498.619 1198595.961 1.29519606149 1.46110003367 1.90115331723 0.647598030743 0.730550016837 0.950576658615
52112 16384 842622.713 984332.285 1205676.472 1.41630533203 1.734786151 2.02653689445 0.708152666016 0.8673930755 1.01326844723
57320 16384 905750.153 1105199.069 1514800.666 1.23993988262 1.69947823219 2.07370846561 0.619969941312 0.849739116094 1.0368542328
63048 16384 995218.302 1224211.704 1484221.009 1.3919469213 1.6875813695 2.07588311012 0.695973460648 0.843790684752 1.03794155506
69352 8192 556525.505 598383.174 872772.498 1.30190074802 1.89888890158 2.04170906417 0.650950374011 0.949444450789 1.02085453208
76280 8192 597189.385 659011.082 885542.78 1.41130564014 1.89643475525 2.09275575118 0.70565282007 0.948217377625 1.04637787559
83904 8192 655482.482 662461.065 710113.377 1.93586430072 2.07511536697 2.09720804713 0.967932150361 1.03755768348 1.04860402356
92288 8192 721345.33 726923.905 773434.565 1.95497674971 2.08006172531 2.09614802941 0.977488374857 1.04003086265 1.0480740147
101512 8192 792639.5 793098.445 915280.061 1.81711880207 2.09705695237 2.09827116615 0.908559401033 1.04852847618 1.04913558307
111656 8192 872732.259 884704.909 1782779.147 1.02613490127 2.06777636858 2.09614333048 0.513067450637 1.03388818429 1.04807166524
122816 8192 959438.027 963108.393 1165396.839 1.72663703612 2.08929478616 2.09728746138 0.863318518062 1.04464739308 1.04864373069
135096 4096 525168.292 528174.063 1094780.117 1.01089379942 2.09534414794 2.10733673159 0.505446899708 1.04767207397 1.0536683658
148600 4096 576998.356 730915.824 818570.073 1.48714354477 1.6654875432 2.10976545659 0.743571772383 0.8327437716 1.0548827283
163456 4096 636193.483 647842.499 1290744.348 1.03741035479 2.06690909298 2.10475521643 0.518705177394 1.03345454649 1.05237760821
179800 4096 702344.611 718627.09 1307903.705 1.1261697588 2.04963272398 2.09714942911 0.563084879402 1.02481636199 1.04857471456
197776 4096 767812.44 772435.142 1511633.506 1.07180807092 2.09749777542 2.110125999 0.535904035459 1.04874888771 1.0550629995
217552 4096 847814.233 849086.544 1707148.683 1.04395475435 2.09894503286 2.10209491022 0.521977377175 1.04947251643 1.05104745511
239304 4096 930018.223 931934.084 1919260.257 1.02142393709 2.10355904098 2.10789242567 0.510711968544 1.05177952049 1.05394621284
263232 2048 511270.922 512194.477 518479.941 2.07953709823 2.10505641981 2.10885897399 1.03976854912 1.0525282099 1.054429487
289552 2048 560908.653 562237.417 614912.611 1.92873746738 2.10943803479 2.11443518594 0.96436873369 1.05471901739 1.05721759297
318504 2048 616094.725 621635.271 688032.52 1.89612023571 2.09864601457 2.11751915909 0.948060117856 1.04932300728 1.05875957954
350352 2048 680785.017 724709.511 1166295.349 1.23042743267 1.98016138911 2.10792211369 0.615213716333 0.990080694553 1.05396105684
385384 2048 756029.785 767112.972 1156612.954 1.36478919637 2.05775801168 2.08792417352 0.682394598185 1.02887900584 1.04396208676
423920 2048 826441.306 871451.361 1515382.131 1.14583396787 1.99251088208 2.10102799484 0.572916983934 0.996255441042 1.05051399742
466312 2048 907992.283 915717.085 1543453.265 1.23749386866 2.08581229212 2.10355747264 0.61874693433 1.04290614606 1.05177873632
512936 2048 996524.521 1111390.044 1763891.296 1.19110846613 1.89041270195 2.10831325444 0.595554233065 0.945206350976 1.05415662722
564224 1024 550011.981 557644.419 889108.69 1.29965072324 2.07216411145 2.10091923798 0.649825361621 1.03608205572 1.05045961899
620640 1024 602756.739 843880.246 952341.154 1.33468003001 1.50622167781 2.10876235429 0.667340015005 0.753110838905 1.05438117715
682704 1024 661856.347 724916.093 733143.935 1.90709862723 1.92874431331 2.11250945668 0.953549313615 0.964372156655 1.05625472834
750968 1024 728270.746 761781.777 807988.834 1.9034699482 2.01892787467 2.11182787782 0.9517349741 1.00946393733 1.05591393891
826064 1024 805675.972 809063.328 857651.871 1.97257084046 2.09103417922 2.0998256505 0.98628542023 1.04551708961 1.04991282525
908664 1024 975306.897 999585.667 1140985.497 1.63099695561 1.86171524206 1.9080597889 0.815498477804 0.930857621031 0.954029894449
999528 1024 1008330.113 1077276.241 1221218.336 1.67622224762 1.90019353077 2.0301221967 0.838111123808 0.950096765385 1.01506109835
1099480 512 550540.656 571447.01 690867.185 1.629643938 1.97020458642 2.04502157603 0.814821969001 0.985102293212 1.02251078801
1209424 512 584644.678 757386.245 927942.219 1.33461992637 1.63516327921 2.11829547519 0.667309963186 0.817581639603 1.05914773759
1330360 512 655651.569 825812.821 1022838.106 1.33187122381 1.64963367649 2.0777631053 0.665935611906 0.824816838246 1.03888155265
1463392 512 747135.335 891721.524 1186194.174 1.26329520145 1.68047239824 2.005678674 0.631647600724 0.840236199121 1.002839337
1609728 512 790786.963 860570.027 1051292.615 1.56793784003 1.91542979686 2.08445706508 0.783968920014 0.95771489843 1.04222853254
1770696 512 861562.134 899052.616 1021642.519 1.77478195189 2.01678152283 2.10454084789 0.887390975943 1.00839076141 1.05227042395
1947760 512 946234.598 971751.267 1143479.994 1.74424235707 2.05248637973 2.10783482681 0.872121178536 1.02624318986 1.05391741341
2142536 256 520296.692 535354.783 576272.299 1.90357654516 2.04906814478 2.10837095232 0.951788272578 1.02453407239 1.05418547616
2356784 256 577633.797 600228.558 638140.526 1.89092113545 2.01035654155 2.08899377818 0.945460567725 1.00517827077 1.04449688909
2592456 256 636005.547 646857.236 705169.898 1.88229457293 2.05197901195 2.08699040167 0.941147286466 1.02598950598 1.04349520084
2851696 256 694512.059 755270.635 846978.434 1.72385540574 1.9331724078 2.10229373713 0.861927702872 0.966586203898 1.05114686857
3136864 256 766200.791 778333.937 800591.473 2.0061097603 2.06347724499 2.09615336719 1.00305488015 1.03173862249 1.0480766836
3450544 256 853546.549 876818.493 878949.596 2.00998844079 2.01487370773 2.0698092331 1.0049942204 1.00743685387 1.03490461655
3795592 256 927567.757 954835.487 971911.705 1.99950581313 2.03526484977 2.09509557586 0.999752906567 1.01763242488 1.04754778793
4175144 256 1021774.285 1136452.004 1142655.388 1.87079477369 1.88100660695 2.09211932555 0.935397386845 0.940503303473 1.04605966278
4592656 128 561609.427 562139.345 564015.515 2.08455247193 2.09150977682 2.09348326341 1.04227623596 1.04575488841 1.04674163171
5051920 128 619164.834 619639.279 621003.207 2.08258428527 2.08716839592 2.08876772223 1.04129214263 1.04358419796 1.04438386112
5557112 128 680320.493 681655.784 684688.844 2.07776230687 2.08700740959 2.0911036587 1.03888115344 1.0435037048 1.04555182935
6112816 128 755150.055 755164.014 755331.943 2.07177905092 2.07223976115 2.07227806664 1.03588952546 1.03611988057 1.03613903332
6724096 128 823183.835 831895.791 845458.925 2.03601680117 2.06921178665 2.09111076143 1.01800840059 1.03460589332 1.04555538071
7396504 128 903967.485 916607.341 926148.536 2.04449389099 2.0657755391 2.09466054412 1.02224694549 1.03288776955 1.04733027206
8136152 128 1007134.09 1008858.898 1149688.457 1.81166897808 2.06456514001 2.06810089409 0.905834489038 1.03228257001 1.03405044705
8949760 64 550864.223 552887.352 866199.073 1.32252425073 2.07197592033 2.07958555334 0.661262125364 1.03598796017 1.03979277667
9844736 64 608245.258 608763.625 676473.785 1.86278646112 2.06997618821 2.07174029132 0.93139323056 1.03498809411 1.03587014566
10829208 64 673251.33 676756.352 1087071.107 1.27511311364 2.04820925567 2.05887246298 0.637556556822 1.02410462784 1.02943623149
11912128 64 736918.185 885836.4 1157306.223 1.31750124012 1.72125731568 2.06909317077 0.65875062006 0.860628657842 1.03454658539
13103336 64 806655.61 1017825.947 1022832.032 1.63978733118 1.64785247708 2.07923553398 0.819893665591 0.82392623854 1.03961776699
14413664 64 888134.264 1366682.457 1369541.94 1.34712850926 1.34994707992 2.07733117253 0.67356425463 0.674973539958 1.03866558627
15855024 64 965507.476 1016449.579 1457312.04 1.39259336113 1.99659984512 2.10194444108 0.696296680565 0.998299922558 1.05097222054
17440520 32 545076.289 546048.059 875604.723 1.27476845508 2.044130112 2.04777441713 0.63738422754 1.022065056 1.02388720857
19184568 32 588755.655 596753.632 923998.592 1.3288032716 2.05748618217 2.08543619339 0.664401635798 1.02874309109 1.04271809669
21103024 32 645818.01 656243.974 763647.593 1.76860838478 2.0580661911 2.09129122305 0.884304192392 1.02903309555 1.04564561152
23213320 32 712707.972 723827.128 949209.337 1.56514735168 2.05249626952 2.08451783671 0.782573675842 1.02624813476 1.04225891836
25534648 32 776306.087 823281.117 1164688.895 1.4031364762 1.98500541098 2.10512000275 0.7015682381 0.992502705488 1.05256000137
28088112 32 923654.058 928738.024 1151098.175 1.56167319786 1.93557184216 1.94622559434 0.780836598929 0.967785921081 0.973112797172
30896920 32 941007.387 960610.654 1034277.07 1.91186959216 2.05848526848 2.10136807353 0.955934796079 1.02924263424 1.05068403677
33986608 16 513563.914 527665.904 592606.004 1.83523529741 2.0610986 2.11769446091 0.917617648707 1.0305493 1.05884723045
37385264 16 565786.482 581003.212 645536.852 1.85323029087 2.05907372505 2.1144521583 0.926615145436 1.02953686253 1.05722607915
41123784 16 639813.981 639838.034 688786.537 1.91054995606 2.05670969538 2.05678701479 0.95527497803 1.02835484769 1.02839350739
45236160 16 686992.491 704011.235 751717.21 1.92566712687 2.05615627711 2.10709307447 0.962833563435 1.02807813855 1.05354653724
49759776 16 754362.807 778185.39 845381.605 1.8835432692 2.04618700436 2.11080506253 0.941771634598 1.02309350218 1.05540253127
54735752 16 852134.175 886087.362 933856.818 1.87560237313 1.97671712645 2.05547919023 0.937801186563 0.988358563227 1.02773959512
60209320 16 916060.367 940995.685 1009646.859 1.90828924274 2.04751017535 2.10324374835 0.954144621372 1.02375508768 1.05162187417
66230248 16 1004188.649 1033571.413 1134080.209 1.8687989784 2.05052878722 2.11052767636 0.934399489199 1.02526439361 1.05526383818
72853272 8 558748.12 568318.034 607933.366 1.9174015068 2.05105641958 2.08618572533 0.958700753398 1.02552820979 1.04309286267
80138592 8 606803.954 688706.93 954100.918 1.34390130835 1.86177518498 2.11306710108 0.671950654176 0.930887592492 1.05653355054
88152448 8 683982.101 750261.359 1067684.868 1.32102571674 1.87993044168 2.06209952854 0.660512858369 0.93996522084 1.03104976427
96967688 8 746082.39 814165.062 1167674.52 1.32869475305 1.90561236341 2.07950627008 0.664347376527 0.952806181703 1.03975313504
106664456 8 814244.837 912446.116 1300626.764 1.31216067763 1.87039132073 2.09596821306 0.656080338817 0.935195660365 1.04798410653
117330896 8 890393.373 1000260.532 1378552.973 1.36178614298 1.87680536814 2.10838758792 0.680893071492 0.938402684072 1.05419379396
129063984 8 977672.907 1012540.568 1091157.982 1.89250665629 2.03944790882 2.11218264229 0.946253328145 1.01972395441 1.05609132114
141970376 4 538173.635 553252.824 591928.967 1.91874882177 2.05288244132 2.11040254322 0.959374410883 1.02644122066 1.05520127161
156167408 4 594082.718 609780.015 661268.696 1.88930652783 2.04883602819 2.10297190298 0.944653263913 1.02441801409 1.05148595149
171784144 4 650374.104 676476.12 712247.859 1.92948723486 2.03151761218 2.11305023301 0.964743617432 1.01575880609 1.0565251165
188962552 4 717230.814 791341.016 808123.727 1.8706299116 1.9103021143 2.10769028114 0.9353149558 0.955151057152 1.05384514057
207858800 4 789873.098 825003.5 864094.151 1.92440881364 2.01559193385 2.10523741625 0.96220440682 1.00779596693 1.05261870813
228644680 4 864576.83 959727.928 1057938.995 1.72898196271 1.90591248481 2.1156678927 0.864490981354 0.952956242407 1.05783394635
251509144 4 952442.893 1078558.84 1078949.921 1.86484387536 1.86552006008 2.112539415 0.932421937681 0.932760030042 1.0562697075
276660056 2 524020.024 583841.11 621800.952 1.779733885 1.89544758847 2.11182812358 0.8898669425 0.947723794236 1.05591406179
304326056 2 580584.058 635021.04 639346.016 1.90398343547 1.91695101 2.09668902759 0.951991717737 0.958475505001 1.04834451379
334758656 2 638190.156 700839.885 713497.767 1.8767187312 1.91061418258 2.09817498971 0.938359365601 0.955307091291 1.04908749486
368234520 2 702121.735 771840.198 777950.246 1.8933576891 1.90834590349 2.09783860344 0.946678844549 0.954172951744 1.04891930172
405057968 2 771795.363 850916.964 927301.103 1.74725541333 1.90410103517 2.09930241833 0.873627706663 0.952050517587 1.04965120916
445563760 2 845067.59 879187.892 926056.049 1.92456497846 2.02716058333 2.10900886638 0.962282489232 1.01358029166 1.05450443319
490120136 2 924706.255 1017314.53 1067341.08 1.83678917708 1.92711347984 2.1201116932 0.918394588541 0.96355673992 1.0600558466
539132144 1 520774.169 561520.883 598862.236 1.80052142744 1.92025678945 2.07050263278 0.900260713718 0.960128394726 1.03525131639
593045352 1 567275.697 611370.716 636690.43 1.86290016013 1.94005154804 2.09085407725 0.931450080065 0.970025774018 1.04542703863
652349880 1 614483.898 660424.11 679719.895 1.91946678271 1.97554834877 2.12324483074 0.959733391355 0.987774174386 1.06162241537
717584864 1 678098.623 750036.336 769314.328 1.8655180019 1.91346693369 2.11646164632 0.932759000948 0.956733466844 1.05823082316
789343344 1 746815.189 869698.498 870533.331 1.81347069869 1.81521146884 2.11389204619 0.906735349344 0.907605734419 1.05694602309
868277672 1 819663.5 905033.537 914080.703 1.89978339801 1.91877457907 2.11861982875 0.949891699005 0.959387289534 1.05930991437
955105432 1 922694.911 999483.296 1228867.405 1.55444831251 1.91119838785 2.07025186898 0.777224156255 0.955599193926 1.03512593449
1050615968 1 990348.874 1090354.26 1949451.771 1.07785787125 1.92710939287 2.12170881511 0.538928935626 0.963554696434 1.06085440755

META_DATA
ERT_VERSION  1.1.0
FLOPS          8
MPI_PROCS      1
UNAME  ('Linux', 'atajo-Inspiron-15-7568', '4.15.0-33-generic', '#36-Ubuntu SMP Wed Aug 15 16:00:05 UTC 2018', 'x86_64', 'x86_64')
TIMESTAMP_DATA  1535258516.5
HOSTNAME  ('atajo-Inspiron-15-7568', [], ['127.0.1.1'])
TIMESTAMP_DATA  1535257860.36
CONFIG  {'ERT_WORKING_SET_MIN': ['1'], 'ERT_CFLAGS': [], 'ERT_CC': ['mpicc'], 'ERT_MPI_CFLAGS': ['-I/usr/include/mpi'], 'ERT_MPI_LDFLAGS': ['-lmpi'], 'ERT_MEMORY_MAX': ['1073741824'], 'ERT_PROCS_THREADS': ['1-4'], 'ERT_LDFLAGS': [], 'ERT_LDLIBS': [], 'ERT_RUN': ['export', 'OMP_NUM_THREADS=ERT_OPENMP_THREADS;', 'mpirun', '-np', 'ERT_MPI_PROCS', 'ERT_CODE'], 'ERT_FLOPS': ['1,2,4,8,16,32'], 'ERT_OPENMP_CFLAGS': ['-fopenmp'], 'ERT_MPI': ['True'], 'ERT_TRIALS_MIN': ['1'], 'ERT_DRIVER': ['driver1'], 'ERT_RESULTS': ['Results/myLaptop'], 'ERT_OPENMP': ['False'], 'ERT_MPI_PROCS': ['1,2,4,8'], 'ERT_KERNEL': ['kernel1'], 'ERT_GPU': [False], 'ERT_OPENMP_THREADS': ['1,2,4,8'], 'ERT_LD': ['mpicc'], 'ERT_NUM_EXPERIMENTS': ['3'], 'ERT_OPENMP_LDFLAGS': ['-fopenmp'], 'ERT_ALIGN': ['64'], 'ERT_GNUPLOT': ['gnuplot']}
TIMESTAMP_DATA  1535258195.22
