64 16777216 417117.216 429445.205 438263.22 4.89998601297 5.00059989726 5.14839370236 1.22499650324 1.25014997431 1.28709842559
128 8388608 345575.126 346196.037 352897.382 6.08529209208 6.20308558876 6.21423096291 1.52132302302 1.55077139719 1.55355774073
192 4194304 245519.048 247077.951 247190.227 6.51568128541 6.51864211064 6.56003169253 1.62892032135 1.62966052766 1.64000792313
256 4194304 317525.105 319667.611 320341.67 6.70372870317 6.71786435067 6.76319325365 1.67593217579 1.67946608767 1.69079831341
320 2097152 193242.359 196021.074 198339.44 6.76707204578 6.84710706156 6.94556455917 1.69176801145 1.71177676539 1.73639113979
384 2097152 230003.592 231985.159 235848.245 6.82902150067 6.94274040177 7.00255470793 1.70725537517 1.73568510044 1.75063867698
448 2097152 268148.59 268590.436 270963.98 6.93467888979 6.99596091352 7.00748861667 1.73366972245 1.74899022838 1.75187215417
512 2097152 300421.012 301675.851 302356.358 7.10249211297 7.11851359955 7.14824716721 1.77562302824 1.77962839989 1.7870617918
576 1048576 156531.033 169836.244 172110.859 7.0184970258 7.11249568143 7.7170611402 1.75462425645 1.77812392036 1.92926528505
640 1048576 182778.838 185951.274 187849.728 7.14495194797 7.21789773809 7.34317656621 1.78623798699 1.80447443452 1.83579414155
704 1048576 182718.825 206508.864 212077.573 6.96158008183 7.14930574602 8.08014723168 1.74039502046 1.78732643651 2.02003680792
768 1048576 212170.606 227778.475 236490.83 6.81046591109 7.07096109938 7.591120968 1.70261647777 1.76774027484 1.897780242
832 1048576 241111.111 243648.825 244052.835 7.14939641656 7.16125129682 7.23662404757 1.78734910414 1.79031282421 1.80915601189
896 1048576 258502.484 259284.457 259508.854 7.24078644346 7.24705296161 7.26897538052 1.81019661086 1.8117632404 1.81724384513
960 1048576 265845.785 276321.407 279705.007 7.19781866472 7.28595711008 7.57305939607 1.79945466618 1.82148927752 1.89326484902
1024 1048576 294051.801 295751.279 299045.256 7.18113263766 7.26111364678 7.30307939178 1.79528315942 1.8152784117 1.82576984795
1088 524288 155493.58 157186.571 157691.768 7.23468765979 7.25793991651 7.33696328813 1.80867191495 1.81448497913 1.83424082203
1152 524288 166661.463 168525.617 170030.629 7.10436442601 7.16780969863 7.24798360854 1.7760911065 1.79195242466 1.81199590214
1216 524288 183254.427 184123.122 187189.26 6.81165370278 6.92508579123 6.95791330596 1.7029134257 1.73127144781 1.73947832649
1280 524288 185304.738 193557.552 194404.788 6.90403407142 6.93425426253 7.24308128592 1.72600851786 1.73356356563 1.81077032148
1408 524288 172469.755 194687.151 203902.681 7.24068462837 7.58342294505 8.56031254871 1.81017115709 1.89585573626 2.14007813718
1536 524288 221479.678 223813.506 225539.164 7.14116656032 7.19622673709 7.27205651798 1.78529164008 1.79905668427 1.81801412949
1664 524288 227585.812 236696.643 242324.99 7.20037361396 7.37158939766 7.66669261439 1.80009340349 1.84289734941 1.9166731536
1792 524288 245252.128 252719.002 261897.608 7.17474361965 7.43532610183 7.66169984874 1.79368590491 1.85883152546 1.91542496218
1920 524288 272195.992 273111.625 283629.962 7.09821312884 7.37158632482 7.39638341185 1.77455328221 1.84289658121 1.84909585296
2112 262144 152792.75 155487.975 157522.172 7.0294628492 7.12142695279 7.24704710138 1.7573657123 1.7803567382 1.81176177535
2304 262144 154441.732 164281.981 167335.692 7.2187800317 7.35296436436 7.82145820535 1.80469500792 1.83824109109 1.95536455134
2496 262144 171479.299 178275.402 180755.361 7.23974570248 7.34045658189 7.63137507344 1.80993642562 1.83511414547 1.90784376836
2688 262144 187815.479 194799.101 196448.312 7.17382669086 7.23456184739 7.50356760531 1.79345667272 1.80864046185 1.87589190133
2944 262144 201239.45 209325.989 214567.892 7.19354539774 7.3736848414 7.66998653594 1.79838634944 1.84342121035 1.91749663399
3200 262144 229112.033 230823.647 234447.32 7.15607071132 7.26841301489 7.32271272718 1.78901767783 1.81710325372 1.8306781818
3520 262144 248727.472 250260.393 257425.998 7.16902633898 7.37429418166 7.41974235962 1.79225658474 1.84357354542 1.85493558991
3840 262144 271509.587 273006.771 273397.439 7.36387995207 7.3744175378 7.41508225269 1.84096998802 1.84360438445 1.85377056317
4224 131072 140484.779 150035.789 150269.872 7.36871763623 7.3802141701 7.88196603135 1.84217940906 1.84505354253 1.97049150784
4608 131072 164012.211 165797.381 166743.639 7.24441159641 7.28575774065 7.36505864188 1.8111028991 1.82143943516 1.84126466047
5056 131072 172877.762 173060.828 181419.179 7.30573289608 7.65857923666 7.6666891604 1.82643322402 1.91464480917 1.9166722901
5504 131072 198898.516 200290.805 201100.996 7.1747062655 7.2037284787 7.25415455588 1.79367656638 1.80093211967 1.81353863897
6016 131072 205779.285 214218.736 216754.845 7.27576956354 7.36190649542 7.66383411236 1.81894239088 1.84047662386 1.91595852809
6592 131072 232842.022 234890.311 235023.617 7.35267914799 7.35685197335 7.42156949659 1.838169787 1.83921299334 1.85539237415
7232 131072 255992.923 256253.677 256312.667 7.3965342025 7.39823689632 7.40577272912 1.84913355063 1.84955922408 1.85144318228
7936 131072 269066.521 280656.333 289521.529 7.18556160982 7.41253461756 7.73182325422 1.79639040246 1.85313365439 1.93295581356
8704 65536 153580.298 153587.787 157398.872 7.24815034253 7.42800394669 7.42836615671 1.81203758563 1.85700098667 1.85709153918
9536 65536 168939.224 169427.48 173304.195 7.21218890287 7.37721290549 7.39853399587 1.80304722572 1.84430322637 1.84963349897
10432 65536 179355.261 184147.2 184159.592 7.42477266131 7.4252723039 7.62365762998 1.85619316533 1.85631807597 1.9059144075
11456 65536 201938.791 202875.769 206459.472 7.27290841856 7.40138085194 7.43572259973 1.81822710464 1.85034521299 1.85893064993
12544 65536 220281.145 221925.27 222500.665 7.38949327635 7.40865232697 7.46394870973 1.84737331909 1.85216308174 1.86598717743
13760 65536 244966.287 245224.974 247167.9 7.29686468186 7.35467799458 7.36244461263 1.82421617047 1.83866949865 1.84061115316
15104 65536 258870.128 262746.905 266096.355 7.43982941067 7.53467100973 7.64750843713 1.85995735267 1.88366775243 1.91187710928
16576 32768 145549.835 146202.221 150047.281 7.23988284733 7.43028887366 7.46359304358 1.80997071183 1.85757221841 1.86589826089
18176 32768 146731.039 152796.541 166890.231 7.1375198468 7.79587239478 8.11813467769 1.7843799617 1.9489680987 2.02953366942
19968 32768 168201.63 174535.797 178917.731 7.3141037542 7.49773324724 7.78008422392 1.82852593855 1.87443331181 1.94502105598
21952 32768 191828.74 192955.893 198280.366 7.25561638312 7.45582966984 7.49963885495 1.81390409578 1.86395741746 1.87490971374
24128 32768 210562.458 211030.028 218338.496 7.24220710946 7.49302183668 7.50966066325 1.81055177736 1.87325545917 1.87741516581
26496 32768 231844.677 231947.797 236592.086 7.33939112401 7.48634769745 7.4896774792 1.834847781 1.87158692436 1.8724193698
29120 32768 255579.555 256162.255 257500.132 7.41129064742 7.44999812716 7.46698349952 1.85282266185 1.86249953179 1.86674587488
32000 32768 283971.841 287335.102 289267.438 7.24987234823 7.29862792747 7.38507026829 1.81246808706 1.82465698187 1.84626756707
35200 16384 155336.119 157160.248 158606.495 7.27229739236 7.33921977522 7.4254050341 1.81807434809 1.8348049438 1.85635125852
38720 16384 164765.845 169893.345 174311.423 7.27879411552 7.46807922347 7.7004852553 1.81969852888 1.86701980587 1.92512131383
42560 16384 186893.283 187406.623 187904.757 7.42187745678 7.44160509205 7.4620449575 1.85546936419 1.86040127301 1.86551123937
46784 16384 205619.524 205867.792 211703.295 7.24135215751 7.4466146312 7.45560578187 1.81033803938 1.8616536578 1.86390144547
51456 16384 224952.04 229234.073 243415.194 6.92688973228 7.355408321 7.49542083726 1.73172243307 1.83885208025 1.87385520931
56576 16384 247334.535 247592.074 249440.387 7.43216601889 7.48764828393 7.49544485569 1.85804150472 1.87191207098 1.87386121392
62208 16384 263729.299 279594.043 279927.559 7.28199735418 7.29068374322 7.72925780992 1.82049933854 1.8226709358 1.93231445248
68416 8192 132960.616 150767.362 155005.082 7.23155479509 7.43481698645 8.43052459986 1.80788869877 1.85870424661 2.10763114996
75200 8192 155014.851 164413.754 168979.692 7.29127142686 7.49375748698 7.94812104809 1.82281785672 1.87343937175 1.98703026202
82688 8192 170239.09 183190.121 184431.494 7.34560113686 7.39537800731 7.95798539572 1.83640028422 1.84884450183 1.98949634893
90944 8192 189388.961 200226.488 205761.137 7.24153510097 7.44170519537 7.86754670458 1.81038377524 1.86042629884 1.96688667615
100032 8192 225768.949 226021.034 228472.642 7.17339403814 7.25120250534 7.25929892157 1.79334850953 1.81280062633 1.81482473039
110016 8192 241120.475 242610.835 247460.923 7.28398699135 7.4296028205 7.47552502126 1.82099674784 1.85740070513 1.86888125531
120960 8192 265093.105 265195.61 265674.526 7.45953580811 7.47300696267 7.47589659112 1.86488395203 1.86825174067 1.86897414778
133056 4096 128252.52 135620.154 137059.924 7.95268755585 8.03711483767 8.49881742675 1.98817188896 2.00927870942 2.12470435669
146304 4096 150560.467 161809.037 164085.985 7.30423361873 7.40701749557 7.96040548944 1.82605840468 1.85175437389 1.99010137236
160896 4096 171563.864 178889.334 178963.775 7.36495434341 7.36801911287 7.68262034481 1.84123858585 1.84200477822 1.9206550862
176960 4096 193703.132 194250.889 194435.443 7.45572050873 7.4628040441 7.48390748788 1.86393012718 1.86570101103 1.87097687197
194624 4096 215688.488 215869.883 217053.682 7.34546308226 7.38574453204 7.39195597681 1.83636577057 1.84643613301 1.8479889942
214080 4096 234461.719 235841.026 237563.812 7.38219910362 7.43612504467 7.47987077583 1.84554977591 1.85903126117 1.86996769396
235456 4096 245395.123 247314.373 262475.038 7.34871996475 7.7992052326 7.8602032853 1.83717999119 1.94980130815 1.96505082132
258944 4096 276101.085 284294.761 290724.631 7.29648960497 7.46151367876 7.68294426659 1.82412240124 1.86537841969 1.92073606665
284800 2048 136766.705 156205.112 158672.366 7.35188381826 7.46800655282 8.52942095812 1.83797095456 1.86700163821 2.13235523953
313280 2048 172133.421 173971.023 176090.471 7.28713412323 7.37591156201 7.4546527487 1.82178353081 1.8439778905 1.86366318717
344576 2048 185036.091 191707.848 193041.133 7.31130860074 7.36215710898 7.6276108535 1.82782715019 1.84053927724 1.90690271337
379008 2048 197960.65 214312.721 218766.313 7.09623317553 7.243698651 7.84204723514 1.77405829388 1.81092466275 1.96051180879
416896 2048 224756.631 229992.848 236185.486 7.2299362883 7.42460485554 7.59757791529 1.80748407207 1.85615121388 1.89939447882
458560 2048 245414.934 255899.506 259331.479 7.24270638969 7.3398412891 7.65341264847 1.81067659742 1.83496032228 1.91335316212
504384 2048 261600.392 279526.017 279611.939 7.38865754942 7.39092870915 7.89737678986 1.84716438735 1.84773217729 1.97434419747
554816 1024 134321.251 144431.436 153740.76 7.39077371544 7.86714581997 8.4592956032 1.84769342886 1.96678645499 2.1148239008
610240 1024 167463.359 167971.313 169622.517 7.36795763973 7.44038668079 7.46295504559 1.84198940993 1.8600966702 1.8657387614
671232 1024 177963.816 188654.492 192991.145 7.12303736008 7.28677659051 7.72450921147 1.78075934002 1.82169414763 1.93112730287
738304 1024 195459.354 202420.618 209913.798 7.20317866861 7.46982499579 7.73586201456 1.80079466715 1.86745624895 1.93396550364
812096 1024 222966.918 223090.152 224354.904 7.41313240026 7.45515923984 7.45927971252 1.85328310007 1.86378980996 1.86481992813
893248 1024 239492.995 249085.488 252816.27 7.23597379235 7.34435361405 7.63851946484 1.80899344809 1.83608840351 1.90962986621
982528 1024 270917.523 271107.368 273429.354 7.35918552476 7.42221562934 7.4274167345 1.83979638119 1.85555390734 1.85685418363
1080768 512 149272.061 150323.939 155445.096 7.11959695403 7.36214364367 7.41402258792 1.77989923851 1.84053591092 1.85350564698
1188800 512 162597.818 164291.61 166200.292 7.32448291968 7.40957617982 7.48676221473 1.83112072992 1.85239404495 1.87169055368
1307648 512 171990.996 180043.688 182906.574 7.32084977984 7.43725907236 7.78547472334 1.83021244496 1.85931476809 1.94636868083
1438400 512 190820.291 203781.253 205978.403 7.15085454857 7.2279543791 7.71889400378 1.78771363714 1.80698859478 1.92972350095
1582208 512 212038.242 216680.795 218056.168 7.4301085214 7.47727084904 7.64098483707 1.85752713035 1.86931771226 1.91024620927
1740416 512 242608.37 244007.674 244511.356 7.28876569643 7.30381120718 7.34593775145 1.82219142411 1.8259528018 1.83648443786
1914432 512 260799.242 264294.007 264679.695 7.40660657025 7.41741513647 7.51681006803 1.85165164256 1.85435378412 1.87920251701
2105856 256 144370.226 144576.368 145898.337 7.39006553584 7.45763838804 7.46828693058 1.84751638396 1.86440959701 1.86707173264
2316416 256 148384.315 161084.126 163687.38 7.24554936367 7.36264349226 7.99279217618 1.81138734092 1.84066087306 1.99819804405
2548032 256 175771.878 178704.067 180652.669 7.22155056563 7.30029487242 7.42207683529 1.80538764141 1.8250737181 1.85551920882
2802816 256 186634.285 193231.826 193401.794 7.42000248457 7.42652916813 7.68905773127 1.85500062114 1.85663229203 1.92226443282
3083072 256 211415.498 211856.969 216661.684 7.28570384416 7.45093669305 7.46649549788 1.82142596104 1.86273417326 1.86662387447
3391360 256 225308.795 235904.19 236440.058 7.34383308263 7.3605149616 7.70665130937 1.83595827066 1.8401287404 1.92666282734
3730496 256 255521.337 257305.761 260370.036 7.33576713105 7.42312937175 7.4749685268 1.83394178276 1.85578234294 1.8687421317
4103488 256 271985.714 283406.646 284672.234 7.38036803407 7.41332599519 7.72461841875 1.84509200852 1.8533314988 1.93115460469
4513792 128 155411.061 159771.853 160302.209 7.20845183113 7.23237998623 7.43531859679 1.80211295778 1.80809499656 1.8588296492
4965120 128 170600.49 171340.359 173026.596 7.34610024924 7.41839650283 7.45056898723 1.83652506231 1.85459912571 1.86264224681
5461632 128 189442.228 191785.313 193639.845 7.22050666793 7.29032776352 7.38049698191 1.80512666698 1.82258194088 1.84512424548
6007744 128 209531.355 211143.88 214417.435 7.17284237637 7.28404945481 7.34010651532 1.79321059409 1.8210123637 1.83502662883
6608512 128 222487.672 229177.17 234137.325 7.22558469479 7.38197034198 7.60392275577 1.8063961737 1.8454925855 1.90098068894
7269312 128 252095.698 260561.438 261081.159 7.12783671992 7.14205404408 7.38189460099 1.78195917998 1.78551351102 1.84547365025
7996224 128 278590.835 279238.723 280848.951 7.28873416372 7.33076459457 7.34781294582 1.82218354093 1.83269114864 1.83695323646
8795840 64 153489.502 154109.45 154195.086 7.30157846924 7.3056358322 7.33514348102 1.82539461731 1.82640895805 1.83378587025
9675392 64 168117.006 168579.805 171941.846 7.20272699643 7.34637328593 7.36659666661 1.80068174911 1.83659332148 1.84164916665
10642880 64 183614.379 184520.717 192436.386 7.07916350082 7.38284926565 7.41929171026 1.7697908752 1.84571231641 1.85482292757
11707136 64 202467.881 206196.473 206536.664 7.25543532552 7.26740562628 7.40124014041 1.81385883138 1.81685140657 1.8503100351
12877824 64 212909.22 223627.027 224848.125 7.33099941127 7.37102976377 7.74208590873 1.83274985282 1.84275744094 1.93552147718
14165568 64 243798.003 246063.227 246227.752 7.36388440894 7.36880811532 7.43727463592 1.84097110223 1.84220202883 1.85931865898
15582080 64 269843.727 270951.405 277514.324 7.18703889317 7.36112160038 7.39133817256 1.79675972329 1.8402804001 1.84783454314
17140288 32 150061.377 154245.477 155521.422 7.05355196662 7.1119001564 7.3101983597 1.76338799166 1.7779750391 1.82754958993
18854272 32 163107.831 163631.439 164361.699 7.34157297802 7.37433720179 7.39801026476 1.83539324451 1.84358430045 1.84950256619
20739648 32 179399.081 182796.044 184828.716 7.1814461558 7.26130305096 7.39879749997 1.79536153895 1.81532576274 1.84969937499
22813568 32 202610.861 203996.021 206273.267 7.0783207792 7.15733740709 7.20626892751 1.7695801948 1.78933435177 1.80156723188
25094912 32 216807.321 218465.543 218693.146 7.34396297907 7.35161410786 7.40784195198 1.83599074477 1.83790352696 1.85196048799
27604352 32 236693.331 241426.701 245006.005 7.21075603025 7.31766006279 7.46399791044 1.80268900756 1.8294150157 1.86599947761
30364736 32 261542.413 264311.356 267171.668 7.273761917 7.35247676608 7.43031725413 1.81844047925 1.83811919152 1.85757931353
33401152 32 280073.911 290531.977 290600.513 7.35605627785 7.35779155903 7.63253428485 1.83901406946 1.83944788976 1.90813357121
36741248 16 158025.008 159937.328 162738.53 7.22459479018 7.35112903724 7.44008781192 1.80614869755 1.83778225931 1.86002195298
40415360 16 174482.573 176243.123 178720.829 7.23637825113 7.33811054857 7.4121529604 1.80909456278 1.83452763714 1.8530382401
44456896 16 191511.711 192774.813 208507.41 6.82287824687 7.37970199458 7.42837429926 1.70571956172 1.84492549864 1.85709357482
48902528 16 212104.12 212854.47 216233.495 7.236995804 7.35188176222 7.37789014188 1.809248951 1.83797044055 1.84447253547
53792768 16 230448.592 233180.442 234010.2 7.35595532161 7.38213102795 7.46964240944 1.8389888304 1.84553275699 1.86741060236
59172032 16 254763.067 255254.201 260368.3 7.27240998232 7.41811502644 7.43241571982 1.81810249558 1.85452875661 1.85810392995
65089216 16 281366.572 282972.736 287772.395 7.23785515285 7.36062046628 7.40263812149 1.80946378821 1.84015511657 1.85065953037
71598080 8 153654.917 155776.718 183307.54 6.24943894834 7.35391844627 7.45546776092 1.56235973708 1.83847961157 1.86386694023
78757888 8 168897.335 171851.963 173013.396 7.28340254069 7.33262620922 7.46090048135 1.82085063517 1.83315655231 1.86522512034
86633664 8 185876.337 186825.611 192973.304 7.18305897898 7.41942508086 7.45731622633 1.79576474474 1.85485627021 1.86432905658
95297024 8 204759.214 206950.177 210910.4 7.22938453485 7.36772689013 7.44656298593 1.80734613371 1.84193172253 1.86164074648
104826688 8 225008.125 225664.078 232589.092 7.21111636654 7.4324058258 7.45407308292 1.80277909164 1.85810145645 1.86351827073
115309312 8 246987.877 247011.738 255045.362 7.23380726288 7.46907417007 7.46979574224 1.80845181572 1.86726854252 1.86744893556
126840192 8 268531.61 273270.583 273641.467 7.41643104844 7.42649666027 7.55755745851 1.85410776211 1.85662416507 1.88938936463
139524160 4 150051.343 150838.243 153174.178 7.28708516392 7.39993557204 7.43874235101 1.82177129098 1.84998389301 1.85968558775
153476544 4 168223.572 168583.745 169996.417 7.22257782645 7.28310046737 7.29869385962 1.80564445661 1.82077511684 1.82467346491
168824192 4 168836.123 183487.817 183868.353 7.34543772196 7.36067144992 7.99943467074 1.83635943049 1.84016786248 1.99985866769
185706560 4 205465.489 208580.73 209602.14 7.08796427365 7.12267370049 7.23066675202 1.77199106841 1.78066842512 1.80766668801
204277184 4 219304.335 219730.922 223002.256 7.32825533388 7.43735773338 7.45182475303 1.83206383347 1.85933943335 1.86295618826
224704896 4 241174.306 243430.602 245943.081 7.30916747359 7.3846063446 7.45369271634 1.8272918684 1.84615158615 1.86342317908
247175360 4 264808.376 268197.871 273074.939 7.24124625731 7.37292534287 7.46729733353 1.81031156433 1.84323133572 1.86682433338
271892864 2 145596.945 148796.893 149215.006 7.28861985905 7.30910057376 7.46974090699 1.82215496476 1.82727514344 1.86743522675
299082112 2 162079.721 162931.925 163336.446 7.3243203051 7.3425048406 7.38111122489 1.83108007627 1.83562621015 1.84527780622
328990272 2 177860.878 179810.544 182626.935 7.205733853 7.31859800168 7.3988226236 1.80143346325 1.82964950042 1.8497056559
361889280 2 194616.106 194918.792 195663.517 7.39819636381 7.42646260603 7.43801296692 1.84954909095 1.85661565151 1.85950324173
398078208 2 212593.746 213522.444 220170.732 7.23217303924 7.45735578036 7.48993261542 1.80804325981 1.86433894509 1.87248315386
437886016 2 235146.412 238966.148 242624.044 7.21916935817 7.32967442736 7.44873820996 1.80479233954 1.83241860684 1.86218455249
481674560 2 260854.666 260917.523 266664.987 7.2251639095 7.38431906699 7.38609843383 1.80629097738 1.84607976675 1.84652460846
529841984 2 270080.69 284337.976 287223.685 7.37880629865 7.45369284052 7.84716573406 1.84470157466 1.86342321013 1.96179143352
582826176 1 156392.996 157300.648 158238.891 7.36640875472 7.41034679018 7.45335393409 1.84160218868 1.85258669754 1.86333848352
641108736 1 171357.892 172670.627 173650.275 7.38390694746 7.42579959474 7.48268700691 1.84597673686 1.85644989868 1.87067175173
705219584 1 191890.934 192963.09 193565.641 7.28661946776 7.30937283394 7.35021263693 1.82165486694 1.82734320849 1.83755315923
775741504 1 207711.531 209008.412 210116.403 7.38392141617 7.42306490516 7.46941202797 1.84598035404 1.85576622629 1.86735300699
853315648 1 229106.99 229301.817 231072.206 7.38570564389 7.44272905609 7.44905817147 1.84642641097 1.86068226402 1.86226454287
938647168 1 251879.257 253159.344 256577.451 7.31667700604 7.41546532053 7.45315179328 1.82916925151 1.85386633013 1.86328794832
1032511872 1 277515.583 285523.088 301834.285 6.84158111462 7.2324229836 7.44110915026 1.71039527865 1.8081057459 1.86027728756

META_DATA
ERT_VERSION  1.1.0
OPENMP_THREADS 8
UNAME  ('Linux', 'atajo-Inspiron-15-7568', '4.15.0-33-generic', '#36-Ubuntu SMP Wed Aug 15 16:00:05 UTC 2018', 'x86_64', 'x86_64')
TIMESTAMP_DATA  1535270640.14
HOSTNAME  ('atajo-Inspiron-15-7568', [], ['127.0.1.1'])
FLOPS          4
TIMESTAMP_DATA  1535270571.07
CONFIG  {'ERT_WORKING_SET_MIN': ['1'], 'ERT_CFLAGS': [], 'ERT_CC': ['gcc'], 'ERT_MPI_CFLAGS': ['-I/usr/include/mpi'], 'ERT_MPI_LDFLAGS': ['-mpicc'], 'ERT_MEMORY_MAX': ['1073741824'], 'ERT_PROCS_THREADS': ['1-4'], 'ERT_LDFLAGS': [], 'ERT_LDLIBS': [], 'ERT_RUN': ['export', 'OMP_NUM_THREADS=ERT_OPENMP_THREADS;', 'mpirun', '-np', 'ERT_MPI_PROCS', 'ERT_CODE'], 'ERT_FLOPS': ['1,2,4,8,16'], 'ERT_OPENMP_CFLAGS': ['-fopenmp'], 'ERT_MPI': ['False'], 'ERT_TRIALS_MIN': ['1'], 'ERT_DRIVER': ['driver1'], 'ERT_RESULTS': ['Results/myLaptop'], 'ERT_OPENMP': ['True'], 'ERT_MPI_PROCS': ['1,2,4,8'], 'ERT_KERNEL': ['kernel1'], 'ERT_GPU': [False], 'ERT_OPENMP_THREADS': ['1,2,4,8'], 'ERT_LD': ['gcc'], 'ERT_NUM_EXPERIMENTS': ['3'], 'ERT_OPENMP_LDFLAGS': ['-fopenmp'], 'ERT_ALIGN': ['64'], 'ERT_GNUPLOT': ['gnuplot']}
TIMESTAMP_DATA  1535270502.07
