8 134217728 4749207.792 4749714.64 4756770.351 0.451458340331 0.452128982637 0.452177235036 0.451458340331 0.452128982637 0.452177235036
16 67108864 2420783.484 2423663.57 2427116.692 0.884787968818 0.886048573152 0.887102734381 0.884787968818 0.886048573152 0.887102734381
24 33554432 1704665.19 1709460.431 1723262.193 0.934630111739 0.9421760848 0.944826435976 0.934630111739 0.9421760848 0.944826435976
32 33554432 2243199.704 2246811.531 2249433.297 0.954677629634 0.955791626654 0.957330568549 0.954677629634 0.955791626654 0.957330568549
40 16777216 1393187.936 1393313.391 1395470.484 0.961809866557 0.963298916575 0.963385660555 0.961809866557 0.963298916575 0.963385660555
48 16777216 1666943.863 1668010.988 1672597.23 0.962941171438 0.965588804622 0.966206944187 0.962941171438 0.965588804622 0.966206944187
56 16777216 1938624.141 1940399.595 1941073.594 0.968045826706 0.968382078022 0.969268953306 0.968045826706 0.968382078022 0.969268953306
64 16777216 2206677.695 2207731.46 2210012.932 0.971706371897 0.972710534278 0.973175037236 0.971706371897 0.972710534278 0.973175037236
72 8388608 1252256.256 1253615.714 1261676.433 0.957424201963 0.963580416638 0.964626486162 0.957424201963 0.963580416638 0.964626486162
80 8388608 1382509.298 1383349.918 1391839.172 0.964319230987 0.970237004055 0.970826946294 0.964319230987 0.970237004055 0.970826946294
88 8388608 1515459.468 1518497.402 1522413.019 0.969772978538 0.972273647657 0.974222695608 0.969772978538 0.972273647657 0.974222695608
96 8388608 1661285.906 1669297.246 1671688.291 0.96346474679 0.964844781155 0.969497622404 0.96346474679 0.964844781155 0.969497622404
104 8388608 1789897.96 1790691.542 1794728.362 0.972197520774 0.974389180423 0.9748211926 0.972197520774 0.974389180423 0.9748211926
112 8388608 1928422.905 1929821.77 1938857.948 0.969152069102 0.97369001698 0.974396325167 0.969152069102 0.97369001698 0.974396325167
120 8388608 2074706.193 2076219.527 2077511.31 0.969075792901 0.969678732821 0.970386036728 0.969075792901 0.969678732821 0.970386036728
128 8388608 2197116.331 2197521.621 2205197.521 0.973828252367 0.977229815388 0.977410079612 0.973828252367 0.977229815388 0.977410079612
136 4194304 1163654.107 1171620.69 1178442.252 0.968100631205 0.973737232312 0.980403610607 0.968100631205 0.973737232312 0.980403610607
144 4194304 1242412.526 1244729.741 1264660.395 0.955165162739 0.970459299084 0.972269296004 0.955165162739 0.970459299084 0.972269296004
152 4194304 1313346.531 1320786.093 1322599.264 0.964062547671 0.965386009709 0.97085452004 0.964062547671 0.965386009709 0.97085452004
160 4194304 1384739.023 1398232.157 1402773.155 0.95680279824 0.959910178922 0.969263707967 0.95680279824 0.959910178922 0.969263707967
176 4194304 1509423.782 1509782.494 1511219.953 0.97695574034 0.977885896722 0.978118289645 0.97695574034 0.977885896722 0.978118289645
192 4194304 1650991.673 1655059.733 1656617.037 0.972229972303 0.97314477773 0.975542616198 0.972229972303 0.97314477773 0.975542616198
208 4194304 1781965.976 1782880.599 1788998.072 0.975311539631 0.978658057628 0.979160369783 0.975311539631 0.978658057628 0.979160369783
224 4194304 1921392.324 1924125.813 1928871.058 0.97416993438 0.976572415018 0.977961746036 0.97416993438 0.976572415018 0.977961746036
240 4194304 2083263.043 2101699.159 2108426.476 0.95486655234 0.957922979309 0.966400247326 0.95486655234 0.957922979309 0.966400247326
264 2097152 1138642.332 1139205.963 1139922.228 0.971378773746 0.971989518984 0.972470656396 0.971378773746 0.971989518984 0.972470656396
288 2097152 1233056.034 1238369.716 1244975.544 0.970267695475 0.975443388507 0.979646924951 0.970267695475 0.975443388507 0.979646924951
312 2097152 1337768.247 1347270.219 1348847.869 0.97017823735 0.971314313599 0.978213416961 0.97017823735 0.971314313599 0.978213416961
336 2097152 1469357.857 1473739.361 1477539.899 0.95380581259 0.956265525163 0.959117030127 0.95380581259 0.956265525163 0.959117030127
368 2097152 1575957.619 1582728.783 1584568.709 0.974084533686 0.975216909289 0.979406967162 0.974084533686 0.975216909289 0.979406967162
400 2097152 1712437.666 1713206.052 1716950.204 0.977152159737 0.979287691659 0.97972710675 0.977152159737 0.979287691659 0.97972710675
440 2097152 1882129.668 1882639.605 1889231.029 0.976849168615 0.980269274639 0.98053486504 0.976849168615 0.980269274639 0.98053486504
480 2097152 2058084.266 2061847.82 2080643.875 0.967616776802 0.976437688791 0.978223269698 0.967616776802 0.976437688791 0.978223269698
528 1048576 1128534.42 1128841.858 1130887.632 0.979139062686 0.980913533772 0.981180756543 0.979139062686 0.980913533772 0.981180756543
576 1048576 1239686.778 1241073.769 1241169.443 0.973243064283 0.973318091296 0.974407062685 0.973243064283 0.973318091296 0.974407062685
632 1048576 1362432.019 1362512.539 1368331.325 0.968625098165 0.972761736911 0.97281922732 0.968625098165 0.972761736911 0.97281922732
688 1048576 1491229.155 1495581.887 1496555.493 0.96410763433 0.96473525692 0.967551211806 0.96410763433 0.96473525692 0.967551211806
752 1048576 1619144.019 1624237.663 1644596.478 0.958933285518 0.970952921438 0.974007429539 0.958933285518 0.970952921438 0.974007429539
824 1048576 1775783.19 1778309.461 1802265.339 0.95882288285 0.971739332157 0.973121751423 0.95882288285 0.971739332157 0.973121751423
904 1048576 1934037.63 1935223.974 1952553.449 0.970946741033 0.97964134047 0.980242255162 0.970946741033 0.97964134047 0.980242255162
992 1048576 2141257.739 2148839.476 2171516.695 0.958028454854 0.968138759193 0.97156673207 0.958028454854 0.968138759193 0.97156673207
1088 524288 1166994.138 1168258.085 1189612.163 0.959010611595 0.976539946651 0.97759761669 0.959010611595 0.976539946651 0.97759761669
1192 524288 1292309.994 1293966.012 1295221.553 0.965010649417 0.96594700356 0.967184806899 0.965010649417 0.96594700356 0.967184806899
1304 524288 1404640.628 1404686.392 1420236.167 0.962757558053 0.97341521338 0.973446927807 0.962757558053 0.97341521338 0.973446927807
1432 524288 1551922.454 1553505.191 1553505.703 0.966562806368 0.966563124925 0.967548879862 0.966562806368 0.966563124925 0.967548879862
1568 524288 1686738.167 1691596.806 1708852.692 0.962146810955 0.971961617667 0.974761347177 0.962146810955 0.971961617667 0.974761347177
1720 524288 1856356.136 1860630.415 1863236.167 0.967966783783 0.969322389584 0.971554264305 0.967966783783 0.969322389584 0.971554264305
1888 524288 2031767.417 2038740.353 2047537.936 0.966874143425 0.971046403769 0.974378992121 0.966874143425 0.971046403769 0.974378992121
2072 262144 1110261.02 1111019.047 1119692.165 0.970199461921 0.977773278445 0.978440849882 0.970199461921 0.977773278445 0.978440849882
2272 262144 1222319.561 1228046.297 1233279.821 0.96586542301 0.969981619512 0.974526117397 0.96586542301 0.969981619512 0.974526117397
2496 262144 1343570.928 1348748.486 1361428.01 0.961213401214 0.97024972527 0.973988660165 0.961213401214 0.97024972527 0.973988660165
2744 262144 1476871.547 1482421.553 1485028.038 0.968767077245 0.970470423267 0.97411740034 0.968767077245 0.970470423267 0.97411740034
3016 262144 1616084.55 1620822.133 1624074.796 0.973632872017 0.975586756749 0.978446708126 0.973632872017 0.975586756749 0.978446708126
3312 262144 1782616.064 1786220.571 1789551.644 0.970322293755 0.972131820779 0.974097502579 0.970322293755 0.972131820779 0.974097502579
3640 262144 1962539.562 1964023.318 1977268.344 0.965174163533 0.97168312744 0.972417757559 0.965174163533 0.97168312744 0.972417757559
4000 262144 2164830.449 2166727.187 2170181.418 0.966348703664 0.967889272162 0.968737298096 0.966348703664 0.967889272162 0.968737298096
4400 131072 1183567.319 1190225.093 1198086.693 0.962729664505 0.969088625995 0.974539919685 0.962729664505 0.969088625995 0.974539919685
4840 131072 1308062.104 1309172.126 1316214.823 0.963958874972 0.969144495825 0.969966912213 0.963958874972 0.969144495825 0.969966912213
5320 131072 1420949.958 1429428.007 1443565.289 0.966084520476 0.97563925792 0.981460375961 0.966084520476 0.97563925792 0.981460375961
5848 131072 1579658.997 1581485.801 1593753.753 0.961891452249 0.969353067243 0.970474080109 0.961891452249 0.969353067243 0.970474080109
6432 131072 1737724.189 1742574.2 1743157.96 0.967273331902 0.967597367159 0.9702979441 0.967273331902 0.967597367159 0.9702979441
7072 131072 1909141.74 1911582.123 1915730.732 0.967715523394 0.969815706945 0.971055385338 0.967715523394 0.969815706945 0.971055385338
7776 131072 2088019.947 2098045.172 2098814.185 0.97123021112 0.971586203769 0.976251087509 0.97123021112 0.971586203769 0.976251087509
8552 65536 1143565.455 1146418.731 1155921.092 0.969726871287 0.977764680295 0.980204271735 0.969726871287 0.977764680295 0.980204271735
9400 65536 1265026.398 1265625.155 1276085.595 0.965512662182 0.973492661024 0.973953430496 0.965512662182 0.973492661024 0.973953430496
10336 65536 1387290.06 1390116.099 1404275.687 0.964739477114 0.974566220026 0.976551502142 0.964739477114 0.974566220026 0.976551502142
11368 65536 1525797.297 1536158.604 1539422.447 0.967912673291 0.969969176438 0.976555993991 0.967912673291 0.969969176438 0.976555993991
12504 65536 1685055.73 1686589.92 1686664.6 0.971695432512 0.971738457918 0.97262319508 0.971695432512 0.971738457918 0.97262319508
13752 65536 1852674.621 1853729.288 1856671.952 0.970824243916 0.972365358668 0.972918894429 0.970824243916 0.972365358668 0.972918894429
15120 65536 2032244.943 2041092.231 2043173.412 0.969965950203 0.970954967101 0.975181976379 0.969965950203 0.970954967101 0.975181976379
16632 32768 1112945.727 1115756.731 1129255.588 0.965232993826 0.976910756365 0.979378172319 0.965232993826 0.976910756365 0.979378172319
18288 32768 1231675.563 1234492.931 1238746.34 0.967528483676 0.970862074544 0.973082850715 0.967528483676 0.970862074544 0.973082850715
20112 32768 1358128.719 1359286.301 1359973.558 0.969180631672 0.969670650716 0.97049713592 0.969180631672 0.969670650716 0.97049713592
22120 32768 1486264.469 1493785.044 1496269.73 0.968846920401 0.970458451049 0.975369020949 0.968846920401 0.970458451049 0.975369020949
24328 32768 1639264.879 1641513.274 1644777.686 0.969346691392 0.971274392509 0.972606580196 0.969346691392 0.971274392509 0.972606580196
26760 32768 1806532.843 1809864.456 1819847.991 0.963675740322 0.968991547508 0.970778564473 0.963675740322 0.968991547508 0.970778564473
29432 32768 1978770.584 1989890.58 1994319.232 0.96717492418 0.96932744513 0.974774725072 0.96717492418 0.96932744513 0.974774725072
32368 32768 2181432.862 2185549.623 2193247.677 0.967181805432 0.97058846236 0.972420139511 0.967181805432 0.97058846236 0.972420139511
35600 16384 1199106.288 1203690.428 1203912.223 0.968958349051 0.969136891732 0.972841867042 0.968958349051 0.969136891732 0.972841867042
39160 16384 1320841.227 1322653.679 1328598.299 0.965826074718 0.970166945719 0.971498204152 0.965826074718 0.970166945719 0.971498204152
43072 16384 1459067.483 1460120.367 1461134.383 0.965950368714 0.966621196374 0.967318724079 0.965950368714 0.966621196374 0.967318724079
47376 16384 1596340.806 1599198.382 1602465.303 0.968767788665 0.970746835085 0.972484548516 0.968767788665 0.970746835085 0.972484548516
52112 16384 1759865.806 1760858.038 1766492.863 0.966664542929 0.969757912989 0.970304673333 0.966664542929 0.969757912989 0.970304673333
57320 16384 1933110.559 1937072.299 1945218.775 0.965578671222 0.969639471366 0.971626662146 0.965578671222 0.969639471366 0.971626662146
63048 16384 2134559.711 2135786.662 2140438.369 0.965202686478 0.967304881502 0.967860891103 0.965202686478 0.967304881502 0.967860891103
69352 8192 1165963.751 1170145.005 1171172.869 0.970192529281 0.971044753552 0.974527009974 0.970192529281 0.971044753552 0.974527009974
76280 8192 1290760.839 1292616.911 1296242.479 0.964149486109 0.966853759505 0.968244063686 0.964149486109 0.966853759505 0.968244063686
83904 8192 1415474.339 1420540.692 1426653.563 0.963571796021 0.967718238373 0.97118195514 0.963571796021 0.967718238373 0.97118195514
92288 8192 1561347.724 1563120.582 1569203.135 0.963576071367 0.967325623763 0.968423989581 0.963576071367 0.967325623763 0.968423989581
101512 8192 1714376.945 1716965.139 1752674.84 0.948933920909 0.968669992315 0.970132392908 0.948933920909 0.968669992315 0.970132392908
111656 8192 1884026.049 1890671.283 1909121.498 0.958227072461 0.967577981667 0.97099076999 0.958227072461 0.967577981667 0.97099076999
122816 8192 2071560.336 2077682.693 2079586.029 0.967604761688 0.968491170851 0.971353481253 0.967604761688 0.968491170851 0.971353481253
135096 4096 1135558.05 1136946.077 1138104.07 0.972412331326 0.973402744764 0.974592564422 0.972412331326 0.973402744764 0.974592564422
148600 4096 1259220.298 1262120.825 1264994.485 0.962321349567 0.964512411084 0.966734098818 0.962321349567 0.964512411084 0.966734098818
163456 4096 1381731.977 1385927.867 1401336.315 0.955539036323 0.966162513853 0.969096448725 0.955539036323 0.966162513853 0.969096448725
179800 4096 1524214.942 1526769.98 1527213.821 0.964450150821 0.964730522145 0.966347697699 0.964450150821 0.964730522145 0.966347697699
197776 4096 1671780.883 1674482.93 1678979.63 0.96497954058 0.967570921729 0.969134776259 0.96497954058 0.967570921729 0.969134776259
217552 4096 1838960.324 1841232.052 1846282.283 0.965283586594 0.967931218699 0.969126935878 0.965283586594 0.967931218699 0.969126935878
239304 4096 2025504.601 2027448.662 2027573.314 0.966859424744 0.966918869386 0.967846909374 0.966859424744 0.966918869386 0.967846909374
263232 2048 1107336.604 1107578.329 1108390.532 0.972760268941 0.973473607933 0.973686111436 0.972760268941 0.973473607933 0.973686111436
289552 2048 1226617.977 1229579.631 1229759.578 0.964420211249 0.964561352594 0.966890274102 0.964420211249 0.964561352594 0.966890274102
318504 2048 1347539.256 1354616.433 1358009.083 0.960665433193 0.963071429091 0.968129409359 0.960665433193 0.963071429091 0.968129409359
350352 2048 1480344.981 1482344.294 1484580.38 0.966631252395 0.968089395836 0.969396870607 0.966631252395 0.968089395836 0.969396870607
385384 2048 1632349.357 1636856.156 1646852.229 0.958515181996 0.964368712678 0.967031265232 0.958515181996 0.964368712678 0.967031265232
423920 2048 1792116.82 1792203.273 1793248.805 0.968285223533 0.968850099851 0.968896837875 0.968285223533 0.968850099851 0.968896837875
466312 2048 1969431.257 1971626.554 1978468.896 0.965400040335 0.968750369143 0.969830221396 0.965400040335 0.968750369143 0.969830221396
512936 2048 2175839.043 2178877.99 2180860.208 0.963374840943 0.964251264019 0.965598012757 0.963374840943 0.964251264019 0.965598012757
564224 1024 1193399.482 1194957.093 1197716.63 0.964778081106 0.967006061363 0.968268186327 0.964778081106 0.967006061363 0.968268186327
620640 1024 1313627.353 1325188.606 1340703.789 0.948062301627 0.959162125485 0.967603724981 0.948062301627 0.959162125485 0.967603724981
682704 1024 1446092.804 1449362.954 1452122.413 0.962851189048 0.964684372635 0.966865880345 0.962851189048 0.964684372635 0.966865880345
750968 1024 1587905.994 1588064.046 1598045.188 0.962414877595 0.968463751745 0.968560147648 0.962414877595 0.968463751745 0.968560147648
826064 1024 1746019.522 1746152.186 1753625.424 0.964732290515 0.968861182641 0.968934797511 0.964732290515 0.968861182641 0.968934797511
908664 1024 1918028.684 1918391.567 1925760.144 0.966342500024 0.970054239193 0.970237769395 0.966342500024 0.970054239193 0.970237769395
999528 1024 2112081.779 2120133.271 2123734.097 0.963884013018 0.965521069831 0.969201744153 0.963884013018 0.965521069831 0.969201744153
1099480 512 1156342.571 1156383.862 1158117.758 0.972152885337 0.973610543174 0.973645309129 0.972152885337 0.973610543174 0.973645309129
1209424 512 1277955.112 1282137.07 1282370.919 0.965750359471 0.965926502694 0.96908738372 0.965750359471 0.965926502694 0.96908738372
1330360 512 1404247.241 1405730.056 1413485.203 0.963779908773 0.969096900351 0.97012021831 0.963779908773 0.969096900351 0.97012021831
1463392 512 1548217.385 1548963.251 1554212.878 0.964162264521 0.96742992904 0.967895996078 0.964162264521 0.96742992904 0.967895996078
1609728 512 1706983.795 1707123.448 1710099.878 0.963897777671 0.965578367476 0.965657364076 0.963897777671 0.965578367476 0.965657364076
1770696 512 1872773.924 1873400.343 1878385.407 0.965293223235 0.967861840516 0.968185577962 0.965293223235 0.967861840516 0.968185577962
1947760 512 2059664.813 2061222.102 2061627.72 0.967442482778 0.967632861138 0.968364477274 0.967442482778 0.967632861138 0.968364477274
2142536 256 1126425.963 1132808.174 1137801.353 0.964121223013 0.968370865587 0.973857553033 0.964121223013 0.968370865587 0.973857553033
2356784 256 1248500.851 1253211.899 1253484.2 0.96265545908 0.962864627253 0.966497865847 0.96265545908 0.962864627253 0.966497865847
2592456 256 1377263.445 1377448.514 1377909.273 0.963298163391 0.963620388355 0.963749874302 0.963298163391 0.963620388355 0.963749874302
2851696 256 1506725.395 1508164.899 1513476.812 0.964711411779 0.968109225303 0.96903414308 0.964711411779 0.968109225303 0.96903414308
3136864 256 1657331.653 1659833.241 1664883.112 0.964676953249 0.967611883127 0.969072403277 0.964676953249 0.967611883127 0.969072403277
3450544 256 1820726.892 1822125.733 1824178.842 0.968478795677 0.969570044484 0.97031495265 0.968478795677 0.969570044484 0.97031495265
3795592 256 2010718.478 2011369.916 2015495.714 0.964201060067 0.966178865728 0.966491890965 0.964201060067 0.966178865728 0.966491890965
4175144 256 2205129.376 2206025.743 2209431.961 0.967521863417 0.969015767283 0.969409664243 0.967521863417 0.969015767283 0.969409664243
4592656 128 1212974.51 1215128.46 1216660.768 0.966349837953 0.967568429761 0.969286597787 0.966349837953 0.967568429761 0.969286597787
5051920 128 1337380.818 1338204.865 1348011.636 0.959406792539 0.966437616411 0.967033101263 0.959406792539 0.966437616411 0.967033101263
5557112 128 1472756.006 1473274.082 1476565.228 0.963466188302 0.965618474784 0.965958153424 0.963466188302 0.965618474784 0.965958153424
6112816 128 1616478.101 1616781.888 1623161.0 0.964094686849 0.967898581506 0.968080480046 0.964094686849 0.967898581506 0.968080480046
6724096 128 1774428.882 1777865.744 1778788.658 0.967719559183 0.968221915411 0.970097248451 0.967719559183 0.968221915411 0.970097248451
7396504 128 1955327.968 1960803.889 1961892.703 0.965141988196 0.965677921501 0.968382314879 0.965141988196 0.965677921501 0.968382314879
8136152 128 2155066.564 2158111.168 2164507.444 0.962276622228 0.965128647163 0.966492147757 0.962276622228 0.965128647163 0.966492147757
8949760 64 1183454.996 1188916.012 1197674.437 0.95649472395 0.963540963733 0.967987193321 0.95649472395 0.963540963733 0.967987193321
9844736 64 1301097.124 1302147.676 1304910.573 0.965680127109 0.967729107248 0.968510486078 0.965680127109 0.967729107248 0.968510486078
10829208 64 1438334.663 1438466.209 1438969.323 0.963285736426 0.963622652606 0.963710782794 0.963285736426 0.963622652606 0.963710782794
11912128 64 1574957.746 1576171.689 1584920.881 0.962036908138 0.967377091367 0.968122724481 0.962036908138 0.967377091367 0.968122724481
13103336 64 1736256.532 1741235.204 1741395.489 0.96315111564 0.963239776078 0.966001841944 0.96315111564 0.963239776078 0.966001841944
14413664 64 1906130.585 1907891.26 1908632.263 0.966634080208 0.967009509756 0.967902727399 0.966634080208 0.967009509756 0.967902727399
15855024 64 2094693.113 2094763.097 2102428.356 0.965285245611 0.968817464326 0.968849832658 0.965285245611 0.968817464326 0.968849832658
17440520 32 1146849.194 1147016.736 1147062.834 0.97308817522 0.973127283123 0.97326944627 0.97308817522 0.973127283123 0.97326944627
19184568 32 1268142.746 1274050.202 1276442.76 0.961901614766 0.963707984248 0.968197275798 0.961901614766 0.963707984248 0.968197275798
21103024 32 1396551.884 1402369.381 1402874.626 0.962732885013 0.963079737977 0.967091557051 0.962732885013 0.963079737977 0.967091557051
23213320 32 1533104.374 1538255.435 1539998.661 0.964710241394 0.965803498039 0.969048490889 0.964710241394 0.965803498039 0.969048490889
25534648 32 1689071.633 1690113.774 1691484.186 0.966144103224 0.966927491593 0.967524076582 0.966144103224 0.966927491593 0.967524076582
28088112 32 1856807.322 1860987.349 1862247.11 0.965306461397 0.965959907769 0.968134467535 0.965306461397 0.965959907769 0.968134467535
30896920 32 2042259.502 2044529.297 2044575.191 0.967146079393 0.967167789134 0.968242712576 0.967146079393 0.967167789134 0.968242712576
33986608 16 1117585.93 1119787.131 1125012.197 0.966719702151 0.971230536494 0.973143475419 0.966719702151 0.971230536494 0.973143475419
37385264 16 1235710.236 1235973.025 1236809.384 0.967269866704 0.967924399483 0.968130240527 0.967269866704 0.967924399483 0.968130240527
41123784 16 1359009.197 1359685.326 1360417.312 0.967321627263 0.967842384437 0.968323901637 0.967321627263 0.967842384437 0.968323901637
45236160 16 1495059.372 1496397.415 1499473.976 0.965376620848 0.967361414481 0.968227180211 0.965376620848 0.967361414481 0.968227180211
49759776 16 1641441.681 1643006.851 1644985.852 0.967979651657 0.969145582705 0.970069695702 0.967979651657 0.969145582705 0.970069695702
54735752 16 1812312.03 1815663.697 1817695.801 0.963606816408 0.964685292157 0.966469368964 0.963606816408 0.964685292157 0.966469368964
60209320 16 1988591.932 1989123.664 1989599.265 0.968385078289 0.968616619907 0.968875619475 0.968385078289 0.968616619907 0.968875619475
66230248 16 2183195.514 2191465.322 2193176.278 0.966346370449 0.967100831906 0.970764149344 0.966346370449 0.967100831906 0.970764149344
72853272 8 1203655.069 1203795.296 1211112.713 0.962463971758 0.968314426774 0.968427236358 0.962463971758 0.968314426774 0.968427236358
80138592 8 1324264.372 1328729.489 1332353.822 0.96237009331 0.964995119484 0.968248862622 0.96237009331 0.964995119484 0.968248862622
88152448 8 1456112.668 1460678.073 1463178.967 0.963955332745 0.965605764933 0.968633265129 0.963955332745 0.965605764933 0.968633265129
96967688 8 1603862.909 1606980.823 1610075.535 0.96360883342 0.965464544315 0.967341410101 0.96360883342 0.965464544315 0.967341410101
106664456 8 1763811.023 1769894.488 1771322.556 0.963478554608 0.964255952867 0.967581715811 0.963478554608 0.964255952867 0.967581715811
117330896 8 1938413.892 1940151.543 1945955.337 0.964716044765 0.96760190861 0.968469295308 0.964716044765 0.96760190861 0.968469295308
129063984 8 2137661.417 2139751.127 2144180.257 0.963083088401 0.965076600705 0.96602002898 0.963083088401 0.965076600705 0.96602002898
141970376 4 1171451.541 1172188.536 1186261.53 0.957430532203 0.968925196859 0.969534776514 0.957430532203 0.968925196859 0.969534776514
156167408 4 1291412.809 1292687.053 1299923.437 0.961086805915 0.966466911772 0.967420529898 0.961086805915 0.966466911772 0.967420529898
171784144 4 1418287.848 1421976.191 1422303.112 0.966230855016 0.966452997384 0.968966316632 0.966230855016 0.966452997384 0.968966316632
188962552 4 1562178.224 1564640.372 1572785.495 0.961161214168 0.966164776937 0.967687548562 0.961161214168 0.966164776937 0.967687548562
207858800 4 1719133.097 1723235.042 1723738.804 0.96468815121 0.964970163368 0.967272634621 0.96468815121 0.964970163368 0.967272634621
228644680 4 1887107.537 1887888.23 1895605.842 0.964946087141 0.968890748368 0.969291576731 0.964946087141 0.968890748368 0.969291576731
251509144 4 2074354.613 2075740.245 2076813.046 0.968827288463 0.969328005682 0.969975499556 0.968827288463 0.969328005682 0.969975499556
276660056 2 1136932.397 1137220.206 1138199.823 0.972272356433 0.973109885105 0.97335622322 0.972272356433 0.973109885105 0.97335622322
304326056 2 1261742.465 1264844.53 1271732.74 0.957201293725 0.962414111084 0.964780260447 0.957201293725 0.962414111084 0.964780260447
334758656 2 1383347.972 1385243.701 1386754.103 0.965589083965 0.966641915089 0.967966593441 0.965589083965 0.966641915089 0.967966593441
368234520 2 1520381.887 1521239.731 1521788.963 0.967899042385 0.968248494951 0.968794809116 0.967899042385 0.968248494951 0.968794809116
405057968 2 1674855.169 1678348.215 1679860.031 0.964504090877 0.965372893134 0.967386256429 0.964504090877 0.965372893134 0.967386256429
445563760 2 1842796.077 1847180.72 1847563.069 0.964651799933 0.964851473764 0.967147185868 0.964651799933 0.964851473764 0.967147185868
490120136 2 2025881.212 2029163.894 2030452.187 0.965538886634 0.966151896255 0.967717422121 0.965538886634 0.966151896255 0.967717422121
539132144 1 1109532.555 1110092.602 1111406.761 0.970179709029 0.971328235192 0.97181852226 0.970179709029 0.971328235192 0.97181852226
593045352 1 1228324.239 1231024.583 1232369.345 0.962447426019 0.963498796352 0.965616948963 0.962447426019 0.963498796352 0.965616948963
652349880 1 1348090.052 1348757.896 1353357.292 0.964046795116 0.967334288733 0.967813506275 0.964046795116 0.967334288733 0.967813506275
717584864 1 1480358.989 1483360.406 1528029.142 0.939229291217 0.967512495409 0.969474119902 0.939229291217 0.967512495409 0.969474119902
789343344 1 1633245.341 1635408.737 1749473.419 0.902378207554 0.965316285943 0.966594943435 0.902378207554 0.965316285943 0.966594943435
868277672 1 1793856.229 1795512.661 1805918.462 0.961591223823 0.967164076155 0.968057147461 0.961591223823 0.967164076155 0.968057147461
955105432 1 1973944.671 1974019.09 1974625.408 0.967378853863 0.967675983316 0.967712465331 0.967378853863 0.967675983316 0.967712465331
1050615968 1 2166429.507 2170400.55 2175006.941 0.966080565717 0.96813094523 0.969905519294 0.966080565717 0.96813094523 0.969905519294

META_DATA
ERT_VERSION  1.1.0
TIMESTAMP_DATA  1535280963.14
TIMESTAMP_DATA  1535282133.47
MPI_PROCS      1
UNAME  ('Linux', 'atajo-Inspiron-15-7568', '4.15.0-33-generic', '#36-Ubuntu SMP Wed Aug 15 16:00:05 UTC 2018', 'x86_64', 'x86_64')
HOSTNAME  ('atajo-Inspiron-15-7568', [], ['127.0.1.1'])
FLOPS          16
TIMESTAMP_DATA  1535281548.12
CONFIG  {'ERT_WORKING_SET_MIN': ['1'], 'ERT_CFLAGS': [], 'ERT_CC': ['mpicc'], 'ERT_MPI_CFLAGS': ['-I/usr/include/mpi'], 'ERT_MPI_LDFLAGS': ['-lmpi'], 'ERT_MEMORY_MAX': ['1073741824'], 'ERT_PROCS_THREADS': ['1-4'], 'ERT_LDFLAGS': [], 'ERT_LDLIBS': [], 'ERT_RUN': ['export', 'OMP_NUM_THREADS=ERT_OPENMP_THREADS;', 'mpirun', '-np', 'ERT_MPI_PROCS', 'ERT_CODE'], 'ERT_FLOPS': ['1,2,4,8,16'], 'ERT_OPENMP_CFLAGS': ['-fopenmp'], 'ERT_MPI': ['True'], 'ERT_TRIALS_MIN': ['1'], 'ERT_DRIVER': ['driver1'], 'ERT_RESULTS': ['Results/myLaptop'], 'ERT_OPENMP': ['False'], 'ERT_MPI_PROCS': ['1,2,4,8'], 'ERT_KERNEL': ['kernel1'], 'ERT_GPU': [False], 'ERT_OPENMP_THREADS': ['1,2,4,8'], 'ERT_LD': ['mpicc'], 'ERT_NUM_EXPERIMENTS': ['3'], 'ERT_OPENMP_LDFLAGS': ['-fopenmp'], 'ERT_ALIGN': ['64'], 'ERT_GNUPLOT': ['gnuplot']}
