16 67108864 319392.266 319736.724 320003.482 6.71081337796 6.71641224422 6.7236557569 0.419425836123 0.419775765264 0.420228484806
32 33554432 229218.818 229292.824 229783.648 9.34567653831 9.36568188458 9.36870570548 0.584104783644 0.585355117786 0.585544106593
48 16777216 157105.176 157737.575 158412.347 10.1672171804 10.2107106439 10.2518120472 0.635451073773 0.638169415246 0.640738252952
64 16777216 201287.589 202542.394 203607.806 10.547157745 10.602637826 10.6687335204 0.659197359064 0.662664864127 0.666795845024
80 8388608 123424.191 124654.192 126298.683 10.6270093094 10.7672053259 10.8745074132 0.664188081835 0.67295033287 0.679656713326
96 8388608 146832.486 147084.019 147776.343 10.8989889945 10.9502905003 10.9690490155 0.681186812154 0.684393156268 0.685565563468
112 8388608 170239.31 171440.919 172084.425 10.9193391093 10.9603250085 11.0376868421 0.68245869433 0.685020313033 0.689855427633
128 8388608 194521.873 194786.514 194879.987 11.0195186333 11.0248066147 11.0398055236 0.68871991458 0.689050413418 0.689987845223
144 4194304 109021.205 109072.838 109384.827 11.0432094206 11.0747971186 11.0800421991 0.690200588789 0.692174819913 0.692502637446
160 4194304 120598.448 120788.099 120820.647 11.1088403624 11.1118337908 11.1293080654 0.694302522647 0.694489611928 0.695581754087
176 4194304 131948.845 132257.536 132352.205 11.1550465517 11.1630312544 11.1891468849 0.697190409484 0.697689453401 0.699321680307
192 4194304 144289.971 144323.752 145192.64 11.0929365015 11.159720515 11.1623332158 0.693308531342 0.697482532189 0.697645825987
208 4194304 155819.759 155947.605 156242.754 11.1674328526 11.1885685195 11.1977484447 0.697964553287 0.699285532471 0.699859277795
224 4194304 167317.47 168455.584 168479.236 11.1529956843 11.1545616202 11.2304363197 0.697062230268 0.697160101264 0.701902269978
240 4194304 179430.237 179595.74 180855.205 11.1319213622 11.209987052 11.2203269285 0.695745085136 0.700624190752 0.701270433032
256 4194304 191680.015 192578.576 192697.33 11.1443352536 11.1512074323 11.2034822618 0.696520953352 0.696950464521 0.700217641364
272 2097152 102037.515 102625.109 103088.593 11.0667015118 11.1166818639 11.1806984715 0.691668844486 0.694792616493 0.698793654471
288 2097152 107895.625 108221.579 108918.222 11.0905184626 11.1619102508 11.1956305179 0.69315740391 0.697619390676 0.69972690737
304 2097152 133490.062 135236.223 136742.197 9.32461554644 9.42845332201 9.55178533066 0.582788471652 0.589278332625 0.596986583166
320 2097152 119837.518 138322.561 138633.54 9.68147592567 9.70324197511 11.1999756203 0.605092245354 0.606452623444 0.69999847627
352 2097152 131116.164 131444.074 131904.641 11.1928966017 11.2321154014 11.2602059346 0.699556037608 0.702007212588 0.703762870915
384 2097152 142557.821 143946.957 144546.87 11.1424947216 11.1889321564 11.2979612392 0.696405920101 0.699308259778 0.706122577449
416 2097152 155727.913 155806.418 156054.196 11.1809262982 11.1987072574 11.2043527097 0.698807893637 0.699919203585 0.700272044357
448 2097152 167138.138 167868.154 190932.498 9.84142674339 11.1935953737 11.2424860926 0.615089171462 0.699599710854 0.702655380784
480 2097152 178597.777 178672.592 179734.322 11.2013437255 11.2679057121 11.2726258625 0.700083982847 0.704244107009 0.704539116408
528 1048576 106565.683 107426.261 109555.136 10.1072053436 10.3075006585 10.3907395404 0.631700333976 0.644218791158 0.649421221276
576 1048576 107680.072 107714.075 108337.523 11.1499646526 11.2145005377 11.2180418304 0.696872790787 0.700906283603 0.701127614402
624 1048576 116468.696 116679.231 116751.208 11.208645036 11.2155594169 11.2358332577 0.700540314752 0.700972463557 0.702239578607
672 1048576 134480.856 135304.84 136175.676 10.3490299105 10.4156373416 10.4794554847 0.646814369403 0.650977333849 0.654965967795
736 1048576 137837.696 137883.328 139275.191 11.082403556 11.1942748582 11.1979807904 0.69265022225 0.69964217864 0.6998737994
800 1048576 149063.564 149211.117 160906.877 10.426661876 11.2439450473 11.2550750497 0.651666367249 0.702746565459 0.703442190608
880 1048576 164534.911 164562.353 201054.712 9.17906246336 11.2145562236 11.2164266464 0.57369140396 0.700909763973 0.701026665399
960 1048576 179759.747 180477.042 241322.217 8.34264637972 11.1552466601 11.1997594211 0.521415398732 0.697202916258 0.69998496382
1056 524288 98675.969 98792.988 137659.609 8.04372658068 11.2082474517 11.2215392179 0.502732911293 0.700515465733 0.70134620112
1152 524288 107615.425 108142.962 157594.995 7.66496139043 11.1700246568 11.2247807598 0.479060086902 0.69812654105 0.701548797489
1264 524288 123429.945 123607.316 174262.777 7.6057554391 10.722666804 10.7380754646 0.475359714944 0.670166675248 0.671129716537
1376 524288 133746.205 150906.821 191517.378 7.53373187889 9.56113558313 10.7878991856 0.470858242431 0.597570973946 0.674243699102
1504 524288 146378.313 146581.012 209798.377 7.51701860878 10.7589535812 10.7738521621 0.469813663048 0.672434598828 0.673365760131
1648 524288 160200.722 161330.392 224276.82 7.70500156013 10.7112691327 10.7868006238 0.481562597508 0.669454320795 0.674175038986
1808 524288 174027.72 175531.585 254143.265 7.45967203971 10.8004801985 10.8938128248 0.466229502482 0.675030012405 0.680863301548
1984 524288 192499.72 192698.134 277975.668 7.48401757236 10.7960297322 10.8071574546 0.467751098272 0.674751858261 0.67544734091
2176 262144 105282.798 105496.141 156273.721 7.30033610705 10.8141461591 10.8360597331 0.456271006691 0.675884134947 0.677253733321
2384 262144 114424.617 114533.042 169440.047 7.37666575364 10.9130305995 10.923371428 0.461041609602 0.682064412469 0.682710714251
2608 262144 125240.417 127151.027 175306.796 7.79971532878 10.7536929607 10.9177463374 0.487482208049 0.672105810046 0.682359146089
2864 262144 137687.749 138172.654 189875.518 7.90813290632 10.8672793677 10.905551459 0.494258306645 0.679204960484 0.681596966191
3136 262144 149817.907 157264.832 208217.045 7.89641005615 10.4547669501 10.9744369076 0.493525628509 0.653422934379 0.685902306725
3440 262144 165195.593 165989.19 205906.98 8.75905576392 10.8654709382 10.9176684877 0.547440985245 0.679091933637 0.68235428048
3776 262144 179332.631 180132.348 230951.897 8.57196461131 10.9903163423 11.0393266243 0.535747788207 0.686894771393 0.689957914017
4144 131072 99160.675 99576.703 123811.213 8.77404162093 10.9094266357 10.9551970678 0.548377601308 0.681839164729 0.684699816737
4544 131072 107974.865 108859.817 131027.0 9.09112118876 10.9423510789 11.0320335756 0.568195074298 0.683896942432 0.689502098474
4992 131072 118985.339 119093.318 143706.717 9.10620516089 10.9882138644 10.9981856504 0.569137822556 0.686763366522 0.687386603151
5488 131072 129590.255 129758.694 153750.401 9.35702451924 11.0870896404 11.101500433 0.584814032453 0.692943102525 0.693843777065
6032 131072 142122.46 142749.672 171625.086 9.21341189015 11.0771015152 11.1259867582 0.575838243134 0.692318844698 0.695374172386
6624 131072 155785.732 156522.461 181874.781 9.54745812725 11.0938829156 11.1463471892 0.596716132953 0.693367682227 0.696646699327
7280 131072 172559.084 173103.138 199510.789 9.56543919036 11.0246893387 11.0594486002 0.597839949397 0.689043083667 0.691215537514
8000 131072 188645.295 189905.811 215717.525 9.72175070153 11.0431165269 11.1169059371 0.607609418845 0.690194782928 0.694806621072
8800 65536 103960.695 104355.655 117630.427 9.80557181859 11.0529093991 11.094900818 0.612848238662 0.690806837445 0.693431301128
9680 65536 113723.963 115011.085 130554.442 9.71837450004 11.0317797628 11.1566368822 0.607398406253 0.689486235175 0.69728980514
10640 65536 124806.74 125504.07 133262.595 10.4650977268 11.1120386773 11.1741247308 0.654068607924 0.694502417332 0.698382795673
11696 65536 137181.015 137662.319 163414.528 9.3811617043 11.1360764742 11.1751477564 0.586322606519 0.696004779638 0.698446734776
12864 65536 151042.521 152067.112 170148.814 9.90962069239 11.0879347008 11.1631492697 0.619351293274 0.692995918802 0.697696829358
14144 65536 167091.859 167309.003 169236.839 10.954366549 11.0805894169 11.094989182 0.684647909312 0.692536838559 0.693436823873
15552 65536 182773.455 184424.289 185101.122 11.0125304589 11.0529461984 11.1527778692 0.688283153681 0.690809137402 0.697048616825
17104 32768 100687.333 100990.935 101194.282 11.0769869784 11.0992906839 11.1327583183 0.692311686148 0.693705667741 0.695797394892
18800 32768 110500.946 110822.035 110894.807 11.1103200712 11.1176157341 11.1499208342 0.694395004448 0.694850983381 0.696870052135
20672 32768 121460.35 121881.156 124686.835 10.8653025959 11.1154196142 11.153929591 0.679081412244 0.694713725886 0.697120599438
22736 32768 133068.384 133291.992 133509.837 11.1604248008 11.1786647768 11.1974493956 0.697526550047 0.69866654855 0.699840587228
25008 32768 146164.179 146622.571 148586.018 11.0301380309 11.1778444261 11.2128997625 0.68938362693 0.698615276634 0.700806235158
27504 32768 160318.371 161342.921 164828.281 10.9356363669 11.171870032 11.2432663378 0.683477272932 0.698241877002 0.702704146114
30240 32768 176239.428 177558.987 180629.056 10.9717045745 11.1614099263 11.2449788478 0.685731535905 0.697588120392 0.702811177985
33264 16384 98061.513 98544.235 100806.31 10.8127631296 11.0609692388 11.1154184619 0.675797695601 0.691310577427 0.694713653867
36576 16384 106256.458 107825.264 108995.912 10.9960304566 11.1154132486 11.2795249396 0.687251903539 0.694713328038 0.704970308722
40224 16384 118102.353 118274.163 120195.511 10.9659672065 11.1441078809 11.1603198287 0.685372950409 0.696506742559 0.697519989293
44240 16384 129692.036 130113.362 131015.977 11.064729304 11.1414869135 11.177681874 0.691545581498 0.696342932096 0.698605117125
48656 16384 142575.418 143179.829 144659.428 11.0214718117 11.1353660577 11.1825715145 0.688841988232 0.695960378609 0.698910719659
53520 16384 156210.801 157710.7 158923.772 11.0351229267 11.1200023841 11.2267740052 0.689695182921 0.695000149007 0.701673375326
58864 16384 171536.047 173040.986 175542.144 10.9879913054 11.1468132296 11.244607683 0.686749456586 0.696675826847 0.702787980185
64736 16384 188615.081 191435.819 192464.747 11.0215989217 11.0808377402 11.2465516371 0.688849932606 0.692552358762 0.702909477318
71200 8192 104214.405 105042.883 105413.877 11.0662925338 11.1053768393 11.1936617591 0.69164328336 0.694086052455 0.699603859946
78320 8192 113967.825 115372.793 115450.971 11.1146304694 11.1221618775 11.2592732203 0.694664404338 0.695135117341 0.70370457627
86144 8192 125175.56 126481.664 128135.157 11.0148013164 11.1587976578 11.2752305322 0.688425082275 0.697424853614 0.704701908264
94752 8192 137609.253 139058.795 139630.038 11.1180716573 11.1637438538 11.2813399837 0.694879478583 0.697733990863 0.705083748983
104224 8192 153505.877 156188.792 161226.449 10.591351646 10.9329612844 11.1240432573 0.661959477877 0.683310080278 0.695252703582
114640 8192 166859.426 167518.957 168889.749 11.1212300991 11.2122340876 11.2565517276 0.695076881191 0.700764630477 0.703534482973
126096 8192 185512.463 185691.245 193151.823 10.6960257062 11.125763436 11.1364855525 0.668501606635 0.695360214748 0.696030347028
138704 4096 100643.541 102232.966 102711.517 11.062665621 11.114449795 11.2899760552 0.691416601315 0.694653112187 0.70562350345
152560 4096 110618.011 112201.131 112415.24 11.1174563164 11.1386713205 11.2980834559 0.694841019776 0.696166957533 0.706130215992
167808 4096 121551.265 123487.59 123801.158 11.1039602392 11.1321561624 11.3094926326 0.693997514951 0.695759760151 0.706843289537
184576 4096 134018.392 135940.808 144777.795 10.4439122864 11.1228306955 11.2823812421 0.652744517901 0.695176918472 0.705148827633
203024 4096 147076.181 148423.671 150496.854 11.0512117948 11.2055752077 11.3082390139 0.690700737173 0.700348450484 0.706764938369
223312 4096 162033.361 163786.18 166470.82 10.989144548 11.1692690067 11.2900941677 0.686821534248 0.698079312919 0.705630885482
245632 4096 178198.451 180393.739 180960.868 11.1196269461 11.1545852708 11.2920024428 0.69497668413 0.697161579427 0.705750152677
270192 2048 97870.021 99885.7 99898.563 11.078301817 11.0797284496 11.3079206553 0.692393863563 0.692483028101 0.706745040956
297200 2048 107592.45 109609.989 110334.754 11.0330712298 11.1060242876 11.3142808812 0.68956695186 0.694126517976 0.707142555077
326912 2048 119269.941 120214.308 120522.469 11.1102233725 11.1387036558 11.226898754 0.694388960784 0.696168978488 0.701681172124
359600 2048 130319.146 132253.561 132700.561 11.0995883431 11.1371035219 11.3024190628 0.693724271444 0.69606897012 0.706401191426
395552 2048 143522.326 145118.636 146822.418 11.0349700956 11.1645274284 11.2887035568 0.689685630978 0.697782964278 0.705543972302
435104 2048 157611.871 161556.637 162273.179 10.982628152 11.0313387125 11.3074349838 0.6864142595 0.689458669531 0.706714686484
478608 2048 173335.457 176524.657 177130.615 11.0674169341 11.1054081697 11.309736634 0.691713558382 0.694088010606 0.706858539624
526464 1024 95581.036 97205.767 97909.502 11.0121923815 11.0919167172 11.2804622875 0.688262023843 0.693244794828 0.70502889297
579104 1024 104867.626 106596.079 108370.813 10.9439521507 11.1261596404 11.3095436336 0.683997009416 0.695384977528 0.706846477101
637008 1024 115364.89 117390.034 117911.177 11.064196094 11.1133146448 11.3084005368 0.691512255874 0.694582165297 0.706775033548
700704 1024 126960.725 129191.817 131908.625 10.8790595914 11.1078381381 11.3030371558 0.679941224465 0.69423988363 0.706439822236
770768 1024 140085.04 142602.863 144109.849 10.9536778711 11.0694331852 11.2683900008 0.684604866944 0.691839574076 0.704274375051
847840 1024 153762.134 158709.366 158785.046 10.9353894699 10.9406039717 11.2926133036 0.683461841866 0.683787748229 0.705788331476
932624 1024 169161.723 172169.801 175086.451 10.9089763433 11.0937803314 11.2910528347 0.681811021459 0.693361270714 0.705690802168
1025872 1024 186425.991 191643.888 192120.152 10.9357911397 10.962968232 11.2698119223 0.683486946231 0.6851855145 0.704363245144
1128448 512 102325.384 105432.909 106129.884 10.887892349 10.959867872 11.2927086792 0.68049327181 0.684991742 0.70579429245
1241280 512 112521.955 116489.96 118459.264 10.7300237827 10.9114186321 11.2962018834 0.670626486418 0.681963664508 0.706012617715
1365408 512 124826.122 127544.343 128839.971 10.8520498813 10.9622877747 11.2010032003 0.678253117583 0.685142985918 0.700062700017
1501936 512 136396.46 140117.955 141917.453 10.8371622481 10.9763410692 11.2758239033 0.677322640507 0.686021316826 0.704738993959
1652128 512 149786.044 154176.417 159271.062 10.6220116244 10.9730080963 11.2946375164 0.663875726527 0.685813006019 0.705914844777
1817328 512 164805.694 170588.935 173381.64 10.7332233794 10.9089365732 11.2917450049 0.67082646121 0.681808535823 0.705734062805
1999056 512 181578.617 189536.16 189777.65 10.7864827286 10.8002258988 11.2735374783 0.674155170538 0.675014118678 0.704596092391
2198960 256 99763.238 104082.581 105286.528 10.6933673414 10.8170599651 11.2853947263 0.668335458835 0.676066247819 0.705337170391
2418848 256 109766.401 115251.036 119882.35 10.3305463732 10.7456749977 11.2825979964 0.645659148323 0.671604687354 0.705162374778
2660720 256 120744.658 125902.481 128328.335 10.6156496147 10.8201890001 11.2823926339 0.66347810092 0.676261812506 0.705149539618
2926784 256 133003.042 140796.605 141649.382 10.5790324451 10.643107538 11.2667604099 0.661189527816 0.665194221125 0.704172525618
3219456 256 146508.571 158484.656 159077.648 10.3619929809 10.4007637938 11.2509559048 0.647624561309 0.650047737113 0.703184744052
3541392 256 161342.696 174921.83 177559.43 10.2117510965 10.3657313898 11.2381455681 0.638234443533 0.647858211865 0.702384098007
3895520 256 177806.52 193343.672 193447.428 10.3103270001 10.3158599367 11.2172840456 0.644395437504 0.644741246044 0.70108025285
4285072 128 98283.631 107195.158 112277.841 9.77021309129 10.2334699856 11.161354346 0.610638318206 0.639591874103 0.697584646623
4713568 128 108477.035 120291.791 122368.734 9.86096177149 10.0312199026 11.1237683441 0.616310110718 0.626951243913 0.695235521509
5184912 128 118861.957 136563.12 138193.335 9.60493117848 9.71958953486 11.1670504634 0.600308198655 0.607474345929 0.697940653964
5703392 128 130925.484 151197.26 152759.109 9.5579789746 9.65671171554 11.151903414 0.597373685912 0.603544482221 0.696993963375
6273728 128 144345.494 169031.073 173013.69 9.28293228125 9.50165161645 11.1265985761 0.580183267578 0.593853226028 0.695412411003
6901088 128 158699.322 185325.298 188402.59 9.37714565389 9.53285140812 11.1322374017 0.586071603368 0.595803213008 0.695764837609
7591184 128 174739.577 205701.953 207339.446 9.3727611484 9.44737313214 11.1213677941 0.585797571775 0.590460820758 0.69508548713
8350288 128 192545.346 226497.12 226907.801 9.42089129849 9.43797310977 11.1021833163 0.588805706156 0.589873319361 0.693886457271
9185312 64 105653.128 122497.825 125496.297 9.36856277122 9.59788417468 11.1281128941 0.585535173201 0.599867760917 0.695507055882
10103840 64 116341.343 135407.45 138115.598 9.36383390962 9.55111051866 11.116353711 0.585239619351 0.596944407416 0.694772106937
11114224 64 127921.322 151438.3 155000.61 9.17816176336 9.39406129097 11.1210598027 0.57363511021 0.587128830686 0.695066237668
12225632 64 141029.898 163945.83 169391.062 9.23827312683 9.54510947915 11.096093227 0.577392070427 0.596569342447 0.693505826686
13448192 64 154569.942 182072.868 183442.734 9.38368360777 9.45428385299 11.1365026973 0.586480225486 0.590892740812 0.696031418579
14793008 64 171272.403 202230.768 203683.968 9.29628896468 9.36309070438 11.0555173562 0.581018060292 0.585193169024 0.690969834761
16272304 64 189516.674 220123.354 227114.739 9.17093677483 9.46221686228 10.9903517619 0.573183548427 0.591388553892 0.686896985117
17899520 32 104275.87 122032.562 126253.404 9.07357143416 9.38740661693 10.9859479475 0.567098214635 0.586712913558 0.686621746719
19689472 32 116785.765 135161.736 137827.758 9.14276069121 9.32309872078 10.7900668202 0.571422543201 0.582693670049 0.674379176263
21658416 32 126074.017 149330.589 152526.889 9.08783122168 9.28234886959 10.9946415366 0.567989451355 0.58014680435 0.68716509604
23824256 32 139146.108 161102.36 166323.991 9.16736289715 9.46449439971 10.9579233362 0.572960181072 0.591530899982 0.684870208515
26206672 32 154770.403 178524.614 180686.777 9.28251107163 9.39493423579 10.83687175 0.580156941977 0.587183389737 0.677304484372
28827328 32 170989.535 196788.188 197523.069 9.34042287486 9.37530352177 10.7898357171 0.583776429679 0.585956470111 0.674364732321
31710048 32 188934.407 216386.316 217601.057 9.32643940236 9.37879580149 10.7415219082 0.582902462648 0.586174737593 0.671345119261
34881040 16 102629.333 119141.213 120815.159 9.23885122727 9.36865801425 10.8759674001 0.577428201704 0.585541125891 0.679747962505
38369136 16 112048.499 129284.004 132949.728 9.23516257213 9.49701675391 10.9578652366 0.577197660758 0.593563547119 0.684866577285
42206048 16 125265.745 142040.041 143825.015 9.39053290556 9.50854087686 10.781826556 0.586908306597 0.594283804804 0.673864159751
46426640 16 136304.105 158672.469 159587.261 9.3093425546 9.36301356727 10.8995431942 0.581833909663 0.585188347955 0.68122144964
51069296 16 147931.322 176551.302 178723.165 9.14384809602 9.25633203203 11.047136265 0.571490506001 0.578520752002 0.690446016564
56176224 16 164805.683 189401.543 195385.409 9.20047805617 9.49115376531 10.9076285191 0.575029878511 0.593197110332 0.681726782444
61793840 16 186200.816 207970.587 213927.738 9.24332159301 9.50808914147 10.6197326224 0.577707599563 0.594255571342 0.663733288902
67973216 8 100984.46 117307.238 117765.965 9.23502351465 9.27113684153 10.7696912574 0.577188969665 0.579446052596 0.67310570359
74770528 8 108964.419 124979.14 127615.442 9.3744803078 9.57222499691 10.9790742609 0.585905019237 0.598264062307 0.686192141308
82247568 8 122189.455 140545.673 142240.984 9.25163093641 9.36322734034 10.769841702 0.578226933526 0.585201708771 0.673115106373
90472320 8 131959.611 156250.91 160466.519 9.02092928183 9.26431161265 10.9696982965 0.563808080114 0.579019475791 0.685606143534
99519552 8 145413.894 175192.283 175194.387 9.08883474674 9.08894390057 10.9502110713 0.568052171671 0.568058993786 0.684388191956
109471504 8 162422.797 186955.332 187662.664 9.33347116931 9.36878368358 10.7838560618 0.583341948082 0.585548980224 0.673991003861
120418640 8 178723.391 208564.29 208768.019 9.22889554266 9.23791047835 10.78033619 0.576805971417 0.577369404897 0.673771011876
132460496 8 196935.888 228263.141 229847.174 9.22077004088 9.28475761227 10.7617151832 0.576298127555 0.580297350767 0.672607198948
145706544 4 105678.969 125654.775 126485.454 9.21570279536 9.27662599372 11.0301260793 0.57598142471 0.579789124607 0.689382879956
160277184 4 118951.992 136322.414 140684.935 9.11410643933 9.40577146763 10.7792854112 0.569631652458 0.587860716727 0.673705338201
176304896 4 129700.588 153797.836 156117.016 9.0344999164 9.170734808 10.8745780551 0.564656244775 0.5731709255 0.679661128445
193935376 4 140838.281 165021.904 165921.623 9.35069811847 9.40167923405 11.0160603849 0.584418632405 0.587604952128 0.688503774056
213328912 4 157900.239 183025.104 183765.997 9.28698085533 9.32457492826 10.8082882382 0.580436303458 0.582785933016 0.67551801489
234661792 4 174080.291 201504.468 206100.233 9.10864732501 9.31639062217 10.7840716787 0.569290457813 0.582274413885 0.674004479921
258127968 4 190610.595 218703.493 223484.173 9.24013417272 9.44211597023 10.8337301187 0.577508385795 0.590132248139 0.67710813242
283940752 2 103308.791 121987.257 121994.013 9.30998972876 9.31050534237 10.9938660302 0.581874358047 0.581906583898 0.68711662689
312334816 2 115988.177 132727.698 137217.908 9.10478291215 9.41279991159 10.7712639022 0.56904893201 0.588299994474 0.673203993886
343568288 2 124997.611 145519.681 147583.612 9.31182760319 9.44389887716 10.9943953409 0.581989225199 0.590243679822 0.687149708805
377925104 2 140311.196 161560.678 164636.69 9.1820384387 9.35685857916 10.7739115559 0.573877402419 0.584803661198 0.673369472241
415717600 2 150285.13 176758.278 180758.867 9.19938494636 9.40759560919 11.0647700142 0.574961559147 0.587974725574 0.691548125886
457289360 2 168355.746 193864.747 198395.585 9.21974871568 9.43522465175 10.8648352281 0.57623429473 0.589701540734 0.679052201759
503018288 2 186817.095 217724.188 219177.41 9.18011191026 9.24138549089 10.7702839079 0.573756994391 0.577586593181 0.673142744244
553320112 1 100729.271 118885.997 120155.966 9.21003143531 9.30841522068 10.986282468 0.575626964707 0.581775951292 0.686642654249
608652112 1 111013.637 131400.263 132586.677 9.18119566418 9.26409275147 10.9653575623 0.573824729011 0.579005796967 0.685334847646
669517312 1 124208.478 139443.783 142149.881 9.4198786139 9.60268428747 10.7805412767 0.588742413369 0.600167767967 0.673783829796
736469040 1 133950.887 159580.5 159911.16 9.2109773952 9.23006307162 10.9961054607 0.5756860872 0.576878941976 0.687256591291
810115936 1 161543.999 174865.767 176197.069 9.19556653919 9.26557495956 10.0296630146 0.574722908699 0.579098434973 0.626853938412
891127520 1 162887.665 190808.906 191679.281 9.29811000282 9.34052334014 10.9416206562 0.581131875176 0.583782708759 0.683851291011
980240272 1 180185.102 211167.478 212674.5 9.2182210091 9.28400794747 10.8803698099 0.576138813069 0.580250496717 0.680023113121

META_DATA
ERT_VERSION  1.1.0
HOSTNAME  ('atajo-Inspiron-15-7568', [], ['127.0.1.1'])
TIMESTAMP_DATA  1535268408.04
FLOPS          1
UNAME  ('Linux', 'atajo-Inspiron-15-7568', '4.15.0-33-generic', '#36-Ubuntu SMP Wed Aug 15 16:00:05 UTC 2018', 'x86_64', 'x86_64')
CONFIG  {'ERT_WORKING_SET_MIN': ['1'], 'ERT_CFLAGS': [], 'ERT_CC': ['gcc'], 'ERT_MPI_CFLAGS': ['-I/usr/include/mpi'], 'ERT_MPI_LDFLAGS': ['-mpicc'], 'ERT_MEMORY_MAX': ['1073741824'], 'ERT_PROCS_THREADS': ['1-4'], 'ERT_LDFLAGS': [], 'ERT_LDLIBS': [], 'ERT_RUN': ['export', 'OMP_NUM_THREADS=ERT_OPENMP_THREADS;', 'mpirun', '-np', 'ERT_MPI_PROCS', 'ERT_CODE'], 'ERT_FLOPS': ['1,2,4,8,16'], 'ERT_OPENMP_CFLAGS': ['-fopenmp'], 'ERT_MPI': ['False'], 'ERT_TRIALS_MIN': ['1'], 'ERT_DRIVER': ['driver1'], 'ERT_RESULTS': ['Results/myLaptop'], 'ERT_OPENMP': ['True'], 'ERT_MPI_PROCS': ['1,2,4,8'], 'ERT_KERNEL': ['kernel1'], 'ERT_GPU': [False], 'ERT_OPENMP_THREADS': ['1,2,4,8'], 'ERT_LD': ['gcc'], 'ERT_NUM_EXPERIMENTS': ['3'], 'ERT_OPENMP_LDFLAGS': ['-fopenmp'], 'ERT_ALIGN': ['64'], 'ERT_GNUPLOT': ['gnuplot']}
TIMESTAMP_DATA  1535268512.93
TIMESTAMP_DATA  1535268460.51
OPENMP_THREADS 2
