32 33554432 740697.941 740714.586 740781.96 2.8989416103 2.89920529255 2.89927044363 1.44947080515 1.44960264627 1.44963522182
64 16777216 543343.193 543979.152 544310.796 3.94532620661 3.9477315263 3.95235217017 1.97266310331 1.97386576315 1.97617608508
96 8388608 391101.692 391697.873 393291.008 4.09521881568 4.1118751135 4.11814310433 2.04760940784 2.05593755675 2.05907155216
128 8388608 506333.365 508808.801 510836.825 4.20385442651 4.22061026417 4.24124459584 2.10192721325 2.11030513208 2.12062229792
160 4194304 317393.361 318278.905 318503.406 4.2140123299 4.21698472288 4.22875032978 2.10700616495 2.10849236144 2.11437516489
192 4194304 374895.647 376350.313 377510.802 4.26640172272 4.27955731765 4.29616280927 2.13320086136 2.13977865883 2.14808140464
224 4194304 432441.779 432501.978 434713.781 4.32249510857 4.34460022747 4.34520502701 2.16124755428 2.17230011373 2.17260251351
256 4194304 488371.541 489049.694 490251.478 4.3803715937 4.39113585868 4.39723339243 2.19018579685 2.19556792934 2.19861669622
288 2097152 279876.971 280049.505 288008.752 4.19417654364 4.3133786364 4.31603767786 2.09708827182 2.1566893182 2.15801883893
320 2097152 308530.58 311431.164 318258.733 4.21725200546 4.30970768231 4.3502244737 2.10862600273 2.15485384115 2.17511223685
352 2097152 337280.69 337896.192 348945.973 4.23101317177 4.36937450896 4.37734816067 2.11550658589 2.18468725448 2.18867408033
384 2097152 365115.997 366275.396 366297.365 4.39700879639 4.3972725266 4.41123574216 2.1985043982 2.1986362633 2.20561787108
416 2097152 394431.278 395554.22 397253.924 4.39222965108 4.41110314535 4.42366151297 2.19611482554 2.20555157268 2.21183075648
448 2097152 425370.521 428182.027 433486.455 4.33473334709 4.38843312776 4.41743867813 2.16736667354 2.19421656388 2.20871933906
480 2097152 451222.331 451638.864 461343.1 4.36392333602 4.45768971733 4.4618047062 2.18196166801 2.22884485867 2.2309023531
512 2097152 480515.469 496120.798 497498.965 4.31655902641 4.32854993513 4.46912490137 2.1582795132 2.16427496757 2.23456245068
544 1048576 260937.006 265400.762 267666.86 4.26220372593 4.29859612837 4.37213067433 2.13110186297 2.14929806419 2.18606533716
576 1048576 275936.014 276213.277 278534.241 4.33684400045 4.37328561871 4.37767993561 2.16842200022 2.18664280935 2.1888399678
608 1048576 299723.205 299749.001 299788.713 4.25322355615 4.25378704098 4.25415314774 2.12661177808 2.12689352049 2.12707657387
640 1048576 304993.848 306793.948 307230.597 4.36863155267 4.3748492718 4.40067000958 2.18431577634 2.1874246359 2.20033500479
704 1048576 332423.404 333114.006 333266.316 4.43007569958 4.43210126686 4.44130885562 2.21503784979 2.21605063343 2.22065442781
768 1048576 360265.598 361130.085 363648.576 4.42903627925 4.45992400772 4.47062596302 2.21451813962 2.22996200386 2.23531298151
832 1048576 388878.005 389005.354 390241.314 4.47115772063 4.48536362304 4.48683248105 2.23557886032 2.24268181152 2.24341624053
896 1048576 418142.241 420367.336 447994.961 4.19435117709 4.4700147492 4.49380140955 2.09717558854 2.2350073746 2.24690070478
960 1048576 446732.714 448794.161 464977.875 4.32981014419 4.48594499428 4.50664537632 2.1649050721 2.24297249714 2.25332268816
1056 524288 258418.033 260867.844 262439.736 4.21924009251 4.24466365429 4.28490319791 2.10962004626 2.12233182715 2.14245159896
1152 524288 272172.253 272780.27 273582.676 4.41533641553 4.42832449722 4.43821711686 2.20766820776 2.21416224861 2.21910855843
1248 524288 294433.329 295152.267 297662.544 4.39633025511 4.43372114774 4.44454726795 2.19816512755 2.21686057387 2.22227363397
1344 524288 322538.353 323026.461 323808.673 4.35221864487 4.36275758846 4.36935989439 2.17610932243 2.18137879423 2.18467994719
1472 524288 344662.001 344794.005 345604.24 4.46610224458 4.47659718446 4.47831170109 2.23305112229 2.23829859223 2.23915585055
1600 524288 372802.603 372990.96 374035.511 4.48546074012 4.49802215046 4.50029475787 2.24273037006 2.24901107523 2.25014737893
1760 524288 408653.22 409149.746 410621.288 4.49439377337 4.51055824436 4.51603870881 2.24719688668 2.25527912218 2.25801935441
1920 524288 443880.226 454304.834 459836.666 4.37821963506 4.43153092225 4.53560623356 2.18910981753 2.21576546113 2.26780311678
2112 262144 249137.76 249604.331 250817.597 4.4147470881 4.43620610093 4.44451397492 2.20737354405 2.21810305046 2.22225698746
2304 262144 270883.427 271848.883 271961.508 4.44165632439 4.44349647006 4.45933354203 2.2208281622 2.22174823503 2.22966677101
2528 262144 302149.611 302204.838 309477.596 4.28270117492 4.38576719278 4.38656882467 2.14135058746 2.19288359639 2.19328441234
2752 262144 326650.037 327183.379 327221.18 4.40937403869 4.40988347394 4.41708376724 2.20468701934 2.20494173697 2.20854188362
3008 262144 354602.951 354950.193 355938.46 4.43070497074 4.44304112267 4.44739193386 2.21535248537 2.22152056134 2.22369596693
3296 262144 386370.011 387209.436 389265.773 4.43926326911 4.46283867938 4.47253461398 2.21963163455 2.23141933969 2.23626730699
3616 262144 422209.547 422316.442 425325.596 4.45735085269 4.48911105384 4.49024760684 2.22867542634 2.24455552692 2.24512380342
3968 262144 463076.496 463225.808 481842.524 4.31754085698 4.49105975546 4.49250782964 2.15877042849 2.24552987773 2.24625391482
4352 131072 258621.743 259749.37 261893.958 4.35615505112 4.39212109735 4.41127136012 2.17807752556 2.19606054867 2.20563568006
4768 131072 282482.094 282597.034 284855.275 4.38785131151 4.42291475713 4.42471441039 2.19392565576 2.21145737857 2.2123572052
5216 131072 307914.122 308045.653 309028.643 4.4246484427 4.43876773031 4.44066382899 2.21232422135 2.21938386516 2.22033191449
5728 131072 336646.978 337596.133 348143.744 4.31304844013 4.44780222646 4.46034252534 2.15652422006 2.22390111323 2.23017126267
6272 131072 366558.763 368748.07 369851.806 4.44547556975 4.45878175851 4.48541225572 2.22273778487 2.22939087925 2.24270612786
6880 131072 400936.452 401447.857 404831.211 4.45506836181 4.49261513931 4.49834558819 2.22753418091 2.24630756965 2.2491727941
7552 131072 436916.299 437820.092 441613.907 4.48290114197 4.52174654424 4.53110010437 2.24145057098 2.26087327212 2.26555005219
8288 65536 245321.975 245718.506 250319.471 4.33975324277 4.42101310839 4.42815909989 2.16987662138 2.21050655419 2.21407954995
9088 65536 268487.984 268682.277 269171.294 4.42536913316 4.43342355625 4.43663183079 2.21268456658 2.21671177813 2.2183159154
9984 65536 293494.566 294061.946 295806.713 4.42391193468 4.45016047061 4.45876346481 2.21195596734 2.22508023531 2.2293817324
10976 65536 320345.69 320753.054 323499.188 4.44714028772 4.48521457258 4.49091814533 2.22357014386 2.24260728629 2.24545907267
12064 65536 351194.722 351285.928 362629.374 4.36051991751 4.50132636113 4.50249536495 2.18025995875 2.25066318056 2.25124768248
13248 65536 384968.148 385841.09 400881.606 4.33155782159 4.50040677627 4.51061176105 2.16577891079 2.25020338814 2.25530588053
14560 65536 422578.669 422649.152 425268.469 4.48753777699 4.51534874959 4.51610187641 2.24376888849 2.2576743748 2.2580509382
16000 65536 461234.277 462749.464 470277.456 4.4593930099 4.5319382585 4.54682599403 2.22969650495 2.26596912925 2.27341299701
17600 32768 259474.859 259676.633 260846.598 4.42188477382 4.44180743825 4.44526149641 2.21094238691 2.22090371913 2.22263074821
19360 32768 284086.078 284143.12 284815.051 4.45473985853 4.46527426038 4.4661708484 2.22736992927 2.23263713019 2.2330854242
21280 32768 310897.152 311555.228 331697.585 4.20445050874 4.47627243796 4.48574736381 2.10222525437 2.23813621898 2.2428736819
23392 32768 341785.227 343698.221 364149.669 4.2098572167 4.46036091644 4.4853258447 2.10492860835 2.23018045822 2.24266292235
25728 32768 372430.747 372494.176 373029.228 4.5200485148 4.52654112906 4.52731204816 2.2600242574 2.26327056453 2.26365602408
28288 32768 407182.168 409070.181 409092.313 4.53169690333 4.53194208257 4.55295568837 2.26584845167 2.26597104129 2.27647784419
31104 32768 447729.381 448193.756 448719.485 4.54277519061 4.54810384284 4.55282103544 2.2713875953 2.27405192142 2.27641051772
34208 16384 251301.711 253128.992 255433.808 4.38832961375 4.4282866816 4.46048592164 2.19416480688 2.2141433408 2.23024296082
37600 16384 275832.437 276736.12 277735.927 4.436144842 4.45217198246 4.46675820074 2.218072421 2.22608599123 2.23337910037
41344 16384 301963.433 302537.701 302687.704 4.47576883401 4.47798799132 4.48650413906 2.237884417 2.23899399566 2.24325206953
45472 16384 330504.076 333226.035 339638.351 4.38709730987 4.47151884756 4.50834529496 2.19354865493 2.23575942378 2.25417264748
50016 16384 363115.774 363373.218 363835.481 4.50457520937 4.51030567696 4.51350342054 2.25228760468 2.25515283848 2.25675171027
55008 16384 397543.263 397563.888 401098.392 4.49391515885 4.5338678849 4.53410310716 2.24695757943 2.26693394245 2.26705155358
60480 16384 435021.083 435867.944 442917.212 4.47444485404 4.54680980164 4.55566113332 2.23722242702 2.27340490082 2.27783056666
66528 8192 246433.704 247595.87 247631.969 4.40167219282 4.40231394813 4.42307498653 2.20083609641 2.20115697406 2.21153749326
73152 8192 271077.375 271310.744 272428.679 4.39939866977 4.41752637706 4.42132940088 2.19969933489 2.20876318853 2.21066470044
80448 8192 295139.83 296678.576 298681.836 4.41292329541 4.44272063649 4.4658832798 2.2064616477 2.22136031825 2.2329416399
88480 8192 323990.87 324254.093 324711.957 4.46443775398 4.47074177719 4.47437398467 2.23221887699 2.2353708886 2.23718699234
97312 8192 355747.568 357984.628 358994.622 4.44118020242 4.45371025261 4.48171667613 2.22059010121 2.2268551263 2.24085833807
107040 8192 388926.367 389642.668 391217.321 4.48278556664 4.50090173389 4.50919122179 2.24139278332 2.25045086695 2.2545956109
117728 8192 426557.914 427460.42 427553.863 4.51137439963 4.51236058768 4.52190778484 2.25568719981 2.25618029384 2.26095389242
129472 8192 468081.396 468472.233 477810.308 4.43956359351 4.52805758501 4.53183840701 2.21978179675 2.2640287925 2.26591920351
142400 4096 263246.042 263871.122 270115.654 4.3186715865 4.42087330799 4.43137070984 2.15933579325 2.210436654 2.21568535492
156640 4096 288088.43 288239.66 289657.849 4.43003662573 4.45183317244 4.45417013103 2.21501831286 2.22591658622 2.22708506551
172288 4096 317056.649 317365.318 323288.645 4.36570636745 4.44718819591 4.45151773493 2.18285318372 2.22359409795 2.22575886746
189504 4096 346154.768 348432.251 356628.437 4.35303696211 4.45543362747 4.48474760862 2.17651848105 2.22771681373 2.24237380431
208448 4096 378474.283 381519.146 382650.34 4.46257545727 4.4758068734 4.5118151819 2.23128772863 2.2379034367 2.25590759095
229280 4096 415866.711 419150.254 419206.187 4.48052013125 4.48111802886 4.51649942234 2.24026006563 2.24055901443 2.25824971117
252192 4096 456401.531 457082.143 460356.265 4.48773487203 4.51988093527 4.52662123958 2.24386743602 2.25994046764 2.26331061979
277408 2048 256972.44 257174.602 260622.769 4.35980007564 4.4182557654 4.42173163784 2.17990003782 2.2091278827 2.21086581892
305120 2048 282766.386 284360.535 286069.789 4.36876443461 4.39502450648 4.41980228866 2.18438221731 2.19751225324 2.20990114433
335616 2048 308316.26 309758.268 318661.004 4.31393587149 4.43792233497 4.45867868273 2.15696793574 2.21896116749 2.22933934136
369152 2048 338477.12 340186.942 340540.541 4.44013681179 4.44475200344 4.46720473159 2.22006840589 2.22237600172 2.2336023658
406048 2048 370981.854 372952.852 373356.135 4.45465455657 4.45947148301 4.48316431132 2.22732727828 2.2297357415 2.24158215566
446624 2048 405865.449 405874.543 409427.667 4.46811989381 4.50723489697 4.50733588806 2.23405994691 2.25361744848 2.25366794403
491264 2048 448083.824 448232.72 461093.606 4.36401051287 4.48922457959 4.49071632633 2.18200525643 2.24461228979 2.24535816316
540384 1024 251579.936 253762.241 256506.273 4.31453944208 4.3611942724 4.39902501605 2.15726972104 2.1805971362 2.19951250802
594400 1024 274606.004 275893.235 278370.983 4.37305349459 4.41232710907 4.43301013914 2.18652674729 2.20616355454 2.21650506957
653824 1024 300151.026 301118.018 302090.725 4.43254771228 4.44686625162 4.46119265306 2.21627385614 2.22343312581 2.23059632653
719200 1024 329773.056 329904.264 331182.97 4.44745573723 4.46469403621 4.46647042019 2.22372786862 2.2323470181 2.2332352101
791104 1024 360506.233 360880.744 365967.257 4.42712007976 4.4895190972 4.4941830229 2.21356003988 2.2447595486 2.24709151145
870208 1024 395150.219 396733.141 397329.824 4.48540702547 4.49215303644 4.51014803563 2.24270351274 2.24607651822 2.25507401781
957216 1024 434037.281 435738.503 438878.915 4.46678639825 4.49897898511 4.51661286672 2.23339319912 2.24948949255 2.25830643336
1052928 512 244374.177 244888.968 246310.197 4.37740006355 4.40280458857 4.41207939904 2.18870003177 2.20140229428 2.20603969952
1158208 512 267095.479 267279.585 268053.736 4.424504615 4.43731979006 4.44037838619 2.2122523075 2.21865989503 2.22018919309
1274016 512 294057.848 294391.603 303449.595 4.29920621248 4.43148639671 4.43651612386 2.14960310624 2.21574319835 2.21825806193
1401408 512 321056.207 321677.546 321769.623 4.45984235125 4.46111893679 4.4697525253 2.22992117562 2.23055946839 2.23487626265
1541536 512 352095.319 352324.43 356163.639 4.43204384488 4.48033894215 4.48325433148 2.21602192244 2.24016947108 2.24162716574
1695680 512 386243.16 387317.188 402324.246 4.31586298182 4.48308614695 4.4955522837 2.15793149091 2.24154307348 2.24777614185
1865248 512 422692.384 429227.591 433796.139 4.40302201952 4.44988624228 4.51868551291 2.20151100976 2.22494312114 2.25934275646
2051744 512 463790.131 464581.09 467831.203 4.49090578509 4.52232323102 4.53003571135 2.24545289255 2.26116161551 2.26501785567
2256896 256 261357.862 263048.55 265273.423 4.35599894981 4.39284212743 4.42125881792 2.1779994749 2.19642106372 2.21062940896
2482560 256 286908.075 287101.177 313393.451 4.05583050936 4.42725708505 4.4302368276 2.02791525468 2.21362854253 2.2151184138
2730816 256 313526.991 335502.966 340165.754 4.11028381181 4.16740814148 4.45951331826 2.05514190591 2.08370407074 2.22975665913
3003872 256 344093.741 344234.491 353876.299 4.34610192416 4.4678337128 4.46966126013 2.17305096208 2.2339168564 2.23483063006
3304256 256 377235.472 377242.404 379123.182 4.46234667866 4.4845941338 4.48467654176 2.23117333933 2.2422970669 2.24233827088
3634656 256 414579.392 414823.145 414990.486 4.48430490525 4.48611388837 4.48875151035 2.24215245262 2.24305694418 2.24437575518
3998112 256 454967.901 455049.633 458208.143 4.46747482617 4.498483672 4.49929179509 2.23373741309 2.249241836 2.24964589755
4397920 128 257153.735 257439.422 259946.361 4.33115322588 4.37332989351 4.37818847935 2.16557661294 2.18666494675 2.18909423968
4837696 128 282184.035 282846.324 285518.873 4.33754225417 4.37852668009 4.38880312984 2.16877112708 2.18926334005 2.19440156492
5321440 128 307494.239 309079.129 310193.652 4.3917360372 4.40757240519 4.43028996065 2.1958680186 2.20378620259 2.21514498033
5853568 128 338432.111 339144.52 341279.751 4.3908652758 4.41850986712 4.4278109532 2.1954326379 2.20925493356 2.2139054766
6438912 128 370491.393 385696.979 388724.799 4.24043301647 4.27372150094 4.44912217434 2.12021650823 2.13686075047 2.22456108717
7082784 128 405051.962 405233.732 405340.162 4.47326190194 4.47443675296 4.47644468884 2.23663095097 2.23721837648 2.23822234442
7791040 128 444895.68 445231.469 448436.345 4.44769087573 4.47970635247 4.48308745097 2.22384543786 2.23985317624 2.24154372549
8570144 64 250020.543 250587.972 251672.583 4.35875222849 4.37761806061 4.38755319398 2.17937611424 2.18880903031 2.19377659699
9427136 64 274897.184 278316.619 282037.611 4.27841309434 4.33561392178 4.38954444873 2.13920654717 2.16780696089 2.19477222437
10369824 64 300079.497 300847.811 301281.201 4.40564319179 4.41198979507 4.42328611341 2.2028215959 2.20599489753 2.21164305671
11406784 64 328685.285 329467.019 331803.85 4.40039605327 4.43160701314 4.44214699785 2.20019802664 2.21580350657 2.22107349892
12547456 64 359381.931 360602.331 364844.684 4.40207693419 4.45386574054 4.46899031215 2.2010384671 2.22693287027 2.23449515607
13802176 64 395405.024 404083.594 411204.11 4.2963542558 4.37206200458 4.46802245993 2.1481771279 2.18603100229 2.23401122996
15182368 64 432642.092 433736.221 434516.555 4.47242592172 4.48047225459 4.49180313228 2.23621296086 2.24023612729 2.24590156614
16700576 64 472530.862 473726.248 474671.376 4.50348143175 4.51246629678 4.52388171844 2.25174071588 2.25623314839 2.26194085922
18370624 32 266095.357 267157.405 270080.186 4.35322543802 4.40085101141 4.41841582377 2.17661271901 2.20042550571 2.20920791188
20207680 32 293031.627 294667.848 298141.823 4.33783998161 4.3889807754 4.41348783147 2.16891999081 2.1944903877 2.20674391573
22228448 32 320244.18 320561.977 320694.835 4.43605732534 4.43789586436 4.44229984757 2.21802866267 2.21894793218 2.22114992379
24451264 32 349700.174 351088.572 354161.682 4.41854942399 4.45722538642 4.47492169678 2.20927471199 2.22861269321 2.23746084839
26896384 32 384254.533 384658.171 387795.583 4.43885555035 4.47506047129 4.47976127324 2.21942777517 2.23753023564 2.23988063662
29586016 32 422216.577 423389.532 423674.421 4.46924555778 4.4722528095 4.48467712342 2.23462277889 2.23612640475 2.24233856171
32544608 32 461662.828 462396.467 463832.468 4.4905328016 4.50447843063 4.51163660073 2.2452664008 2.25223921531 2.25581830036
35799040 16 259526.135 262854.445 266204.685 4.30334004077 4.35818873065 4.41408060888 2.15167002038 2.17909436532 2.20704030444
39378944 16 285406.793 285562.253 289012.289 4.36011289472 4.41278983746 4.41519346738 2.18005644736 2.20639491873 2.20759673369
43316832 16 310954.766 312453.963 313285.211 4.42452619955 4.436297145 4.45768573298 2.21226309977 2.2181485725 2.22884286649
47648512 16 341182.552 341747.129 345052.291 4.41890236283 4.46163919054 4.46902215562 2.20945118142 2.23081959527 2.23451107781
52413344 16 373666.165 373738.81 373749.809 4.48756619431 4.48769826179 4.48857072194 2.24378309716 2.24384913089 2.24428536097
57654656 16 409729.149 410936.84 422699.294 4.36468434698 4.48961692507 4.50285022802 2.18234217349 2.24480846254 2.25142511401
63420096 16 448419.797 453227.735 461204.219 4.40031332844 4.47775569604 4.52576600225 2.20015666422 2.23887784802 2.26288300113
69762080 8 252914.622 253895.445 266876.054 4.18244073708 4.39627138644 4.41332047619 2.09122036854 2.19813569322 2.20666023809
76738272 8 278111.913 278190.012 280357.5 4.37945249191 4.41357453193 4.41481394578 2.18972624595 2.20678726596 2.20740697289
84412096 8 302767.892 304173.428 314339.863 4.29660280154 4.44020881403 4.46082154577 2.14830140077 2.22010440702 2.23041077288
92853280 8 332169.77 332996.144 333139.069 4.45955643828 4.46147052081 4.47256979466 2.22977821914 2.23073526041 2.23628489733
102138592 8 364177.3 364992.112 367786.778 4.44338287767 4.47740490348 4.48742267022 2.22169143884 2.23870245174 2.24371133511
112352448 8 398856.899 401220.746 408183.393 4.40399878787 4.48042426999 4.50697774692 2.20199939393 2.24021213499 2.25348887346
123587680 8 439771.432 440481.431 448827.433 4.40570859669 4.48918556115 4.49643322898 2.20285429835 2.24459278058 2.24821661449
135946432 4 246783.299 246955.724 252051.987 4.31486959871 4.40391272729 4.40698969666 2.15743479935 2.20195636364 2.20349484833
149541056 4 270811.133 271313.414 273549.366 4.37335485544 4.40939661022 4.41757484173 2.18667742772 2.20469830511 2.20878742086
164495136 4 296310.389 296768.195 299719.854 4.39063702467 4.43430633798 4.44115743778 2.19531851233 2.21715316899 2.22057871889
180944640 4 325258.008 325889.685 336175.262 4.30595966933 4.44186234369 4.45048879473 2.15297983467 2.22093117185 2.22524439736
199039104 4 355035.327 355323.492 357183.265 4.45797154578 4.48130469234 4.48494195058 2.22898577289 2.24065234617 2.24247097529
218943008 4 388975.332 395524.977 396884.797 4.4132304317 4.42840317516 4.50296951993 2.20661521585 2.21420158758 2.25148475996
240837280 4 427517.133 427603.94 431337.611 4.46679860709 4.50580095216 4.50671585132 2.23339930354 2.25290047608 2.25335792566
264920992 4 468879.316 469902.272 470051.472 4.50879970013 4.51023130188 4.52007129272 2.25439985007 2.25511565094 2.26003564636
291413088 2 263603.411 264500.983 264620.322 4.40499937114 4.40698684284 4.42199267292 2.20249968557 2.20349342142 2.21099633646
320554368 2 288764.444 288873.434 294919.441 4.34768717739 4.43868255466 4.44035787176 2.1738435887 2.21934127733 2.22017893588
352609792 2 316812.65 317332.762 317950.156 4.43603860978 4.44466924597 4.45196606891 2.21801930489 2.22233462298 2.22598303445
387870752 2 346992.575 347077.955 347693.346 4.46221656482 4.47012835488 4.47122826187 2.23110828241 2.23506417744 2.23561413094
426657824 2 380295.509 380593.647 389730.015 4.37900913534 4.48412975217 4.4876451486 2.18950456767 2.24206487609 2.2438225743
469323584 2 420087.074 428306.831 436727.384 4.29854963251 4.38305952678 4.46882194714 2.14927481625 2.19152976339 2.23441097357
516255936 2 456846.726 459075.66 468292.598 4.40968691972 4.49822093378 4.52016754521 2.20484345986 2.24911046689 2.2600837726
567881504 1 258019.516 258163.884 258204.38 4.39869768282 4.39938766958 4.40184923066 2.19934884141 2.19969383479 2.20092461533
624669632 1 282204.22 282305.785 283070.114 4.41353291008 4.42548233292 4.42707505933 2.20676645504 2.21274116646 2.21353752967
687136576 1 309463.111 309617.434 311064.385 4.41797009966 4.43861682543 4.44083027395 2.20898504983 2.21930841272 2.22041513698
755850208 1 338660.06 338892.472 339123.413 4.45767044695 4.46070816232 4.46376940936 2.22883522348 2.23035408116 2.23188470468
831435200 1 371089.414 374230.866 380691.208 4.36802942925 4.44343465779 4.48105048882 2.18401471462 2.2217173289 2.24052524441
914578720 1 406300.997 406566.159 406698.687 4.49757399881 4.4990400689 4.50197625284 2.2487869994 2.24952003445 2.25098812642
1006036576 1 445991.595 446078.033 447228.865 4.49897873206 4.51058559972 4.51145980004 2.24948936603 2.25529279986 2.25572990002

META_DATA
ERT_VERSION  1.1.0
FLOPS          8
HOSTNAME  ('atajo-Inspiron-15-7568', [], ['127.0.1.1'])
TIMESTAMP_DATA  1535289700.4
MPI_PROCS      1
UNAME  ('Linux', 'atajo-Inspiron-15-7568', '4.15.0-33-generic', '#36-Ubuntu SMP Wed Aug 15 16:00:05 UTC 2018', 'x86_64', 'x86_64')
TIMESTAMP_DATA  1535289580.65
OPENMP_THREADS 4
TIMESTAMP_DATA  1535289819.98
CONFIG  {'ERT_WORKING_SET_MIN': ['1'], 'ERT_CFLAGS': [], 'ERT_CC': ['mpicc'], 'ERT_MPI_CFLAGS': ['-I/usr/include/mpi'], 'ERT_MPI_LDFLAGS': ['-lmpi'], 'ERT_MEMORY_MAX': ['1073741824'], 'ERT_PROCS_THREADS': ['1-4'], 'ERT_LDFLAGS': [], 'ERT_LDLIBS': [], 'ERT_RUN': ['export', 'OMP_NUM_THREADS=ERT_OPENMP_THREADS;', 'mpirun', '-np', 'ERT_MPI_PROCS', 'ERT_CODE'], 'ERT_FLOPS': ['1,2,4,8,16'], 'ERT_OPENMP_CFLAGS': ['-fopenmp'], 'ERT_MPI': ['True'], 'ERT_TRIALS_MIN': ['1'], 'ERT_DRIVER': ['driver1'], 'ERT_RESULTS': ['Results/myLaptop'], 'ERT_OPENMP': ['True'], 'ERT_MPI_PROCS': ['1,2,4'], 'ERT_KERNEL': ['kernel1'], 'ERT_GPU': [False], 'ERT_OPENMP_THREADS': ['1,2,4'], 'ERT_LD': ['mpicc'], 'ERT_NUM_EXPERIMENTS': ['3'], 'ERT_OPENMP_LDFLAGS': ['-fopenmp'], 'ERT_ALIGN': ['64'], 'ERT_GNUPLOT': ['gnuplot']}
