32 33554432 375263.498 387858.53 394116.425 5.44885600239 5.53677045081 5.72260201017 1.3622140006 1.3841926127 1.43065050254
64 16777216 302313.965 318878.599 319963.66 6.71164859159 6.73448658748 7.10348808399 1.6779121479 1.68362164687 1.775872021
96 8388608 216043.267 227549.899 228205.863 7.05771847764 7.07806394588 7.45504712257 1.76442961941 1.76951598647 1.86376178064
128 8388608 279994.753 294119.006 303211.327 7.08246512176 7.30141066776 7.66972818237 1.77061628044 1.82535266694 1.91743204559
160 4194304 171969.983 180427.901 185814.678 7.22320375573 7.43885658793 7.80471833855 1.80580093893 1.85971414698 1.95117958464
192 4194304 206282.981 213981.089 225951.524 7.12813397975 7.52689288351 7.80778292127 1.78203349494 1.88172322088 1.95194573032
224 4194304 236285.423 246924.656 260261.576 7.21984482258 7.60980382615 7.95245076121 1.80496120564 1.90245095654 1.9881126903
256 4194304 267172.663 280159.562 289318.96 7.4225472399 7.66521632412 8.03781204217 1.85563680998 1.91630408103 2.00945301054
288 2097152 152009.495 156842.019 160167.683 7.54184320691 7.70175976885 7.94660591432 1.88546080173 1.92543994221 1.98665147858
320 2097152 165396.561 173879.119 176316.381 7.61232321346 7.71902507742 8.11490439635 1.90308080337 1.92975626935 2.02872609909
352 2097152 181309.941 189819.902 192230.94 7.68031934922 7.7778725647 8.14293468884 1.9200798373 1.94446814118 2.03573367221
384 2097152 197589.084 206642.617 207872.981 7.74806195712 7.79419443764 8.15132447297 1.93701548928 1.94854860941 2.03783111824
416 2097152 212973.787 223182.354 227422.601 7.6721946558 7.81795886963 8.19270055991 1.91804866395 1.95448971741 2.04817513998
448 2097152 232961.764 239792.19 240006.367 7.82915976558 7.8361525953 8.06590815478 1.9572899414 1.95903814882 2.0164770387
480 2097152 245387.123 256449.421 277278.538 7.26080689303 7.85053798191 8.20444812012 1.81520172326 1.96263449548 2.05111203003
512 2097152 260778.164 272983.033 302341.779 7.102834597 7.86672938754 8.23490592564 1.77570864925 1.96668234688 2.05872648141
544 1048576 138332.774 143810.757 145412.805 7.84559989748 7.93299967123 8.24714675352 1.96139997437 1.98324991781 2.06178668838
576 1048576 146218.582 151818.58 157279.616 7.68033126429 7.95659893539 8.2613272231 1.92008281607 1.98914973385 2.06533180578
608 1048576 163238.993 168616.2 170340.444 7.48541207278 7.56195677521 7.8110529388 1.87135301819 1.8904891938 1.9527632347
640 1048576 171092.782 176734.496 178537.245 7.51763185323 7.59431412869 7.8447335084 1.87940796331 1.89857853217 1.9611833771
704 1048576 177979.032 183530.514 190460.967 7.75169333252 8.04441166661 8.2953311489 1.93792333313 2.01110291665 2.07383278722
768 1048576 199427.925 199578.44 203176.311 7.92716792658 8.07007378152 8.07616453914 1.98179198164 2.01751844538 2.01904113479
832 1048576 209783.667 215377.766 221255.958 7.88602702396 8.10125620859 8.31728460538 1.97150675599 2.02531405215 2.07932115135
896 1048576 225891.622 231222.038 238874.632 7.86625258726 8.12659644493 8.31836159023 1.96656314681 2.03164911123 2.07959039756
960 1048576 241927.042 247310.653 257433.492 7.82052834058 8.14063565632 8.32178950876 1.95513208514 2.03515891408 2.08044737719
1056 524288 142018.078 143293.175 147547.083 7.50469771063 7.72748776067 7.79686833954 1.87617442766 1.93187194017 1.94921708488
1152 524288 144738.328 147527.528 155102.388 7.78814283633 8.18802814889 8.3458166796 1.94703570908 2.04700703722 2.0864541699
1248 524288 156711.074 161465.741 167650.528 7.80565897174 8.10464709043 8.35054482493 1.95141474293 2.02616177261 2.08763620623
1344 524288 175534.358 178592.985 185734.338 7.58764458514 7.89104983043 8.02854871295 1.89691114628 1.97276245761 2.00713717824
1472 524288 187000.428 188524.95 197458.633 7.81684674177 8.187265781 8.25401250953 1.95421168544 2.04681644525 2.06350312738
1600 524288 200344.041 203298.18 213245.948 7.867542693 8.25251657442 8.37420265472 1.96688567325 2.06312914361 2.09355066368
1760 524288 220234.265 223028.958 297442.438 6.20454085977 8.27468225001 8.37968496864 1.55113521494 2.0686705625 2.09492124216
1920 524288 240633.255 242905.136 254742.143 7.90315216905 8.28828057386 8.3665323814 1.97578804226 2.07207014347 2.09163309535
2112 262144 133170.992 133416.006 139881.317 7.91596962159 8.29957580952 8.31484574358 1.9789924054 2.07489395238 2.0787114359
2304 262144 145336.969 145861.102 146885.794 8.22380108454 8.28157428839 8.31144037413 2.05595027113 2.0703935721 2.07786009353
2528 262144 162849.296 162897.838 163043.264 8.1291310753 8.13638830492 8.13881359364 2.03228276882 2.03409707623 2.03470339841
2752 262144 176660.775 176730.304 176734.375 8.16389327769 8.16408133378 8.16729449987 2.04097331942 2.04102033345 2.04182362497
3008 262144 191373.777 191483.286 191545.872 8.23331919155 8.23601023851 8.24072309552 2.05832979789 2.05900255963 2.06018077388
3296 262144 209204.272 209273.143 209382.651 8.25308706212 8.25740571976 8.26012409536 2.06327176553 2.06435142994 2.06503102384
3616 262144 229011.293 229113.583 229681.889 8.2541353881 8.27460940192 8.27830533231 2.06353384702 2.06865235048 2.06957633308
3968 262144 250894.396 250928.631 252442.458 8.24098608642 8.29070312028 8.29183440191 2.06024652161 2.07267578007 2.07295860048
4352 131072 137322.702 137442.899 137446.915 8.30030043235 8.30054296221 8.3078083331 2.07507510809 2.07513574055 2.07695208328
4768 131072 150252.161 150304.942 150335.488 8.31408876659 8.31577841266 8.3186996026 2.07852219165 2.07894460317 2.07967490065
5216 131072 164331.909 164334.193 164376.196 8.31837660971 8.32050274528 8.32061838946 2.07959415243 2.08012568632 2.08015459736
5728 131072 180163.665 180231.388 180247.447 8.33055256533 8.33129483528 8.33442654489 2.08263814133 2.08282370882 2.08360663622
6272 131072 196967.212 197056.96 197889.375 8.30851665482 8.34361378558 8.34741554853 2.07712916371 2.08590344639 2.08685388713
6880 131072 215910.335 215977.886 216147.769 8.34406354664 8.35062678593 8.35323941302 2.08601588666 2.08765669648 2.08830985325
7552 131072 236737.637 236762.647 236917.94 8.35610628727 8.36158707078 8.36247042544 2.08902657182 2.0903967677 2.09061760636
8288 65536 129811.736 129859.085 130364.245 8.3329960297 8.36541190784 8.36846320274 2.08324900743 2.09135297696 2.09211580069
9088 65536 142186.38 142228.003 142241.156 8.3743859337 8.37516038245 8.37761208915 2.09359648343 2.09379009561 2.09440302229
9984 65536 156089.487 156145.492 177593.963 7.36862236697 8.38079172981 8.38379876282 1.84215559174 2.09519793245 2.09594969071
10976 65536 171490.349 171738.048 171909.61 8.36862041628 8.37698045805 8.38908008753 2.09215510407 2.09424511451 2.09727002188
12064 65536 188324.84 188386.66 188421.284 8.39211247494 8.39365487981 8.39641020271 2.09802811873 2.09841371995 2.09910255068
13248 65536 206643.531 206818.29 206871.636 8.39381313734 8.3959782087 8.40307871046 2.09845328434 2.09899455217 2.10076967761
14560 65536 227272.885 228630.927 228659.074 8.34608610372 8.34711359938 8.39699078049 2.08652152593 2.08677839984 2.09924769512
16000 65536 249613.824 250928.103 251856.064 8.32678779575 8.35758121521 8.40158596344 2.08169694894 2.0893953038 2.10039649086
17600 32768 137619.953 137904.373 138088.779 8.35284089231 8.36401032765 8.38129627904 2.08821022308 2.09100258191 2.09532406976
19360 32768 151125.061 151549.568 151650.068 8.36647801569 8.37202624029 8.39554307938 2.09161950392 2.09300656007 2.09888576985
21280 32768 166541.637 166543.511 168348.334 8.28405037854 8.3738241834 8.37391840936 2.07101259464 2.09345604585 2.09347960234
23392 32768 182820.534 183256.983 183349.495 8.36117989853 8.36540079894 8.3853715907 2.09029497463 2.09135019974 2.09634289767
25728 32768 200583.674 200934.251 200983.745 8.38928644702 8.39135289085 8.40601916585 2.09732161176 2.09783822271 2.10150479146
28288 32768 220536.251 220778.664 220906.051 8.39217558599 8.39701778429 8.40624776922 2.0980438965 2.09925444607 2.1015619423
31104 32768 242708.716 242956.195 243050.479 8.38686577532 8.39012046595 8.39867548885 2.09671644383 2.09753011649 2.09966887221
34208 16384 133574.243 133758.988 133812.687 8.37684205534 8.38020502966 8.3917955949 2.09421051384 2.09505125742 2.09794889873
37600 16384 146792.699 146825.742 147119.486 8.3746676494 8.39142226164 8.3933111687 2.09366691235 2.09785556541 2.09832779217
41344 16384 161312.211 161367.696 161399.616 8.39382537317 8.39548574828 8.39837346225 2.09845634329 2.09887143707 2.09959336556
45472 16384 177315.419 177383.79 177981.258 8.37181685726 8.40001499573 8.40325395503 2.09295421431 2.10000374893 2.10081348876
50016 16384 195189.506 195732.802 198772.345 8.24523294727 8.37327352009 8.39657992679 2.06130823682 2.09331838002 2.0991449817
55008 16384 214674.837 214789.888 215127.837 8.37874897613 8.39193204477 8.39642954521 2.09468724403 2.09798301119 2.0991073863
60480 16384 235991.015 236000.921 236135.684 8.3926690216 8.39746146584 8.39781395915 2.0981672554 2.09936536646 2.09945348979
66528 8192 129981.954 130042.561 130082.681 8.37924575063 8.38183086843 8.38573908498 2.09481143766 2.09545771711 2.09643477125
73152 8192 143187.099 143240.096 143347.428 8.36096178859 8.36722678544 8.37032369795 2.09024044715 2.09180669636 2.09258092449
80448 8192 157257.402 157390.719 158053.168 8.3393458586 8.37444571303 8.38154525788 2.08483646465 2.09361142826 2.09538631447
88480 8192 173057.917 173399.319 173442.226 8.35815103065 8.36021922324 8.37671194205 2.08953775766 2.09005480581 2.09417798551
97312 8192 190181.9 190211.036 190735.962 8.35898899862 8.3820573271 8.38334146415 2.08974724966 2.09551433178 2.09583536604
107040 8192 209110.434 209280.837 209536.597 8.36962795573 8.37985639364 8.38668509482 2.09240698893 2.09496409841 2.09667127371
117728 8192 229944.247 230077.903 230185.577 8.37956737837 8.38348892636 8.38836186234 2.09489184459 2.09587223159 2.09709046559
129472 8192 252927.149 252951.568 253469.354 8.36893776121 8.38606878294 8.38687842087 2.0922344403 2.09651719573 2.09671960522
142400 4096 139088.95 139747.691 141582.919 8.23927637768 8.3474781705 8.38701277132 2.05981909442 2.08686954262 2.09675319283
156640 4096 152960.395 152991.868 155857.945 8.23310534474 8.38734043041 8.3890662024 2.05827633619 2.0968351076 2.0972665506
172288 4096 168294.209 168383.831 168769.05 8.36280879699 8.38194075772 8.38640440682 2.09070219925 2.09548518943 2.09660110171
189504 4096 184977.605 185479.836 186028.904 8.34502990998 8.36973334395 8.39245793025 2.08625747749 2.09243333599 2.09811448256
208448 4096 203642.748 203688.057 231616.46 7.37255899689 8.3834371104 8.38530236294 1.84313974922 2.0958592776 2.09632559074
229280 4096 223920.059 224248.002 224383.022 8.37078377525 8.37582383454 8.38809068017 2.09269594381 2.09395595864 2.09702267004
252192 4096 246368.661 246615.62 246955.389 8.3657087718 8.3772344347 8.38563174234 2.09142719295 2.09430860868 2.09640793559
277408 2048 135494.072 135771.769 135825.315 8.36562144546 8.36892069956 8.38607291985 2.09140536136 2.09223017489 2.09651822996
305120 2048 148944.094 149406.14 149762.378 8.34502988461 8.36492743873 8.39087664664 2.08625747115 2.09123185968 2.09771916166
335616 2048 163904.417 164065.147 190346.055 7.22202062974 8.37888583369 8.38710244154 1.80550515744 2.09472145842 2.09677561039
369152 2048 180275.661 180333.002 211072.011 7.16365274977 8.38474696939 8.38741393937 1.79091318744 2.09618674235 2.09685348484
406048 2048 200812.023 201896.888 228273.61 7.2858733342 8.23773275792 8.28223620854 1.82146833355 2.05943318948 2.07055905213
446624 2048 218843.38 219205.192 220631.439 8.29152867919 8.34547707246 8.35927458258 2.0728821698 2.08636926811 2.08981864565
491264 2048 240268.272 240455.79 241016.335 8.34888367214 8.36834639748 8.37487749527 2.08722091803 2.09208659937 2.09371937382
540384 1024 132077.05 132111.332 132247.594 8.36844284668 8.3770742089 8.37924856741 2.09211071167 2.09426855222 2.09481214185
594400 1024 145244.295 145336.931 145731.499 8.35324695315 8.37592476753 8.38126688556 2.08831173829 2.09398119188 2.09531672139
653824 1024 160115.551 160427.577 160520.312 8.34182001839 8.34664199909 8.36290756043 2.0854550046 2.08666049977 2.09072689011
719200 1024 175838.554 175842.229 175915.435 8.37289576097 8.37638153461 8.37655659975 2.09322394024 2.09409538365 2.09413914994
791104 1024 193499.213 193523.835 194207.535 8.34252384698 8.3719971341 8.37306243721 2.08563096174 2.09299928352 2.0932656093
870208 1024 212900.839 212914.157 213294.579 8.35551467063 8.37044379346 8.3709674061 2.08887866766 2.09261094836 2.09274185152
957216 1024 234094.271 236037.054 260122.575 7.53636383924 8.30538398433 8.37431159518 1.88409095981 2.07634599608 2.09357789879
1052928 512 128797.296 128809.913 129371.305 8.33413771315 8.37046036977 8.37128034116 2.08353442829 2.09261509244 2.09282008529
1158208 512 141675.404 141717.728 141946.886 8.35527305615 8.36878355826 8.37128364215 2.08881826404 2.09219588956 2.09282091054
1274016 512 156002.687 158430.959 158436.123 8.2341852306 8.2344536209 8.36262765141 2.05854630765 2.05861340522 2.09065691285
1401408 512 171405.657 171438.589 171478.36 8.36864658608 8.37058797772 8.37219621054 2.09216164652 2.09264699443 2.09304905263
1541536 512 188578.563 188590.405 188604.705 8.36953067528 8.37016530083 8.37069091464 2.09238266882 2.09254132521 2.09267272866
1695680 512 207600.396 207611.423 208000.069 8.34796030765 8.36358758545 8.36403182969 2.08699007691 2.09089689636 2.09100795742
1865248 512 228399.681 228549.15 229299.328 8.32978434198 8.35712559859 8.36259465704 2.08244608549 2.08928139965 2.09064866426
2051744 512 251220.194 251275.665 253288.116 8.29484576371 8.36127866182 8.36312488478 2.07371144093 2.09031966546 2.09078122119
2256896 256 138058.817 138074.185 138664.319 8.33329554664 8.36891234955 8.36984393398 2.08332388666 2.09222808739 2.0924609835
2482560 256 152018.244 152051.16 153016.139 8.30677553562 8.35949373882 8.36130379193 2.0766938839 2.0898734347 2.09032594798
2730816 256 167352.352 168950.41 206364.915 6.77526890654 8.27566971871 8.35469460268 1.69381722663 2.06891742968 2.08867365067
3003872 256 184204.539 184299.854 184882.079 8.31872116713 8.34500098953 8.34931903605 2.07968029178 2.08625024738 2.08732975901
3304256 256 202712.535 202897.598 203105.123 8.32957360706 8.33809314983 8.34570527175 2.08239340177 2.08452328746 2.08642631794
3634656 256 223890.995 223921.385 224509.769 8.28892159254 8.3107018653 8.3118299242 2.07223039813 2.07767546632 2.07795748105
3998112 256 246327.199 246500.176 250878.175 8.15947160011 8.30438897537 8.31022052096 2.03986790003 2.07609724384 2.07755513024
4397920 128 135770.39 135790.987 135869.933 8.28636251701 8.29118003244 8.29243784304 2.07159062925 2.07279500811 2.07310946076
4837696 128 149508.613 149718.729 149744.191 8.27043885796 8.2718453748 8.28347043792 2.06760971449 2.0679613437 2.07086760948
5321440 128 164546.605 164723.782 164900.055 8.26129888192 8.27013940221 8.27904434734 2.06532472048 2.06753485055 2.06976108684
5853568 128 180777.245 181164.477 181440.772 8.25896732847 8.27156312769 8.28928114266 2.06474183212 2.06789078192 2.07232028566
6438912 128 198688.991 198733.266 199266.604 8.2721411361 8.29434097863 8.29618925389 2.06803528403 2.07358524466 2.07404731347
7082784 128 218196.94 218533.858 218752.876 8.28877195653 8.29707909152 8.30989061533 2.07219298913 2.07426977288 2.07747265383
7791040 128 240089.9 240104.427 240748.164 8.28461661706 8.30682826185 8.30733087897 2.07115415426 2.07670706546 2.07683271974
8570144 64 132148.553 133376.067 134475.645 8.15745060751 8.22470220238 8.30110059548 2.03936265188 2.0561755506 2.07527514887
9427136 64 145269.162 145305.22 145657.151 8.28434031365 8.30440508607 8.30646636483 2.07108507841 2.07610127152 2.07661659121
10369824 64 160120.648 160251.129 160379.698 8.27621880171 8.28285878722 8.28960842077 2.06905470043 2.07071469681 2.07240210519
11406784 64 175656.826 176237.873 176337.931 8.27994489739 8.28464578666 8.31205017902 2.06998622435 2.07116144667 2.07801254476
12547456 64 193138.494 193608.824 193832.0 8.28590928227 8.29546058293 8.31566165158 2.07147732057 2.07386514573 2.0789154129
13802176 64 212231.919 213192.19 213850.529 8.26127733357 8.28678821677 8.32428287095 2.06531933339 2.07169705419 2.08107071774
15182368 64 233392.281 233658.074 234402.908 8.29061004653 8.31703810072 8.32650975291 2.07265251163 2.07925952518 2.08162743823
16700576 64 256594.61 256700.005 258046.625 8.28406001435 8.32751728228 8.33093776989 2.07101500359 2.08187932057 2.08273444247
18370624 32 141234.259 141627.885 145716.671 8.06853414871 8.30147210064 8.32460866311 2.01713353718 2.07536802516 2.08115216578
20207680 32 155207.988 156056.325 174866.554 7.39587697256 8.28733804926 8.33263504453 1.84896924314 2.07183451231 2.08315876113
22228448 32 171273.04 171281.826 176540.102 8.05834286875 8.30573041649 8.30615648557 2.01458571719 2.07643260412 2.07653912139
24451264 32 187712.013 188373.696 196512.14 7.96327848244 8.30732171863 8.336604946 1.99081962061 2.07683042966 2.0841512365
26896384 32 210293.661 212599.556 215867.839 7.97417801547 8.09676467998 8.18554666752 1.99354450387 2.02419116999 2.04638666688
29586016 32 228600.582 230713.101 232422.723 8.14681542131 8.20718466265 8.28302801084 2.03670385533 2.05179616566 2.07075700271
32544608 32 250758.541 254011.547 255558.998 8.15019204293 8.19984341893 8.30621722273 2.03754801073 2.04996085473 2.07655430568
35799040 16 137897.654 139840.088 143246.945 7.99716377896 8.19199484485 8.30738773845 1.99929094474 2.04799871121 2.07684693461
39378944 16 151970.027 152534.092 156172.257 8.06882241575 8.26127583334 8.29193909402 2.01720560394 2.06531895833 2.0729847735
43316832 16 166714.968 168176.434 171829.295 8.06695170343 8.24216919714 8.31442215794 2.01673792586 2.06054229929 2.07860553949
47648512 16 183877.667 185466.731 189669.478 8.03899710211 8.22116384852 8.29221084255 2.00974927553 2.05529096213 2.07305271064
52413344 16 201912.061 203999.619 205581.045 8.15847106916 8.22171637487 8.30672026076 2.03961776729 2.05542909372 2.07668006519
57654656 16 224668.871 225037.013 225323.229 8.18801062007 8.19842463871 8.21185856228 2.04700265502 2.04960615968 2.05296464057
63420096 16 249188.577 253029.549 268003.103 7.57246109945 8.02057735952 8.14420587184 1.89311527486 2.00514433988 2.03605146796
69762080 8 136591.86 137988.26 138263.198 8.07296009456 8.08904525646 8.17174083434 2.01824002364 2.02226131411 2.04293520858
76738272 8 148151.714 149254.368 152579.675 8.04702429731 8.22630766826 8.2875338992 2.01175607433 2.05657691707 2.0718834748
84412096 8 163258.603 164814.305 166111.03 8.13066739758 8.19463781375 8.27272505817 2.0326668494 2.04865945344 2.06818126454
92853280 8 179571.754 180452.24 181912.995 8.16682986281 8.23294008431 8.27330828433 2.0417074657 2.05823502108 2.06832707108
102138592 8 196910.504 198233.328 201246.12 8.12049182364 8.24390877401 8.29929048376 2.03012295591 2.0609771935 2.07482262094
112352448 8 218689.615 221011.722 223893.757 8.02898299661 8.13368246595 8.22004816278 2.00724574915 2.03342061649 2.0550120407
123587680 8 241974.086 243011.702 243843.103 8.10932462584 8.13706855977 8.17196135623 2.02733115646 2.03426713994 2.04299033906
135946432 4 131285.593 134725.733 134790.141 8.06862763056 8.07248497954 8.2840122145 2.01715690764 2.01812124488 2.07100305363
149541056 4 146454.127 146536.718 148271.697 8.06848826988 8.16401830427 8.16862230178 2.01712206747 2.04100457607 2.04215557545
164495136 4 158848.097 160732.728 163109.983 8.06793712927 8.18726282055 8.28439945365 2.01698428232 2.04681570514 2.07109986341
180944640 4 175525.147 179254.829 190731.208 7.58951372027 8.07541491672 8.24700702287 1.89737843007 2.01885372918 2.06175175572
199039104 4 194406.584 195186.103 220793.553 7.21177231112 8.15792112003 8.19063222674 1.80294307778 2.03948028001 2.04765805668
218943008 4 214445.852 215324.049 218899.226 8.00160007875 8.13445628639 8.16776844907 2.00040001969 2.0336140716 2.04194211227
240837280 4 237023.417 237707.825 237907.806 8.09850787326 8.10532105958 8.12872527274 2.02462696831 2.0263302649 2.03218131819
264920992 4 257873.076 260158.35 260420.534 8.13825201664 8.14645363487 8.21864759546 2.03456300416 2.03661340872 2.05466189886
291413088 2 143280.987 144388.297 145629.783 8.00421677481 8.07303899429 8.13542938534 2.0010541937 2.01825974857 2.03385734633
320554368 2 155237.947 156730.587 158662.841 8.08139740798 8.18102896533 8.25969098909 2.02034935199 2.04525724133 2.06492274727
352609792 2 170694.171 170886.272 173642.399 8.12266575515 8.25367158808 8.26296035616 2.03066643879 2.06341789702 2.06574008904
387870752 2 186763.113 187852.647 191997.813 8.08073271126 8.25904256755 8.30722396451 2.02018317782 2.06476064189 2.07680599113
426657824 2 208018.408 208374.837 209415.166 8.14951146375 8.19019858909 8.20423207931 2.03737786594 2.04754964727 2.05105801983
469323584 2 228195.459 229146.808 229442.509 8.18198137818 8.19253976254 8.22669453734 2.04549534454 2.04813494064 2.05667363433
516255936 2 251494.324 252009.255 253347.243 8.15096197435 8.19423772353 8.21101530705 2.03774049359 2.04855943088 2.05275382676
567881504 1 140383.303 140530.672 140867.051 8.06265908129 8.08195813651 8.09044226577 2.01566477032 2.02048953413 2.02261056644
624669632 1 150954.978 151603.675 151954.523 8.22179714914 8.24082439954 8.2762375945 2.05544928728 2.06020609989 2.06905939862
687136576 1 168443.849 170045.34 170858.437 8.04334381216 8.08180425291 8.15864253969 2.01083595304 2.02045106323 2.03966063492
755850208 1 183151.334 183221.742 184533.756 8.19199938682 8.25066064485 8.25383240725 2.04799984671 2.06266516121 2.06345810181
831435200 1 204872.602 206359.524 208234.672 7.98555967663 8.05812287103 8.11660702196 1.99638991916 2.01453071776 2.02915175549
914578720 1 222267.854 222351.092 223590.623 8.18083252087 8.22643785352 8.22951860596 2.04520813022 2.05660946338 2.05737965149
1006036576 1 248089.855 248889.12 249916.352 8.05098640364 8.08421497894 8.11025969603 2.01274660091 2.02105374474 2.02756492401

META_DATA
ERT_VERSION  1.1.0
HOSTNAME  ('atajo-Inspiron-15-7568', [], ['127.0.1.1'])
UNAME  ('Linux', 'atajo-Inspiron-15-7568', '4.15.0-33-generic', '#36-Ubuntu SMP Wed Aug 15 16:00:05 UTC 2018', 'x86_64', 'x86_64')
OPENMP_THREADS 2
FLOPS          4
TIMESTAMP_DATA  1535287996.99
MPI_PROCS      2
TIMESTAMP_DATA  1535288125.88
CONFIG  {'ERT_WORKING_SET_MIN': ['1'], 'ERT_CFLAGS': [], 'ERT_CC': ['mpicc'], 'ERT_MPI_CFLAGS': ['-I/usr/include/mpi'], 'ERT_MPI_LDFLAGS': ['-lmpi'], 'ERT_MEMORY_MAX': ['1073741824'], 'ERT_PROCS_THREADS': ['1-4'], 'ERT_LDFLAGS': [], 'ERT_LDLIBS': [], 'ERT_RUN': ['export', 'OMP_NUM_THREADS=ERT_OPENMP_THREADS;', 'mpirun', '-np', 'ERT_MPI_PROCS', 'ERT_CODE'], 'ERT_FLOPS': ['1,2,4,8,16'], 'ERT_OPENMP_CFLAGS': ['-fopenmp'], 'ERT_MPI': ['True'], 'ERT_TRIALS_MIN': ['1'], 'ERT_DRIVER': ['driver1'], 'ERT_RESULTS': ['Results/myLaptop'], 'ERT_OPENMP': ['True'], 'ERT_MPI_PROCS': ['1,2,4'], 'ERT_KERNEL': ['kernel1'], 'ERT_GPU': [False], 'ERT_OPENMP_THREADS': ['1,2,4'], 'ERT_LD': ['mpicc'], 'ERT_NUM_EXPERIMENTS': ['3'], 'ERT_OPENMP_LDFLAGS': ['-fopenmp'], 'ERT_ALIGN': ['64'], 'ERT_GNUPLOT': ['gnuplot']}
TIMESTAMP_DATA  1535288061.31
