16 67108864 404131.42 408384.55 412802.941 5.20220045622 5.25848406361 5.31382501267 0.650275057028 0.657310507951 0.664228126583
32 33554432 245925.027 246415.492 247411.623 8.67980098089 8.71488894862 8.73226964411 1.08497512261 1.08936111858 1.09153370551
48 16777216 169226.255 169255.044 169306.198 9.51301697768 9.5158920995 9.51751095597 1.18912712221 1.18948651244 1.1896888695
64 16777216 215417.542 215887.044 216632.968 9.91300478328 9.94725578808 9.96893580747 1.23912559791 1.24340697351 1.24611697593
80 8388608 131341.985 131408.883 131615.144 10.1977419863 10.2137484876 10.2189507795 1.27471774829 1.27671856095 1.27736884744
96 8388608 156378.51 156644.787 156986.695 10.2595492949 10.2819427754 10.2994505831 1.28244366187 1.28524284693 1.28743132288
112 8388608 181423.595 181593.614 181819.819 10.3346719974 10.3475455475 10.3572426288 1.29183399968 1.29344319344 1.2946553286
128 8388608 205802.695 206065.84 206172.282 10.4159668175 10.421347119 10.4346721407 1.30199585219 1.30266838987 1.30433401759
144 4194304 114598.471 114649.587 142813.349 8.45830981808 10.536100335 10.540799903 1.05728872726 1.31701254188 1.31759998787
160 4194304 126648.252 126671.481 126718.875 10.5917707997 10.5957336995 10.5976771002 1.32397134997 1.32446671244 1.32470963752
176 4194304 138557.686 138679.692 149195.874 9.89568255755 10.6460793697 10.6554537003 1.23696031969 1.33075992121 1.33193171254
192 4194304 150657.345 151149.319 179819.544 8.95682805202 10.6557723624 10.6905689596 1.1196035065 1.3319715453 1.33632111996
208 4194304 162916.627 162998.024 163134.062 10.6956845346 10.704611143 10.7099594199 1.33696056683 1.33807639288 1.33874492749
224 4194304 175483.661 176147.875 176191.992 10.6647763651 10.6674474046 10.7078242002 1.33309704564 1.33343092558 1.33847802503
240 4194304 187717.371 187727.449 216121.38 9.31544079535 10.7244088743 10.7249846366 1.16443009942 1.34055110928 1.34062307958
256 4194304 199591.427 199679.539 199901.761 10.7426949981 10.7546504702 10.7593982381 1.34283687476 1.34433130878 1.34492477976
272 2097152 106111.787 106144.248 106264.665 10.7359364282 10.7481159789 10.7514039699 1.34199205352 1.34351449737 1.34392549623
288 2097152 111959.011 111969.324 125244.956 9.6447760499 10.7883079834 10.7893017383 1.20559700624 1.34853849792 1.34866271729
304 2097152 130092.987 132019.571 132269.735 9.63991056609 9.65817724101 9.80120793137 1.20498882076 1.20727215513 1.22515099142
320 2097152 124162.609 135379.816 137019.88 9.79549303357 9.91416091155 10.8098347064 1.2244366292 1.23927011394 1.35122933829
352 2097152 136390.892 136519.964 136643.812 10.804697164 10.8144989549 10.8247331354 1.3505871455 1.35181236936 1.35309164193
384 2097152 148314.759 148449.192 160871.407 10.0118023833 10.8495891039 10.8594232082 1.25147529791 1.35619863798 1.35742790102
416 2097152 160642.544 160962.923 173125.111 10.0784366515 10.8399526517 10.8615714154 1.25980458144 1.35499408146 1.35769642692
448 2097152 173140.003 173334.815 174160.758 10.789159473 10.8405699801 10.8527674682 1.34864493412 1.35507124752 1.35659593352
480 2097152 184848.26 185260.854 197947.433 10.1707099177 10.8671955059 10.8914518319 1.27133873971 1.35839943823 1.36143147899
528 1048576 112072.724 112131.627 112384.043 9.85278894086 9.87496824602 9.88015831577 1.23159861761 1.23437103075 1.23501978947
576 1048576 110586.18 110603.612 116926.584 10.3309231372 10.9215199229 10.9232415117 1.29136539215 1.36518999036 1.36540518897
624 1048576 120249.905 120347.772 126918.975 10.3106950556 10.8736773955 10.8825270839 1.28883688196 1.35920967444 1.36031588549
672 1048576 131683.794 135887.236 138421.525 10.1811199089 10.3709971995 10.7020469353 1.27263998861 1.29637464993 1.33775586691
736 1048576 142488.843 142590.156 142631.845 10.8215936771 10.82475758 10.8324542435 1.35269920963 1.3530946975 1.35405678043
800 1048576 154301.984 154436.952 162930.443 10.2971646619 10.8634726228 10.8729749061 1.28714558273 1.35793407785 1.35912186327
880 1048576 169288.766 169567.987 177137.007 10.4184540049 10.883503382 10.9014543824 1.30230675062 1.36043792275 1.3626817978
960 1048576 184614.061 185445.042 191858.998 10.4934662486 10.8564019738 10.9052685862 1.31168328107 1.35705024672 1.36315857328
1056 524288 101248.052 101262.737 105433.991 10.5022701455 10.9348837371 10.9364697308 1.31278376819 1.36686046714 1.36705871635
1152 524288 110395.546 110424.47 114696.048 10.5318323784 10.9392379425 10.9421040592 1.3164790473 1.36740474281 1.3677630074
1264 524288 125215.05 125377.0 125431.395 10.5667330257 10.5713174187 10.584990095 1.32084162821 1.32141467733 1.32312376188
1376 524288 132622.691 135669.726 136190.287 10.5942986668 10.6349486989 10.8792889446 1.32428733335 1.32936858736 1.35991111808
1504 524288 148128.659 148436.516 148496.744 10.6201540958 10.624463215 10.6465441235 1.32751926197 1.32805790187 1.33081801544
1648 524288 160947.065 161238.036 161336.456 10.7108665384 10.7174044715 10.7367801208 1.3388583173 1.33967555894 1.34209751511
1808 524288 176617.4 176719.705 225505.469 8.40700412459 10.7278665274 10.7340806059 1.05087551557 1.34098331592 1.34176007573
1984 524288 192508.263 192706.1 248574.225 8.36922968984 10.7955834507 10.8066778619 1.04615371123 1.34944793133 1.35083473274
2176 262144 105883.062 105994.496 130440.037 8.74616961355 10.763301219 10.7746287881 1.09327120169 1.34541265237 1.34682859852
2384 262144 115458.57 115475.815 140613.17 8.88894398725 10.8239339294 10.8255506023 1.11111799841 1.35299174117 1.35319382528
2608 262144 125954.392 126055.524 150647.238 9.07645650961 10.8471494196 10.8558588731 1.1345570637 1.35589367746 1.35698235914
2864 262144 138499.938 138649.952 162646.554 9.23204823632 10.8298691081 10.8415993082 1.15400602954 1.35373363851 1.35519991352
3136 262144 151158.413 151303.416 175602.736 9.3629928864 10.8666890112 10.8771131912 1.1703741108 1.3583361264 1.3596391489
3440 262144 165588.515 165715.518 191980.79 9.39443326595 10.8834147928 10.8917621491 1.17430415824 1.3604268491 1.36147026864
3776 262144 181332.007 181512.943 207465.032 9.54238634297 10.9067235387 10.9176064433 1.19279829287 1.36334044234 1.36470080541
4144 131072 99513.855 99675.752 112799.632 9.6305698586 10.8985858065 10.9163164868 1.20382123232 1.36232322581 1.36453956085
4544 131072 108810.823 108859.907 122097.248 9.75601297746 10.9423420323 10.9472780663 1.21950162218 1.36779275404 1.36840975828
4992 131072 119516.212 119665.214 133097.286 9.83207762779 10.9356997264 10.9493333674 1.22900970347 1.3669624658 1.36866667093
5488 131072 131667.574 137077.571 144866.32 9.93085399008 10.4951252164 10.9263520873 1.24135674876 1.31189065205 1.36579401091
6032 131072 145424.434 146156.28 157740.295 10.0244050387 10.8189166281 10.8733626428 1.25305062983 1.35236457852 1.35917033034
6624 131072 159271.603 159301.321 172011.929 10.0948920583 10.9003606819 10.9023945468 1.26186150729 1.36254508524 1.36279931834
7280 131072 173984.3 174701.495 187383.558 10.1845025272 10.9238236341 10.9688536264 1.2730628159 1.36547795427 1.37110670331
8000 131072 192119.928 192147.965 204208.704 10.2696504063 10.9142555842 10.9158483549 1.28370630079 1.36428194803 1.36448104436
8800 65536 105058.052 105335.675 111728.182 10.3235690347 10.9500755561 10.9790118705 1.29044612934 1.36875944451 1.37237648381
9680 65536 115793.209 115818.611 122056.791 10.3949722879 10.9548625134 10.9572657236 1.29937153599 1.36935781418 1.36965821545
10640 65536 127003.798 127197.454 133802.013 10.4229080619 10.9641037312 10.9808218491 1.30286350774 1.3705129664 1.37260273114
11696 65536 139616.339 139688.631 146081.269 10.494282549 10.9745374482 10.9802199584 1.31178531862 1.37181718103 1.37252749479
12864 65536 153322.038 153461.597 160096.299 10.5318500086 10.9871801217 10.9971810315 1.31648125108 1.37339751521 1.37464762893
14144 65536 169244.861 175684.4 176721.055 10.4904442088 10.5523448183 10.9538473254 1.3113055261 1.31904310229 1.36923091567
15552 65536 186501.987 186544.197 192075.6 10.6126532678 10.9273393479 10.9298124743 1.32658165847 1.36591741849 1.36622655929
17104 32768 102058.718 102685.843 105169.337 10.6583133067 10.9160884427 10.9831650443 1.33228916333 1.36451105534 1.37289563053
18800 32768 111903.869 111974.549 115588.572 10.6591575506 11.0031860901 11.0101358515 1.33239469383 1.37539826126 1.37626698144
20672 32768 122977.761 123086.881 126479.102 10.7113362649 11.0065360418 11.0163023053 1.33891703311 1.37581700523 1.37703778816
22736 32768 135687.9 135763.282 138952.348 10.7232912394 10.9751802848 10.9812775937 1.34041140492 1.37189753559 1.37265969921
25008 32768 148918.684 149003.576 153778.646 10.6576844746 10.9992278843 11.0054980609 1.33221055933 1.37490348554 1.37568725762
27504 32768 163897.979 164013.068 167065.299 10.7892073027 10.9899910171 10.997708178 1.34865091284 1.37374887713 1.37471352225
30240 32768 179992.59 180726.68 183265.59 10.8138611291 10.9657779361 11.0105012656 1.35173264114 1.37072224201 1.3763126582
33264 16384 99098.99 99104.239 100475.301 10.8483850374 10.9984675025 10.999050061 1.35604812968 1.37480843781 1.37488125762
36576 16384 109072.809 109165.861 110416.741 10.8545348934 10.978911878 10.9882781876 1.35681686167 1.37236398474 1.37353477346
40224 16384 119896.899 120089.753 121533.605 10.8452310947 10.9756244731 10.9932787503 1.35565388684 1.37195305914 1.37415984378
44240 16384 131720.099 131837.324 133410.429 10.866139408 10.9957960008 11.0055817677 1.358267426 1.3744745001 1.37569772097
48656 16384 145067.194 145085.398 146536.094 10.8803214585 10.9891128258 10.9904918131 1.36004018232 1.37363910323 1.37381147663
53520 16384 159418.94 160788.213 160825.855 10.9046108289 10.9071636986 11.0008469508 1.36307635361 1.36339546233 1.37510586885
58864 16384 175245.214 176641.348 177113.904 10.8904806931 10.9196152194 11.0066090136 1.36131008664 1.36495190243 1.3758261267
64736 16384 192777.628 194149.149 194537.417 10.9041709339 10.9259775741 11.0037107003 1.36302136673 1.36574719676 1.37546383754
71200 8192 105679.793 106469.961 106996.154 10.9026423511 10.9565250991 11.0384470568 1.36283029388 1.36956563739 1.3798058821
78320 8192 116062.624 116878.115 117463.046 10.9242431871 10.9789149149 11.0560560823 1.36553039839 1.37236436436 1.38200701028
86144 8192 127808.254 128480.722 129295.876 10.915918896 10.9851756281 11.0429745484 1.364489862 1.37314695352 1.38037181855
94752 8192 140366.264 141217.683 142867.503 10.8661293534 10.9930763274 11.0597569798 1.35826616918 1.37413454093 1.38246962247
104224 8192 154971.895 155734.169 164065.449 10.4080781567 10.9648770528 11.0188109657 1.30100976958 1.3706096316 1.37735137071
114640 8192 169717.535 170888.42 171272.31 10.9665231934 10.9911587924 11.0669870382 1.37081539917 1.37389484905 1.38337337977
126096 8192 186688.897 187701.247 188211.285 10.9767959132 11.0066230087 11.0663081586 1.37209948915 1.37582787609 1.38328851983
138704 4096 102813.859 103224.475 103873.285 10.9389355309 11.007691422 11.051653727 1.36736694137 1.37596142775 1.38145671587
152560 4096 113170.994 113901.156 114478.474 10.9170875216 10.9724217373 11.0432141296 1.3646359402 1.37155271716 1.3804017662
167808 4096 124322.356 125167.066 125812.367 10.9264547578 10.9827862866 11.0574089828 1.36580684473 1.37284828583 1.38217612285
184576 4096 136879.307 137520.816 138161.862 10.944022975 10.9950379585 11.046568142 1.36800287188 1.37437974481 1.38082101775
203024 4096 150576.149 151810.792 152243.372 10.924433597 10.9555624214 11.0453921092 1.36555419963 1.36944530268 1.38067401365
223312 4096 165822.02 166280.478 166868.74 10.9629395176 11.0017238704 11.0321409907 1.3703674397 1.3752154838 1.37901762384
245632 4096 182309.462 182800.7 183383.568 10.972724361 11.0077113709 11.0373719604 1.37159054512 1.37596392136 1.37967149505
270192 2048 100397.061 100505.714 100749.367 10.9847482416 11.0113782387 11.0232951142 1.37309353021 1.37642227983 1.37791188927
297200 2048 110963.513 110973.894 111802.527 10.8882261668 10.9695276621 10.9705538973 1.36102827085 1.37119095776 1.37131923716
326912 2048 121525.442 121763.325 122060.898 10.9701925345 10.9970021926 11.0185285481 1.37127406682 1.37462527407 1.37731606852
359600 2048 133961.186 134053.223 134057.668 10.9872237969 10.9875881164 10.9951370541 1.37340297461 1.37344851455 1.37439213176
395552 2048 147500.875 147636.794 147859.411 10.9575777493 10.9741003452 10.9842127513 1.36969721866 1.37176254315 1.37302659391
435104 2048 161942.245 162075.407 162192.486 10.9880921611 10.9960296691 11.0050714932 1.37351152013 1.37450370863 1.37563393665
478608 2048 178154.516 178288.459 178374.931 10.990212341 10.9955427233 11.0038095694 1.37377654262 1.37444284041 1.37547619618
526464 1024 97967.88 98041.041 98167.91 10.983204919 10.9974176223 11.0056303352 1.37290061488 1.37467720278 1.3757037919
579104 1024 107788.041 107833.488 107965.76 10.9850103588 10.9984849233 11.003122248 1.37312629485 1.37481061542 1.37539028101
637008 1024 118573.766 118709.044 118884.779 10.9735863159 10.9898314403 11.0023694786 1.37169828948 1.37372893004 1.37529618482
700704 1024 130365.827 130943.081 131035.408 10.9515573989 10.9592792612 11.0078064553 1.36894467486 1.36990990765 1.37597580691
770768 1024 143335.915 143617.16 143771.987 10.9794188488 10.9912552511 11.0128216226 1.3724273561 1.37390690639 1.37660270282
847840 1024 157903.952 158302.432 158774.316 10.9361284857 10.9687280104 10.996408247 1.36701606071 1.37109100131 1.37455103087
932624 1024 173772.481 173800.873 175918.956 10.8573515636 10.989668343 10.9914639016 1.35716894545 1.37370854288 1.3739329877
1025872 1024 190907.335 191207.604 191228.649 10.9867735143 10.9879827583 11.0052652299 1.37334668928 1.37349784478 1.37565815373
1128448 512 105059.16 105303.806 105371.286 10.9662773974 10.9733047256 10.9988577103 1.37078467468 1.3716630907 1.37485721378
1241280 512 115548.062 115597.925 115693.899 10.9864973952 10.9956188227 11.000363814 1.3733121744 1.37445235284 1.37504547675
1365408 512 127160.412 127160.91 127471.53 10.968549542 10.9953427669 10.9953858281 1.37106869275 1.37441784586 1.37442322851
1501936 512 139796.349 139850.647 139876.417 10.9952949681 10.9973210492 11.0015924951 1.37441187102 1.37466513115 1.37519906189
1652128 512 153821.774 154068.347 154255.202 10.9674036925 10.9807050244 10.9983068587 1.37092546156 1.37258812805 1.37478835734
1817328 512 169417.941 169513.669 169617.314 10.9714263722 10.9781345834 10.9843376741 1.37142829652 1.37226682292 1.37304220927
1999056 512 186140.26 186209.004 186219.489 10.9925838321 10.9932027992 10.9972627308 1.37407297901 1.37415034989 1.37465784135
2198960 256 102372.593 102517.696 102697.011 10.9630018346 10.9821773599 10.9977435074 1.37037522932 1.37277216999 1.37471793842
2418848 256 112639.708 112822.596 112833.055 10.9759518255 10.9769693298 10.9947921385 1.37199397818 1.37212116622 1.37434901731
2660720 256 124020.193 124304.786 124606.75 10.9327034049 10.9592613755 10.984409934 1.36658792561 1.36990767194 1.37305124174
2926784 256 136344.524 136705.35 136710.041 10.9612534459 10.9616295778 10.990638744 1.37015668074 1.37020369722 1.37382984299
3219456 256 150427.366 150907.842 152577.601 10.8034302623 10.9229676215 10.9578563783 1.35042878279 1.36537095269 1.36973204729
3541392 256 165784.081 165795.776 166142.219 10.913497574 10.9363021649 10.9370736506 1.36418719675 1.36703777061 1.36713420633
3895520 256 182541.289 182689.697 183229.2 10.8853078003 10.9174533252 10.9263293303 1.36066347504 1.36468166566 1.36579116629
4285072 128 100774.117 101016.027 101058.87 10.8548456162 10.8594493822 10.8855176771 1.35685570203 1.35743117278 1.36068970964
4713568 128 111148.453 111172.778 111269.664 10.8445857085 10.8540366599 10.8564120816 1.35557321356 1.35675458249 1.3570515102
5184912 128 122039.369 122294.994 122670.729 10.8203275779 10.8535715861 10.8763055961 1.35254094724 1.35669644826 1.35953819951
5703392 128 134313.343 134396.427 135317.582 10.7899382358 10.8638926242 10.8706128475 1.34874227948 1.35798657802 1.35882660593
6273728 128 147664.042 148003.226 148230.294 10.8349941477 10.8516173019 10.8765434445 1.35437426846 1.35645216274 1.35956793056
6901088 128 162357.9 162567.852 162669.649 10.8605295386 10.8673302025 10.8813832157 1.35756619233 1.35841627532 1.36017290197
7591184 128 178445.499 178813.522 178818.12 10.8677079482 10.8679873997 10.8904013544 1.35846349352 1.35849842497 1.3613001693
8350288 128 196558.404 196869.202 197359.343 10.8313784162 10.8583450651 10.8755142721 1.35392230202 1.35729313313 1.35943928401
9185312 64 108109.31 108129.066 108238.765 10.8622815125 10.8733015043 10.875288502 1.35778518907 1.35916268804 1.35941106275
10103840 64 118941.926 119099.491 119447.97 10.8272373319 10.8589172728 10.8733023207 1.35340466648 1.3573646591 1.35916279008
11114224 64 130875.93 130967.954 130981.681 10.8612186158 10.8623570007 10.86999475 1.35765232697 1.35779462509 1.35874934375
12225632 64 144093.327 144229.394 145038.904 10.7893872116 10.8499443324 10.8601899101 1.34867340145 1.35624304155 1.35752373876
13448192 64 158261.791 158283.456 158581.104 10.8548151866 10.8752273895 10.8767161367 1.35685189832 1.35940342369 1.35958951709
14793008 64 173926.594 174086.016 174113.893 10.8750944073 10.8768358741 10.8868056371 1.35938680091 1.35960448426 1.36085070464
16272304 64 191370.82 191484.54 192766.002 10.8050947283 10.8774051002 10.8838688782 1.35063684103 1.35967563752 1.36048360978
17899520 32 105283.477 105347.781 105381.085 10.8707296001 10.8741662057 10.8808078213 1.35884120001 1.35927077572 1.36010097767
19689472 32 115843.582 116352.575 118633.03 10.622051953 10.8302391073 10.8778249623 1.32775649412 1.35377988841 1.35972812029
21658416 32 127421.642 127439.651 127665.25 10.8576031771 10.8768237603 10.8783610244 1.35720039713 1.35960297004 1.35979512805
23824256 32 140189.257 140430.503 140546.169 10.8487651769 10.8577007945 10.876385371 1.35609564712 1.35721259932 1.35954817137
26206672 32 154245.172 154309.678 154387.322 10.8637612614 10.8692275801 10.8737731383 1.35797015768 1.35865344752 1.35922164228
28827328 32 169512.762 169514.818 169668.314 10.8738570479 10.8837033468 10.8838353539 1.35923213099 1.36046291835 1.36047941924
31710048 32 186962.562 187266.933 187290.736 10.8357899346 10.837167243 10.8548099164 1.35447374183 1.35464590537 1.35685123955
34881040 16 102570.61 102655.544 102773.207 10.8607419442 10.8731904436 10.882194032 1.35759274302 1.35914880545 1.360274254
38369136 16 112939.793 112999.301 113389.567 10.8282656375 10.8656632487 10.8713883688 1.35353320469 1.35820790608 1.35892354611
42206048 16 124179.762 124193.109 124326.708 10.8632614643 10.8749474659 10.8761163192 1.35790768304 1.35936843324 1.3595145399
46426640 16 136557.57 136702.948 160800.089 9.23912722461 10.8677428083 10.8793125127 1.15489090308 1.35846785104 1.35991406408
51069296 16 150258.535 150355.061 150398.347 10.8659270836 10.8690552957 10.8760375708 1.35824088545 1.35863191196 1.35950469636
56176224 16 165326.334 165420.5 165578.398 10.8567252112 10.8670882267 10.8732778651 1.3570906514 1.35838602833 1.35915973314
61793840 16 181769.748 182441.131 182697.278 10.8233844622 10.8385804734 10.8786137504 1.35292305778 1.35482255917 1.3598267188
67973216 8 99991.21 100047.478 100122.036 10.8624584502 10.8705534386 10.8766706193 1.35780730628 1.35881917983 1.35958382742
74770528 8 110069.786 110132.574 110422.995 10.8340518023 10.8626213349 10.868817788 1.35425647529 1.35782766686 1.3586022235
82247568 8 121024.371 121058.187 121074.224 10.8690441658 10.870484026 10.8735214001 1.35863052073 1.35881050325 1.35919017501
90472320 8 133147.611 133224.654 133267.211 10.8620650882 10.8655348431 10.8718219511 1.35775813602 1.35819185539 1.35897774388
99519552 8 146473.147 146582.134 146695.721 10.8545281426 10.8629393539 10.8710221949 1.35681601783 1.35786741923 1.35887777437
109471504 8 161090.336 161431.551 161508.886 10.8448773772 10.8500726974 10.8730548802 1.35560967215 1.35625908717 1.35913186003
120418640 8 177054.402 177239.066 177325.885 10.8652960621 10.870618332 10.8819561572 1.35816200776 1.3588272915 1.36024451965
132460496 8 194969.174 195350.755 195683.892 10.8305692121 10.8490388788 10.8702719128 1.35382115151 1.35612985985 1.3587839891
145706544 4 107132.557 107253.479 107429.526 10.8503909065 10.8682008534 10.8804679422 1.35629886331 1.35852510668 1.36005849277
160277184 4 117837.038 117982.702 118313.491 10.8374578517 10.8678429148 10.8812771753 1.35468223146 1.35848036435 1.36015964692
176304896 4 129849.555 129979.27 130633.615 10.7969083455 10.8512624205 10.8621024385 1.34961354319 1.35640780257 1.35776280481
193935376 4 143680.916 143903.81 146335.888 10.6022044845 10.7813893739 10.7981146779 1.32527556057 1.34767367174 1.34976433474
213328912 4 156901.701 157049.762 162276.014 10.5168425939 10.8668187348 10.8770732575 1.31460532423 1.35835234185 1.35963415718
234661792 4 172627.515 172929.468 177047.777 10.6033205715 10.8558382658 10.8748268548 1.32541507144 1.35697978323 1.35935335685
258127968 4 190201.884 190255.498 193336.174 10.6810003595 10.8539504283 10.8570099337 1.33512504494 1.35674380354 1.35712624171
283940752 2 104846.088 105652.685 107557.329 10.5596059196 10.7499682379 10.8326693887 1.31995073994 1.34374602974 1.35408367358
312334816 2 114860.332 114987.624 117196.577 10.6602026781 10.8649889487 10.877029887 1.33252533476 1.35812361859 1.35962873588
343568288 2 126692.247 126933.857 144039.291 9.54096026479 10.8266870989 10.8473342651 1.1926200331 1.35333588737 1.35591678313
377925104 2 138962.576 140553.881 143040.679 10.5683252245 10.7553089623 10.8784714526 1.32104065306 1.34441362028 1.35980893158
415717600 2 152991.267 153020.048 155314.839 10.7064489826 10.8670100535 10.8690543755 1.33830612283 1.35837625669 1.35863179694
457289360 2 168092.985 168229.036 174093.275 10.5067667892 10.8730186149 10.8818190123 1.31334584865 1.35912732687 1.36022737653
503018288 2 185184.377 185535.534 190270.272 10.5748161857 10.8446781521 10.8652424389 1.32185202321 1.35558476901 1.35815530486
553320112 1 101915.534 102126.95 105248.169 10.5145793463 10.8359274805 10.8584057853 1.31432241828 1.35449093506 1.35730072317
608652112 1 111928.31 111954.819 111973.349 10.8713746161 10.8731739721 10.8757491648 1.35892182701 1.35914674651 1.3594686456
669517312 1 123164.929 123228.816 126954.204 10.5473830863 10.8662459599 10.8718824009 1.31842288578 1.35828074498 1.35898530011
736469040 1 135473.174 135647.818 139512.119 10.5577787117 10.8585460623 10.8725442574 1.31972233896 1.35731825778 1.35906803217
810115936 1 148943.355 149026.227 151336.689 10.7061406108 10.8721256964 10.8781749411 1.33826757634 1.35901571205 1.35977186763
891127520 1 163831.378 163907.655 169401.401 10.5208990568 10.8735314406 10.8785939651 1.3151123821 1.35919143008 1.35982424563
980240272 1 180168.045 180493.728 182309.73 10.7535705527 10.8617654792 10.8813998842 1.34419631909 1.3577206849 1.36017498553

META_DATA
ERT_VERSION  1.1.0
HOSTNAME  ('atajo-Inspiron-15-7568', [], ['127.0.1.1'])
FLOPS          2
OPENMP_THREADS 2
TIMESTAMP_DATA  1535269157.52
UNAME  ('Linux', 'atajo-Inspiron-15-7568', '4.15.0-33-generic', '#36-Ubuntu SMP Wed Aug 15 16:00:05 UTC 2018', 'x86_64', 'x86_64')
CONFIG  {'ERT_WORKING_SET_MIN': ['1'], 'ERT_CFLAGS': [], 'ERT_CC': ['gcc'], 'ERT_MPI_CFLAGS': ['-I/usr/include/mpi'], 'ERT_MPI_LDFLAGS': ['-mpicc'], 'ERT_MEMORY_MAX': ['1073741824'], 'ERT_PROCS_THREADS': ['1-4'], 'ERT_LDFLAGS': [], 'ERT_LDLIBS': [], 'ERT_RUN': ['export', 'OMP_NUM_THREADS=ERT_OPENMP_THREADS;', 'mpirun', '-np', 'ERT_MPI_PROCS', 'ERT_CODE'], 'ERT_FLOPS': ['1,2,4,8,16'], 'ERT_OPENMP_CFLAGS': ['-fopenmp'], 'ERT_MPI': ['False'], 'ERT_TRIALS_MIN': ['1'], 'ERT_DRIVER': ['driver1'], 'ERT_RESULTS': ['Results/myLaptop'], 'ERT_OPENMP': ['True'], 'ERT_MPI_PROCS': ['1,2,4,8'], 'ERT_KERNEL': ['kernel1'], 'ERT_GPU': [False], 'ERT_OPENMP_THREADS': ['1,2,4,8'], 'ERT_LD': ['gcc'], 'ERT_NUM_EXPERIMENTS': ['3'], 'ERT_OPENMP_LDFLAGS': ['-fopenmp'], 'ERT_ALIGN': ['64'], 'ERT_GNUPLOT': ['gnuplot']}
TIMESTAMP_DATA  1535269208.16
TIMESTAMP_DATA  1535269259.18
