32 33554432 1398857.421 1400190.101 1403497.779 1.5300940836 1.53370863461 1.53516978626 1.5300940836 1.53370863461 1.53516978626
64 16777216 985654.663 995324.785 1022394.398 2.10044543691 2.15757075516 2.17873838436 2.10044543691 2.15757075516 2.17873838436
96 8388608 726981.58 735842.243 754354.523 2.13508726586 2.1888016777 2.21547942934 2.13508726586 2.1888016777 2.21547942934
128 8388608 964741.475 970044.73 1033558.469 2.07775729425 2.21379858226 2.22596799624 2.07775729425 2.21379858226 2.22596799624
160 4194304 609357.763 613301.599 620887.683 2.16170704742 2.18844575359 2.20260963509 2.16170704742 2.18844575359 2.20260963509
192 4194304 715804.865 725264.675 735804.556 2.18891378542 2.22072409083 2.25007235177 2.18891378542 2.22072409083 2.25007235177
224 4194304 829666.478 842624.495 847525.154 2.2171002042 2.22999474042 2.26482356685 2.2171002042 2.22999474042 2.26482356685
256 4194304 957460.268 974424.782 992848.853 2.1629512302 2.20384752899 2.24289583576 2.1629512302 2.20384752899 2.24289583576
288 2097152 536223.768 561759.171 564868.235 2.13848022805 2.15031567682 2.25271542234 2.13848022805 2.15031567682 2.25271542234
320 2097152 593704.208 602945.974 603224.626 2.22500412309 2.22603241066 2.26068345468 2.22500412309 2.22603241066 2.26068345468
352 2097152 656038.841 661233.482 669520.738 2.20515202025 2.23278924645 2.25046889869 2.20515202025 2.23278924645 2.25046889869
384 2097152 709673.983 734277.143 734669.335 2.19229612462 2.19346707351 2.26951075364 2.19229612462 2.19346707351 2.26951075364
416 2097152 768698.737 793025.371 794447.063 2.19628285541 2.20022022978 2.26984952624 2.19628285541 2.20022022978 2.26984952624
448 2097152 828807.707 834330.904 835661.71 2.24857519438 2.25216180174 2.26717026897 2.24857519438 2.25216180174 2.26717026897
480 2097152 882140.294 892161.768 893951.617 2.25209718481 2.25661532719 2.28225139889 2.25209718481 2.25661532719 2.28225139889
512 2097152 950697.642 979209.417 1000223.493 2.14700380768 2.1930790398 2.25885029386 2.14700380768 2.1930790398 2.25885029386
544 1048576 505701.144 509521.372 512133.782 2.22764193283 2.23906346366 2.25597806439 2.22764193283 2.23906346366 2.25597806439
576 1048576 541004.095 541158.825 543462.35 2.22271064776 2.23217195432 2.23281036717 2.22271064776 2.23217195432 2.23281036717
608 1048576 573112.648 577916.718 580898.422 2.19499376777 2.20631862046 2.22481290624 2.19499376777 2.20631862046 2.22481290624
640 1048576 602105.954 606416.066 607810.335 2.20821727225 2.21329439514 2.22913802975 2.20821727225 2.21329439514 2.22913802975
704 1048576 654085.561 656637.306 687819.215 2.14648700676 2.24841780159 2.2571894199 2.14648700676 2.24841780159 2.2571894199
768 1048576 707043.223 715044.975 719447.367 2.23868042316 2.25246354049 2.27795512864 2.23868042316 2.25246354049 2.27795512864
832 1048576 765637.967 768679.309 776861.834 2.2459984358 2.26990689559 2.27892364173 2.2459984358 2.26990689559 2.27892364173
896 1048576 821815.551 826890.478 830831.7 2.26164720484 2.27242693197 2.28645976547 2.26164720484 2.27242693197 2.28645976547
960 1048576 881158.991 891174.455 902111.598 2.23172601313 2.25911538275 2.28479302891 2.23172601313 2.25911538275 2.28479302891
1056 524288 495719.611 499683.486 500320.815 2.21317247415 2.21599529907 2.23371484894 2.21317247415 2.21599529907 2.23371484894
1152 524288 533363.07 540327.778 541000.735 2.23282423452 2.2356051293 2.26479788336 2.23282423452 2.2356051293 2.26479788336
1248 524288 578181.626 578561.442 591951.692 2.21069196302 2.26185630946 2.26334215609 2.21069196302 2.26185630946 2.26334215609
1344 524288 630406.202 634326.784 636466.322 2.21423521605 2.22170367001 2.23552074762 2.21423521605 2.22170367001 2.23552074762
1472 524288 676466.775 682217.881 686463.774 2.24848554354 2.26247935592 2.28171423792 2.24848554354 2.26247935592 2.28171423792
1600 524288 738601.495 739731.579 746551.56 2.24729501603 2.26801403053 2.27148416481 2.24729501603 2.26801403053 2.27148416481
1760 524288 807764.892 818164.875 833666.289 2.21370803204 2.2556501952 2.28469171943 2.21370803204 2.2556501952 2.28469171943
1920 524288 878332.68 885050.388 891323.099 2.25873863502 2.27474723168 2.2921450674 2.25873863502 2.27474723168 2.2921450674
2112 262144 489056.921 492291.345 496131.305 2.23186129325 2.24927020807 2.2641459684 2.23186129325 2.24927020807 2.2641459684
2304 262144 531155.841 532724.212 539553.932 2.23881150773 2.26751389329 2.27420929746 2.23881150773 2.26751389329 2.27420929746
2528 262144 586351.369 586755.971 592925.448 2.23535702249 2.25886080331 2.2604194926 2.23535702249 2.25886080331 2.2604194926
2752 262144 636103.263 639994.33 644355.716 2.2391988465 2.25445837309 2.26824897768 2.2391988465 2.25445837309 2.26824897768
3008 262144 695320.929 698222.644 706842.123 2.23113231751 2.2586753918 2.26810130146 2.23113231751 2.2586753918 2.26810130146
3296 262144 759461.011 760421.798 788953.822 2.19030974921 2.27249304602 2.27536795566 2.19030974921 2.27249304602 2.27536795566
3616 262144 831218.005 832333.706 841833.983 2.25201814881 2.27772273829 2.28078000789 2.25201814881 2.27772273829 2.28078000789
3968 262144 910000.491 911868.846 922840.173 2.254317535 2.28144079395 2.28612490276 2.254317535 2.28144079395 2.28612490276
4352 131072 504267.095 504980.768 511101.359 2.23214176192 2.25919631062 2.26239367849 2.23214176192 2.25919631062 2.26239367849
4768 131072 551123.151 552164.58 559841.026 2.23260271033 2.26364138026 2.26791886665 2.23260271033 2.26364138026 2.26791886665
5216 131072 601775.008 609819.01 659299.042 2.07393461373 2.24221134727 2.27218326754 2.07393461373 2.24221134727 2.27218326754
5728 131072 659884.008 660691.274 668155.077 2.24732383797 2.27271176583 2.27549207709 2.24732383797 2.27271176583 2.27549207709
6272 131072 720876.215 723426.9 730994.629 2.24921921827 2.27274817677 2.28078986903 2.24921921827 2.27274817677 2.28078986903
6880 131072 792562.322 798814.171 831420.794 2.16923937074 2.25778508379 2.27559482698 2.16923937074 2.25778508379 2.27559482698
7552 131072 865592.855 866103.243 876575.216 2.25846162641 2.28576847391 2.28711625398 2.25846162641 2.28576847391 2.28711625398
8288 65536 479973.379 485622.711 491824.437 2.20876527125 2.23697267733 2.26330205701 2.20876527125 2.23697267733 2.26330205701
9088 65536 524799.064 525420.76 532526.859 2.23684930791 2.26710177192 2.26978746288 2.23684930791 2.26710177192 2.26978746288
9984 65536 576336.075 581442.336 595973.081 2.19577509408 2.25064940576 2.27058986027 2.19577509408 2.25064940576 2.27058986027
10976 65536 632191.811 636940.827 642489.477 2.23917484021 2.25868120085 2.27564838229 2.23917484021 2.25868120085 2.27564838229
12064 65536 692150.417 692220.903 702368.301 2.25131545052 2.28431791231 2.28455053867 2.25131545052 2.28431791231 2.28455053867
13248 65536 758836.874 759701.473 767505.03 2.26245013143 2.28568973171 2.28829398715 2.26245013143 2.28568973171 2.28829398715
14560 65536 833982.65 836587.033 847043.101 2.25302386354 2.28118324182 2.28830698097 2.25302386354 2.28118324182 2.28830698097
16000 65536 915114.828 916544.197 928400.517 2.25888715226 2.28810788052 2.29168180411 2.25888715226 2.28810788052 2.29168180411
17600 32768 508945.582 509384.776 516171.831 2.23459230188 2.26436606343 2.2663200955 2.23459230188 2.26436606343 2.2663200955
19360 32768 559801.743 560990.253 564974.058 2.24572605066 2.26167380487 2.266475544 2.24572605066 2.26167380487 2.266475544
21280 32768 611779.054 612454.456 622195.404 2.24142780714 2.2770772036 2.27959108911 2.24142780714 2.2770772036 2.27959108911
23392 32768 672363.203 681313.057 710014.264 2.15913706207 2.25009354547 2.28004463237 2.15913706207 2.25009354547 2.28004463237
25728 32768 737498.557 738503.09 747347.063 2.25612742925 2.28314577262 2.2862556028 2.25612742925 2.28314577262 2.2862556028
28288 32768 809475.415 811900.746 821286.181 2.257291564 2.28338547185 2.29022689713 2.257291564 2.28338547185 2.29022689713
31104 32768 889363.571 899451.554 922050.729 2.2107587792 2.26630521114 2.29201173791 2.2107587792 2.26630521114 2.29201173791
34208 16384 494140.545 498438.244 503268.291 2.22729658126 2.24887989133 2.26843912191 2.22729658126 2.24887989133 2.26843912191
37600 16384 552048.812 555459.069 589729.826 2.08922246371 2.21812347437 2.23182583355 2.08922246371 2.21812347437 2.23182583355
41344 16384 595150.88 595375.21 601394.377 2.25269846845 2.27547296099 2.27633065417 2.25269846845 2.27547296099 2.27633065417
45472 16384 653617.846 657166.53 661446.04 2.25268034865 2.26734994553 2.2796600569 2.25268034865 2.26734994553 2.2796600569
50016 16384 716984.871 726053.461 735699.601 2.22770854541 2.25730524822 2.28585616558 2.22770854541 2.25730524822 2.28585616558
55008 16384 786922.784 802722.445 824020.065 2.18744933596 2.24548616427 2.2905705371 2.18744933596 2.24548616427 2.2905705371
60480 16384 863327.791 864153.201 878522.871 2.25584182885 2.29335335182 2.29554597994 2.25584182885 2.29335335182 2.29554597994
66528 8192 480356.56 482253.584 491758.241 2.21652564436 2.2602107857 2.26913680954 2.21652564436 2.2602107857 2.26913680954
73152 8192 528586.558 529138.625 533302.367 2.24735992593 2.26504418951 2.26740984965 2.24735992593 2.26504418951 2.26740984965
80448 8192 581478.639 581728.886 587973.839 2.2416984304 2.265763423 2.26673852416 2.2416984304 2.265763423 2.26673852416
88480 8192 636957.606 661253.653 675718.092 2.14535667635 2.19228478122 2.27590707191 2.14535667635 2.19228478122 2.27590707191
97312 8192 699835.437 704450.078 710850.588 2.24289018665 2.26326869397 2.27819244883 2.24289018665 2.26326869397 2.27819244883
107040 8192 770618.72 780200.372 780590.785 2.24668724471 2.24781148912 2.27576013207 2.24668724471 2.24781148912 2.27576013207
117728 8192 845063.551 846479.608 855647.05 2.25426541469 2.27867928981 2.28249762958 2.25426541469 2.27867928981 2.28249762958
129472 8192 927701.231 940292.382 996870.018 2.12792962944 2.25596770601 2.28658664785 2.12792962944 2.25596770601 2.28658664785
142400 4096 515922.372 520986.581 522708.038 2.23172539007 2.23909951339 2.2610781453 2.23172539007 2.23909951339 2.2610781453
156640 4096 564954.639 565141.542 573483.973 2.23754270462 2.27057256393 2.27132373366 2.23754270462 2.27057256393 2.27132373366
172288 4096 621261.118 621263.862 630310.702 2.23918662895 2.27179364893 2.27180368304 2.23918662895 2.27179364893 2.27180368304
189504 4096 681483.086 691507.558 705431.227 2.20066352124 2.24497440417 2.27799750264 2.20066352124 2.24497440417 2.27799750264
208448 4096 748483.446 749883.409 759262.384 2.24903281393 2.2771620168 2.2814212193 2.24903281393 2.2771620168 2.2814212193
229280 4096 823460.113 825179.123 833103.719 2.25453532035 2.27618671831 2.2809383604 2.25453532035 2.27618671831 2.2809383604
252192 4096 903904.899 906374.031 914533.913 2.25902706792 2.27936458166 2.28559095795 2.25902706792 2.27936458166 2.28559095795
277408 2048 501774.28 511425.294 538559.408 2.10981955031 2.22175786245 2.26449065504 2.10981955031 2.22175786245 2.26449065504
305120 2048 551664.931 552512.492 559242.556 2.23475754231 2.26197875722 2.26545399167 2.23475754231 2.26197875722 2.26545399167
335616 2048 605430.484 608008.212 614432.303 2.23732236943 2.26096146215 2.27058790783 2.23732236943 2.26096146215 2.27058790783
369152 2048 665783.954 675626.856 688927.212 2.19478424667 2.23799065797 2.27107695059 2.19478424667 2.23799065797 2.27107695059
406048 2048 730324.805 731845.127 738836.412 2.25107017059 2.27257454705 2.27730538058 2.25107017059 2.27257454705 2.27730538058
446624 2048 802158.999 818312.229 832010.668 2.19873611524 2.2355426684 2.28056022095 2.19873611524 2.2355426684 2.28056022095
491264 2048 881337.71 887640.577 892465.692 2.25467192973 2.26692807442 2.28313996005 2.25467192973 2.26692807442 2.28313996005
540384 1024 495243.468 496164.14 498354.48 2.22072134678 2.23052482592 2.23467143639 2.22072134678 2.23052482592 2.23467143639
594400 1024 537798.645 539810.963 550781.653 2.21018836297 2.25510647882 2.26354456509 2.21018836297 2.25510647882 2.26354456509
653824 1024 592729.49 598081.17 621343.043 2.15506002213 2.23887930128 2.25909386084 2.15506002213 2.23887930128 2.25909386084
719200 1024 651269.058 651520.364 656426.239 2.24384936569 2.26074529882 2.26161765542 2.24384936569 2.26074529882 2.26161765542
791104 1024 712447.349 713399.85 720789.331 2.24778714434 2.27106999252 2.27410628206 2.24778714434 2.27106999252 2.27410628206
870208 1024 782273.738 782758.759 791453.809 2.25178774015 2.27680107506 2.27821272456 2.25178774015 2.27680107506 2.27821272456
957216 1024 859715.014 861154.447 879917.258 2.22791217035 2.27645386357 2.28026536245 2.22791217035 2.27645386357 2.28026536245
1052928 512 478563.36 479229.326 483167.09 2.23152258156 2.24985870752 2.25298959787 2.23152258156 2.24985870752 2.25298959787
1158208 512 524355.591 524541.523 531160.417 2.23285650444 2.26103166288 2.26183340534 2.23285650444 2.26103166288 2.26183340534
1274016 512 575325.332 576882.739 581512.361 2.2434473822 2.26145158418 2.26757333884 2.2434473822 2.26145158418 2.26757333884
1401408 512 632798.431 638032.085 642740.139 2.23269359563 2.24916869502 2.26777078087 2.23269359563 2.24916869502 2.26777078087
1541536 512 695095.199 706028.673 725121.045 2.17692325286 2.23579144073 2.27095923878 2.17692325286 2.23579144073 2.27095923878
1695680 512 762793.744 766089.883 771053.168 2.25195407018 2.26654385932 2.27633791396 2.25195407018 2.26654385932 2.27633791396
1865248 512 836999.537 839483.011 846321.147 2.25684299485 2.27522645125 2.2819773101 2.25684299485 2.27522645125 2.2819773101
2051744 512 924152.487 924981.248 931014.47 2.25666294531 2.27138210698 2.27341903588 2.25666294531 2.27138210698 2.27341903588
2256896 256 511383.912 516944.559 540584.977 2.13755616816 2.23530885833 2.25961498765 2.13755616816 2.23530885833 2.25961498765
2482560 256 561478.367 561554.243 568777.563 2.23474131662 2.26348698428 2.2637928631 2.23474131662 2.26348698428 2.2637928631
2730816 256 615958.928 616280.543 623804.002 2.24137355246 2.26873589939 2.26992049054 2.24137355246 2.26873589939 2.26992049054
3003872 256 676289.988 677716.082 686165.889 2.24141492408 2.2693610272 2.27414643317 2.24141492408 2.2693610272 2.27414643317
3304256 256 744029.113 746203.008 752885.858 2.24705917109 2.26718339897 2.2738076272 2.24705917109 2.26718339897 2.2738076272
3634656 256 820404.051 827986.177 831022.37 2.23934269303 2.24755427529 2.26832603975 2.23934269303 2.24755427529 2.26832603975
3998112 256 898208.161 899094.658 908415.104 2.25341183231 2.27677177902 2.27901886543 2.25341183231 2.27677177902 2.27901886543
4397920 128 499314.79 499947.983 509055.828 2.21167789086 2.25196932138 2.25482509741 2.21167789086 2.25196932138 2.25482509741
4837696 128 548551.515 550561.407 561839.339 2.20427814507 2.24943150801 2.25767342198 2.20427814507 2.24943150801 2.25767342198
5321440 128 602620.751 608463.937 618658.279 2.20200502643 2.23889791516 2.26060692026 2.20200502643 2.23889791516 2.26060692026
5853568 128 661963.228 665049.477 668895.691 2.2402796552 2.25323597691 2.26374116358 2.2402796552 2.25323597691 2.26374116358
6438912 128 727799.917 729643.405 734435.321 2.24439297085 2.25913296921 2.26485526241 2.24439297085 2.25913296921 2.26485526241
7082784 128 797849.71 816030.7 819108.988 2.2136159297 2.22196628632 2.27259931447 2.2136159297 2.22196628632 2.27259931447
7791040 128 876873.931 889265.489 891766.526 2.23657894959 2.24286927208 2.27456441512 2.23657894959 2.24286927208 2.27456441512
8570144 64 487282.697 489650.774 492812.759 2.22595379678 2.24032818949 2.251215647 2.22595379678 2.24032818949 2.251215647
9427136 64 534614.339 534794.53 540807.006 2.23124588737 2.2563308716 2.2570913647 2.23124588737 2.2563308716 2.2570913647
10369824 64 587187.045 587532.455 593082.183 2.2380329574 2.2591730222 2.26050197003 2.2380329574 2.2591730222 2.26050197003
11406784 64 645798.651 646595.171 651405.179 2.24141348437 2.25808731256 2.26087240929 2.24141348437 2.25808731256 2.26087240929
12547456 64 706904.006 707022.498 716165.485 2.24260230581 2.27160291581 2.2719836843 2.24260230581 2.27160291581 2.2719836843
13802176 64 776937.329 777945.541 787279.311 2.24403017241 2.270953987 2.27390094678 2.24403017241 2.270953987 2.27390094678
15182368 64 853815.865 854656.92 862259.994 2.25377857899 2.27382831464 2.27606815903 2.25377857899 2.27382831464 2.27606815903
16700576 64 938278.207 946307.292 963289.923 2.21913847219 2.25896360101 2.27829412647 2.21913847219 2.25896360101 2.27829412647
18370624 32 521686.113 521885.073 529081.121 2.22219219196 2.25283304089 2.25369222355 2.22219219196 2.25283304089 2.25369222355
20207680 32 572248.236 573972.86 577328.146 2.24013246013 2.25322765261 2.26001836028 2.24013246013 2.25322765261 2.26001836028
22228448 32 626997.244 629033.734 634260.531 2.2429594819 2.26159678743 2.26894246444 2.2429594819 2.26159678743 2.26894246444
24451264 32 689982.174 691446.716 697088.145 2.24488238284 2.26319810303 2.26800192087 2.24488238284 2.26319810303 2.26800192087
26896384 32 757164.436 764959.385 772430.088 2.22851051861 2.25027447176 2.27344087249 2.22851051861 2.25027447176 2.27344087249
29586016 32 831156.155 832355.931 840633.36 2.25247428201 2.27487418961 2.27815797622 2.25247428201 2.27487418961 2.27815797622
32544608 32 912959.691 923845.946 924689.66 2.25249075674 2.25454787242 2.28143140659 2.25249075674 2.25454787242 2.28143140659
35799040 16 506757.398 507659.88 511703.118 2.23873812706 2.25656847258 2.26058718535 2.23873812706 2.25656847258 2.26058718535
39378944 16 557702.467 559782.892 563456.083 2.23642311445 2.25109810609 2.2594954883 2.23642311445 2.25109810609 2.2594954883
43316832 16 612077.006 613685.847 619901.791 2.23606165384 2.25871043104 2.26464743882 2.23606165384 2.25871043104 2.26464743882
47648512 16 672045.271 675230.523 678351.006 2.24773365192 2.25812123721 2.26882391677 2.24773365192 2.25812123721 2.26882391677
52413344 16 738152.139 741969.784 745825.515 2.24881956204 2.26050581057 2.27219690818 2.24881956204 2.26050581057 2.27219690818
57654656 16 810387.434 811585.783 845617.457 2.18177732345 2.27326430631 2.27662586387 2.18177732345 2.27326430631 2.27662586387
63420096 16 889459.714 892413.952 900421.141 2.25388207761 2.27410504671 2.28165822471 2.25388207761 2.27410504671 2.28165822471
69762080 8 494466.506 495620.807 499984.062 2.23245772182 2.25211142114 2.2573688338 2.23245772182 2.25211142114 2.2573688338
76738272 8 546284.473 548062.215 549763.319 2.2333471688 2.24027914787 2.24756955887 2.2333471688 2.24027914787 2.24756955887
84412096 8 596107.391 596301.887 603513.166 2.23788578624 2.26494929069 2.26568829105 2.23788578624 2.26494929069 2.26568829105
92853280 8 655298.795 655945.646 661911.816 2.24448702091 2.26490180865 2.26713751244 2.24448702091 2.26490180865 2.26713751244
102138592 8 719979.969 725190.753 726796.388 2.24852173041 2.25350015184 2.26980963688 2.24852173041 2.25350015184 2.26980963688
112352448 8 789498.106 795880.647 798878.041 2.25020475685 2.25867933185 2.27693917736 2.25020475685 2.25867933185 2.27693917736
123587680 8 867049.324 869119.683 877635.41 2.25310289155 2.27517903308 2.28061175445 2.25310289155 2.27517903308 2.28061175445
135946432 4 482745.786 483214.243 489316.564 2.2226336405 2.2507023991 2.25288648299 2.2226336405 2.2507023991 2.25288648299
149541056 4 529842.424 530555.404 566178.881 2.11298670464 2.2548605461 2.25789478873 2.11298670464 2.2548605461 2.25789478873
164495136 4 580728.182 589076.097 591986.541 2.22295778174 2.23394073313 2.26605342876 2.22295778174 2.23394073313 2.26605342876
180944640 4 637765.142 638438.065 647290.832 2.236331875 2.26734150007 2.26973383252 2.236331875 2.26734150007 2.26973383252
199039104 4 702883.054 704526.08 709718.206 2.2435845925 2.26011907466 2.26540222152 2.2435845925 2.26011907466 2.26540222152
218943008 4 770299.029 778090.183 836762.706 2.09323868217 2.25108104725 2.27384950267 2.09323868217 2.25108104725 2.27384950267
240837280 4 846817.131 855403.228 878650.94 2.19279141726 2.25238598235 2.27522350395 2.19279141726 2.25238598235 2.27522350395
264920992 4 929780.343 930204.564 939988.832 2.25467352787 2.27838909636 2.27942863275 2.25467352787 2.27838909636 2.27942863275
291413088 2 516374.915 518156.085 523078.488 2.2284463589 2.24961625607 2.257376023 2.2284463589 2.24961625607 2.257376023
320554368 2 566261.648 568049.723 574749.433 2.23091559274 2.25722752795 2.26435513782 2.23091559274 2.25722752795 2.26435513782
352609792 2 621438.237 624947.219 629874.386 2.23923880594 2.25689326253 2.2696369229 2.23923880594 2.25689326253 2.2696369229
387870752 2 682799.449 685038.256 690157.723 2.24801223879 2.26481221218 2.27223822496 2.24801223879 2.26481221218 2.27223822496
426657824 2 749402.252 751481.993 758909.459 2.24879434004 2.27102087861 2.27732341536 2.24879434004 2.27102087861 2.27732341536
469323584 2 825875.364 826463.398 834437.29 2.24977282115 2.27147910064 2.2730964233 2.24977282115 2.27147910064 2.2730964233
516255936 2 904374.695 905297.071 914312.243 2.25855418629 2.28104542713 2.28337187608 2.25855418629 2.28104542713 2.28337187608
567881504 1 503831.008 503940.457 508027.046 2.2356349272 2.25376429343 2.25425388665 2.2356349272 2.25376429343 2.25425388665
624669632 1 554287.902 559369.264 560029.817 2.23084419093 2.23347857025 2.25395369354 2.23084419093 2.23347857025 2.25395369354
687136576 1 605807.145 608807.701 612646.506 2.24317471583 2.25731893625 2.26849941164 2.24317471583 2.25731893625 2.26849941164
755850208 1 666571.643 666695.57 671872.002 2.24998275192 2.2674523186 2.26787387654 2.24998275192 2.2674523186 2.26787387654
831435200 1 730228.63 741635.99 758631.071 2.19193553173 2.24216518942 2.27719145989 2.19193553173 2.24216518942 2.27719145989
914578720 1 804975.415 812071.164 835476.402 2.18935859304 2.25245953937 2.27231466442 2.18935859304 2.25245953937 2.27231466442
1006036576 1 883454.885 884184.671 891329.322 2.25738467516 2.27562546377 2.27750526503 2.25738467516 2.27562546377 2.27750526503

META_DATA
ERT_VERSION  1.1.0
UNAME  ('Linux', 'atajo-Inspiron-15-7568', '4.15.0-33-generic', '#36-Ubuntu SMP Wed Aug 15 16:00:05 UTC 2018', 'x86_64', 'x86_64')
TIMESTAMP_DATA  1535275713.01
HOSTNAME  ('atajo-Inspiron-15-7568', [], ['127.0.1.1'])
OPENMP_THREADS 4
CONFIG  {'ERT_WORKING_SET_MIN': ['1'], 'ERT_CFLAGS': [], 'ERT_CC': ['gcc'], 'ERT_MPI_CFLAGS': ['-I/usr/include/mpi'], 'ERT_MPI_LDFLAGS': ['-mpicc'], 'ERT_MEMORY_MAX': ['1073741824'], 'ERT_PROCS_THREADS': ['1-4'], 'ERT_LDFLAGS': [], 'ERT_LDLIBS': [], 'ERT_RUN': ['export', 'OMP_NUM_THREADS=ERT_OPENMP_THREADS;', 'mpirun', '-np', 'ERT_MPI_PROCS', 'ERT_CODE'], 'ERT_FLOPS': ['1,2,4,8,16'], 'ERT_OPENMP_CFLAGS': ['-fopenmp'], 'ERT_MPI': ['False'], 'ERT_TRIALS_MIN': ['1'], 'ERT_DRIVER': ['driver1'], 'ERT_RESULTS': ['Results/myLaptop'], 'ERT_OPENMP': ['True'], 'ERT_MPI_PROCS': ['1,2,4,8'], 'ERT_KERNEL': ['kernel1'], 'ERT_GPU': [False], 'ERT_OPENMP_THREADS': ['1,2,4,8'], 'ERT_LD': ['gcc'], 'ERT_NUM_EXPERIMENTS': ['3'], 'ERT_OPENMP_LDFLAGS': ['-fopenmp'], 'ERT_ALIGN': ['64'], 'ERT_GNUPLOT': ['gnuplot']}
FLOPS          16
TIMESTAMP_DATA  1535275246.59
TIMESTAMP_DATA  1535275478.87
