32 33554432 432621.949 432865.55 434116.397 4.94679229543 4.96108698879 4.96388048032 1.23669807386 1.2402717472 1.24097012008
64 16777216 342321.09 342779.801 343217.912 6.25691018131 6.26490721371 6.27330220291 1.56422754533 1.56622680343 1.56832555073
96 8388608 251675.391 252394.782 266749.779 6.0379159152 6.38132343005 6.39956385724 1.5094789788 1.59533085751 1.59989096431
128 8388608 317529.611 317933.956 318506.241 6.74235971408 6.75449604383 6.76309727851 1.68558992852 1.68862401096 1.69077431963
160 4194304 200345.88 200465.973 202791.667 6.6185031163 6.69528728449 6.69930062949 1.65462577908 1.67382182112 1.67482515737
192 4194304 235469.944 235963.328 258704.004 6.22569697839 6.82569088024 6.83999286125 1.5564242446 1.70642272006 1.70999821531
224 4194304 272339.404 272473.825 278223.773 6.75372981877 6.89625211523 6.89965596018 1.68843245469 1.72406302881 1.72491399004
256 4194304 303060.6 304060.14 304103.626 7.0616837959 7.0626937421 7.08598758136 1.76542094898 1.76567343552 1.77149689534
288 2097152 174555.605 175073.263 175256.268 6.89253266537 6.89973746591 6.92019916519 1.72313316634 1.72493436648 1.7300497913
320 2097152 192626.013 192696.411 192873.142 6.95886045139 6.96524275172 6.96778830178 1.73971511285 1.74131068793 1.74194707545
352 2097152 211124.143 211193.885 211255.436 6.98867227256 6.99070907285 6.99301835887 1.74716806814 1.74767726821 1.74825458972
384 2097152 227121.19 227792.502 229667.711 7.01279569944 7.07052568394 7.09142434486 1.75319892486 1.76763142099 1.77285608622
416 2097152 243973.819 244163.031 245532.136 7.10632218016 7.14616974099 7.15171189741 1.77658054504 1.78654243525 1.78792797435
448 2097152 261137.768 261685.128 261852.208 7.17598757846 7.18056928325 7.19562017548 1.79399689461 1.79514232081 1.79890504387
480 2097152 278624.837 280998.299 281040.886 7.16360508485 7.16469077274 7.22572309661 1.79090127121 1.79117269318 1.80643077415
512 2097152 295571.102 296476.256 297075.14 7.22875582252 7.24335795714 7.26553994443 1.80718895563 1.81083948928 1.81638498611
544 1048576 161102.473 161114.219 161214.774 7.07658894836 7.08100560634 7.08152188328 1.76914723709 1.77025140158 1.77038047082
576 1048576 170396.558 170443.121 170450.184 7.08687737175 7.08717104517 7.08910770369 1.77171934294 1.77179276129 1.77227692592
608 1048576 187366.074 187387.828 187573.626 6.7976956206 6.80443564349 6.80522566748 1.69942390515 1.70110891087 1.70130641687
640 1048576 196730.129 196773.883 197299.611 6.80273657509 6.82091169589 6.82242870892 1.70068414377 1.70522792397 1.70560717723
704 1048576 206374.957 206615.076 207201.427 7.12540945966 7.1456305928 7.15394459416 1.78135236491 1.7864076482 1.78848614854
768 1048576 224133.766 224773.223 225891.289 7.130034731 7.16550091912 7.18594420084 1.78250868275 1.79137522978 1.79648605021
832 1048576 241042.556 242768.74 244292.479 7.14238306125 7.18721225805 7.23868221842 1.78559576531 1.79680306451 1.80967055461
896 1048576 259095.041 259402.595 261664.407 7.18113790692 7.24375248443 7.25235104751 1.79528447673 1.81093812111 1.81308776188
960 1048576 275638.762 276608.709 277539.567 7.25397802469 7.27838948845 7.30400145971 1.81349450617 1.81959737211 1.82600036493
1056 524288 161041.511 161058.343 161361.738 6.8621983732 6.87512509675 6.87584368232 1.7155495933 1.71878127419 1.71896092058
1152 524288 168539.883 168563.784 168626.616 7.16351653525 7.16618672965 7.16720298186 1.79087913381 1.79154668241 1.79180074547
1248 524288 182325.08 182450.008 182455.982 7.1722660647 7.17250090776 7.17741546034 1.79306651617 1.79312522694 1.79435386509
1344 524288 202143.711 202337.544 204583.677 6.88855613833 6.96502545272 6.97170412588 1.72213903458 1.74125636318 1.74292603147
1472 524288 213594.658 214627.305 214866.008 7.18356470792 7.19155408488 7.22632244857 1.79589117698 1.79788852122 1.80658061214
1600 524288 230652.776 231675.688 233090.856 7.19771521196 7.24168174263 7.27379756314 1.79942880299 1.81042043566 1.81844939078
1760 524288 252829.29 253167.443 256083.993 7.2065955329 7.28961725146 7.29936693648 1.80164888322 1.82240431286 1.82484173412
1920 524288 273327.945 275421.725 275923.6 7.29646148427 7.30975713699 7.36575222852 1.82411537107 1.82743928425 1.84143805713
2112 262144 153637.273 153686.398 154140.449 7.18368386224 7.20490733344 7.20721107826 1.79592096556 1.80122683336 1.80180276957
2304 262144 167486.615 167550.069 167699.268 7.20312954497 7.2095437454 7.21227515405 1.80078238624 1.80238593635 1.80306878851
2528 262144 186770.539 186840.778 186941.023 7.08993693696 7.09374087492 7.09640862577 1.77248423424 1.77343521873 1.77410215644
2752 262144 202976.605 203078.511 203566.649 7.08780432889 7.10484122074 7.10840826212 1.77195108222 1.77621030519 1.77710206553
3008 262144 218828.597 218909.652 219985.202 7.1689290446 7.20415152823 7.20681997518 1.79223226115 1.80103788206 1.80170499379
3296 262144 238958.35 239478.123 241190.669 7.16467703815 7.21591277881 7.23160855438 1.79116925954 1.8039781947 1.80790213859
3616 262144 260698.114 262953.378 263829.3 7.18580312346 7.20973969766 7.27211017721 1.79645078086 1.80243492441 1.8180275443
3968 262144 285055.21 288105.821 289047.544 7.19734461401 7.22087036207 7.29814685373 1.7993361535 1.80521759052 1.82453671343
4352 131072 158476.742 158584.453 158611.468 7.19273771554 7.19396300468 7.19885248524 1.79818442888 1.79849075117 1.79971312131
4768 131072 173538.307 173606.651 182620.572 6.84425953939 7.19962388999 7.20245929332 1.71106488485 1.7999059725 1.80061482333
5216 131072 189745.52 190195.799 190268.273 7.18639572663 7.18913409859 7.20619440185 1.79659893166 1.79728352465 1.80154860046
5728 131072 207447.503 208186.558 208193.844 7.21232099447 7.21257340736 7.2382690092 1.80308024862 1.80314335184 1.8095672523
6272 131072 227048.959 227648.584 227802.107 7.21752397137 7.22239136792 7.24146534405 1.80438099284 1.80559784198 1.81036633601
6880 131072 246966.349 249527.709 249658.748 7.22406378486 7.22785748816 7.30281970521 1.80601594621 1.80696437204 1.8257049263
7552 131072 269643.615 273835.165 282304.866 7.01267220807 7.22957363055 7.34195574407 1.75316805202 1.80739340764 1.83548893602
8288 65536 150292.915 150363.457 150421.405 7.22187600894 7.22465922023 7.22805021115 1.80546900223 1.80616480506 1.80701255279
9088 65536 164694.21 164715.967 164794.105 7.22830671643 7.23173568231 7.23269103389 1.80707667911 1.80793392058 1.80817275847
9984 65536 180810.647 180888.149 180939.926 7.23236091077 7.23443108481 7.23753202432 1.80809022769 1.8086077712 1.80938300608
10976 65536 198654.611 198801.135 198818.057 7.23599402241 7.23660995195 7.24194754281 1.8089985056 1.80915248799 1.8104868857
12064 65536 217075.235 217283.498 218333.846 7.24236135152 7.27737091199 7.28435285582 1.81059033788 1.819342728 1.82108821395
13248 65536 236821.21 236834.542 238612.702 7.27723981769 7.33187752655 7.33229027924 1.81930995442 1.83296938164 1.83307256981
14560 65536 259959.755 259995.035 265448.527 7.18937242398 7.34017216906 7.34116832815 1.797343106 1.83504304226 1.83529208204
16000 65536 283559.601 285742.122 288964.643 7.25746921225 7.33931695237 7.39580671084 1.81436730306 1.83482923809 1.84895167771
17600 32768 159528.96 159744.57 160228.28 7.19868927008 7.2204870563 7.23024584376 1.79967231752 1.80512176408 1.80756146094
19360 32768 175392.634 175469.812 176071.669 7.20602563266 7.23074211762 7.23392386022 1.80150640817 1.80768552941 1.80848096506
21280 32768 192708.347 193049.45 193363.307 7.21236154696 7.22408729991 7.23687428028 1.80309038674 1.80602182498 1.80921857007
23392 32768 212371.684 212447.702 213301.964 7.18707921508 7.21597879181 7.21856173632 1.79676980377 1.80399469795 1.80464043408
25728 32768 230280.993 230604.592 234188.066 7.19981268388 7.31169398396 7.32196863508 1.79995317097 1.82792349599 1.83049215877
28288 32768 252211.672 258132.602 258643.498 7.16771301941 7.18189935574 7.35050187527 1.79192825485 1.79547483894 1.83762546882
31104 32768 275593.171 278990.7 280069.372 7.27831011811 7.30645051609 7.39652487253 1.81957752953 1.82661262902 1.84913121813
34208 16384 154883.989 155384.711 156226.133 7.17503353936 7.21388698274 7.23720864395 1.79375838484 1.80347174569 1.80930216099
37600 16384 170153.345 170644.297 171079.639 7.20177343839 7.22014636094 7.2409790122 1.8004433596 1.80503659024 1.81024475305
41344 16384 187247.074 187586.281 187754.246 7.21560348627 7.22206434702 7.23514746084 1.80390087157 1.80551608675 1.80878686521
45472 16384 205654.175 206013.56 206267.673 7.2237519061 7.23266223835 7.24530146786 1.80593797652 1.80816555959 1.81132536697
50016 16384 224983.192 225518.119 226476.859 7.23660816931 7.26737299543 7.28465212637 1.80915204233 1.81684324886 1.82116303159
55008 16384 245930.52 246532.939 246673.266 7.30724562588 7.31140492346 7.32931457226 1.82681140647 1.82785123087 1.83232864307
60480 16384 269682.304 269914.496 274246.185 7.22638544635 7.34235718855 7.34867883656 1.80659636159 1.83558929714 1.83716970914
66528 8192 150824.863 150940.833 151950.155 7.17337045165 7.22133786025 7.22689038345 1.79334261291 1.80533446506 1.80672259586
73152 8192 166033.792 166213.081 166644.625 7.19208536129 7.2107583879 7.21854481285 1.79802134032 1.80268959698 1.80463620321
80448 8192 182703.447 182724.43 183562.022 7.18046150091 7.21337607675 7.21420451361 1.79511537523 1.80334401919 1.8035511284
88480 8192 200762.361 200854.262 201135.01 7.20737936175 7.21745361819 7.22075748053 1.80184484044 1.80436340455 1.80518937013
97312 8192 219935.27 220167.919 220720.896 7.22342033262 7.24156278191 7.24922295546 1.80585508315 1.81039069548 1.81230573887
107040 8192 240957.568 241831.186 242684.202 7.22644220574 7.25193218049 7.27822485327 1.80661055144 1.81298304512 1.81955621332
117728 8192 262582.617 262848.604 264102.391 7.30343843044 7.33827580838 7.34570922492 1.82585960761 1.8345689521 1.83642730623
129472 8192 287155.74 291228.818 292638.665 7.24876614647 7.28385762978 7.38717341328 1.81219153662 1.82096440744 1.84679335332
142400 4096 161495.541 161587.291 162103.384 7.19627666749 7.21926082665 7.22336228466 1.79906916687 1.80481520666 1.80584057116
156640 4096 177658.345 177709.015 177776.385 7.21802774874 7.22076412387 7.22282356058 1.80450693718 1.80519103097 1.80570589015
172288 4096 195461.319 195468.265 195502.171 7.2192717287 7.22052398634 7.22078057807 1.80481793218 1.80513099658 1.80519514452
189504 4096 214216.198 214723.154 214913.405 7.22345247845 7.2298526688 7.24696256629 1.80586311961 1.8074631672 1.81174064157
208448 4096 233649.396 234403.998 235212.526 7.25984302384 7.28488434741 7.30841185654 1.81496075596 1.82122108685 1.82710296414
229280 4096 255851.019 256118.116 256768.258 7.31500760503 7.33357635662 7.34123228174 1.82875190126 1.83339408916 1.83530807044
252192 4096 282889.156 283649.424 283846.718 7.27842435015 7.28348690036 7.30306135877 1.81960608754 1.82087172509 1.82576533969
277408 2048 157360.54 157374.211 157520.641 7.2134239728 7.22013575655 7.22076301975 1.8033559932 1.80503393914 1.80519075494
305120 2048 172987.497 173163.641 175095.026 7.13767574414 7.21728598904 7.22463496885 1.78441893604 1.80432149726 1.80615874221
335616 2048 190239.915 190309.538 190496.807 7.21630539456 7.22340640646 7.22604999061 1.80407634864 1.80585160162 1.80651249765
369152 2048 209066.979 209260.205 209350.443 7.2225621801 7.22567672148 7.23235490957 1.80564054503 1.80641918037 1.80808872739
406048 2048 228675.954 229674.411 231307.427 7.19031217273 7.24143626083 7.27305420141 1.79757804318 1.81035906521 1.81826355035
446624 2048 250097.39 250482.433 250805.398 7.29398935824 7.30339402285 7.31463812557 1.82349733956 1.82584850571 1.82865953139
491264 2048 274042.124 274224.632 274648.83 7.32650979798 7.33784317377 7.34273006875 1.8316274495 1.83446079344 1.83568251719
540384 1024 153290.244 153377.062 153552.447 7.20735132277 7.21559285051 7.21967949898 1.80183783069 1.80389821263 1.80491987474
594400 1024 168556.144 168766.215 168863.144 7.20898101956 7.2131214177 7.22211110857 1.80224525489 1.80328035442 1.80552777714
653824 1024 185471.773 185554.81 185560.528 7.21614433001 7.21636670049 7.21959751795 1.8040360825 1.80409167512 1.80489937949
719200 1024 203967.247 204042.451 204067.45 7.21781744222 7.21870175927 7.22136333977 1.80445436056 1.80467543982 1.80534083494
791104 1024 223008.393 224200.794 224521.765 7.21614223904 7.22647303381 7.26511217898 1.80403555976 1.80661825845 1.81627804475
870208 1024 244953.405 245058.749 245194.501 7.26845821065 7.27248462368 7.27561220878 1.81711455266 1.81812115592 1.81890305219
957216 1024 266509.423 266701.551 268104.559 7.31199191581 7.35045732074 7.35575630285 1.82799797895 1.83761433018 1.83893907571
1052928 512 149397.384 149477.424 150883.073 7.14591935704 7.21311782842 7.21698227326 1.78647983926 1.8032794571 1.80424556832
1158208 512 164347.395 164385.169 164418.926 7.21331187871 7.21479315448 7.21645141987 1.80332796968 1.80369828862 1.80411285497
1274016 512 180788.296 180860.966 181549.137 7.18589140966 7.21323352879 7.21613297356 1.79647285242 1.8033083822 1.80403324339
1401408 512 198706.973 198817.736 198876.65 7.21573795617 7.21787613556 7.22189951532 1.80393448904 1.80446903389 1.80547487883
1541536 512 217463.741 218472.919 220002.597 7.17506468344 7.22530220782 7.258832469 1.79376617086 1.80632555196 1.81470811725
1695680 512 238521.367 240429.444 241985.999 7.17552390293 7.22197868577 7.27975167105 1.79388097573 1.80549467144 1.81993791776
1865248 512 261538.025 263746.496 264761.846 7.21408307449 7.24185526999 7.30300671193 1.80352076862 1.8104638175 1.82575167798
2051744 512 284875.415 286178.225 290472.097 7.23300405684 7.34152941231 7.37510415211 1.80825101421 1.83538235308 1.84377603803
2256896 256 160296.814 160314.586 160338.256 7.20683123808 7.20789530654 7.20869444105 1.80170780952 1.80197382664 1.80217361026
2482560 256 176430.978 176464.016 176495.554 7.20171523414 7.20300233902 7.20435115425 1.80042880854 1.80075058475 1.80108778856
2730816 256 193921.269 193959.951 193990.327 7.20746139059 7.20859014859 7.21002806557 1.80186534765 1.80214753715 1.80250701639
3003872 256 212675.545 213452.732 213567.556 7.201386263 7.20526015099 7.23159056205 1.80034656575 1.80131503775 1.80789764051
3304256 256 234270.993 234407.985 234788.342 7.20554972018 7.21724164815 7.22146199295 1.80138743005 1.80431041204 1.80536549824
3634656 256 255238.675 257250.216 258420.744 7.20121706638 7.23398371024 7.29099487764 1.8003042666 1.80849592756 1.82274871941
3998112 256 279645.903 279791.698 310129.332 6.60057960593 7.3162762106 7.32009059328 1.65014490148 1.82906905265 1.83002264832
4397920 128 157014.053 157173.428 159277.799 7.06857783739 7.16321794547 7.17048887337 1.76714445935 1.79080448637 1.79262221834
4837696 128 172954.044 173064.325 173831.789 7.12441713408 7.15601078385 7.16057368396 1.78110428352 1.78900269596 1.79014342099
5321440 128 190309.332 190400.756 190750.731 7.14172172688 7.15484890197 7.1582860687 1.78543043172 1.78871222549 1.78957151718
5853568 128 209411.186 209434.046 209669.323 7.14703222464 7.15506115944 7.15584222898 1.78675805616 1.78876528986 1.78896055725
6438912 128 228354.261 229209.273 229945.473 7.16848847031 7.191513024 7.21843973825 1.79212211758 1.797878256 1.80460993456
7082784 128 249759.19 249798.69 250100.811 7.24984735855 7.25861574374 7.2597637108 1.81246183964 1.81465393594 1.8149409277
7791040 128 272904.246 273452.594 277866.437 7.17793146065 7.29379162518 7.30844708074 1.79448286516 1.82344790629 1.82711177018
8570144 64 152988.024 153071.379 155255.42 7.06563694846 7.16645031335 7.17035492922 1.76640923711 1.79161257834 1.7925887323
9427136 64 168233.446 168240.218 168401.758 7.16544424673 7.17232432497 7.17261303677 1.79136106168 1.79308108124 1.79315325919
10369824 64 184955.435 184958.845 185005.718 7.17457539339 7.17639360259 7.17652591285 1.79364384835 1.79409840065 1.79413147821
11406784 64 203334.072 203350.244 203399.349 7.17833345671 7.18006688008 7.1806379405 1.79458336418 1.79501672002 1.79515948513
12547456 64 222552.807 222566.544 223198.222 7.19573101259 7.21615360123 7.21659901598 1.79893275315 1.80403840031 1.804149754
13802176 64 242636.255 243330.611 245026.51 7.21015259941 7.26040394482 7.28118115737 1.80253814985 1.81510098621 1.82029528934
15182368 64 266024.463 266427.727 267093.47 7.27589148473 7.29407230202 7.30512931813 1.81897287118 1.8235180755 1.82628232953
16700576 64 290541.909 291559.694 292543.072 7.30721022852 7.33185612412 7.35754003737 1.82680255713 1.83296403103 1.83938500934
18370624 32 163430.084 163582.426 164104.06 7.1644780513 7.18732424228 7.19402393503 1.79111951283 1.79683106057 1.79850598376
20207680 32 179637.182 179689.8 179926.073 7.18790500141 7.19735633297 7.19946452956 1.79697625035 1.79933908324 1.79986613239
22228448 32 197567.78 197862.602 198043.684 7.18336804924 7.1899422004 7.20067144552 1.79584201231 1.7974855501 1.80016786138
24451264 32 216499.819 216504.183 217519.548 7.1942081086 7.22794762815 7.22809332233 1.79855202715 1.80698690704 1.80702333058
26896384 32 237124.14 238946.264 239176.582 7.19706152503 7.20399870324 7.25935611617 1.79926538126 1.80099967581 1.81483902904
29586016 32 259492.247 259558.199 261621.179 7.23758310102 7.29510773035 7.29696183948 1.80939577526 1.82377693259 1.82424045987
32544608 32 284585.484 285018.448 288725.054 7.21397358194 7.30778981717 7.31890777676 1.80349339548 1.82694745429 1.82972694419
35799040 16 159047.435 159066.756 159171.625 7.19706970385 7.20181456394 7.20268943665 1.79926742596 1.80045364099 1.80067235916
39378944 16 174876.629 174931.634 174983.903 7.20138359241 7.20353534227 7.20580111365 1.8003458981 1.80088383557 1.80145027841
43316832 16 192308.322 192684.415 192782.384 7.19017264565 7.19382843703 7.20789724326 1.79754316141 1.79845710926 1.80197431082
47648512 16 211452.177 211458.906 211527.103 7.20830741014 7.21063214051 7.210861603 1.80207685253 1.80265803513 1.80271540075
52413344 16 231738.052 232503.487 232707.612 7.20744368259 7.21377141324 7.23759863141 1.80186092065 1.80344285331 1.80939965785
57654656 16 253127.348 254303.38 255820.435 7.211890606 7.25491337158 7.28861976621 1.8029726515 1.8137283429 1.82215494155
63420096 16 276698.008 277594.443 279018.315 7.27351203451 7.31082023857 7.33450553789 1.81837800863 1.82770505964 1.83362638447
69762080 8 154855.869 155005.65 155389.84 7.18318057345 7.20098448024 7.2079494772 1.79579514336 1.80024612006 1.8019873693
76738272 8 170293.006 170310.461 201368.656 6.09733598262 7.20925975299 7.20999870071 1.52433399565 1.80231493825 1.80249967518
84412096 8 187240.949 187419.307 187936.178 7.18644781634 7.20626683354 7.21313122591 1.79661195409 1.80156670839 1.80328280648
92853280 8 205882.655 206104.961 206534.479 7.19324195744 7.20823250829 7.2160157445 1.79831048936 1.80205812707 1.80400393613
102138592 8 224960.007 225581.479 226232.675 7.22361379496 7.24446651935 7.26448000155 1.80590344874 1.81111662984 1.81612000039
112352448 8 246185.687 246791.431 247157.503 7.27325347675 7.28404207843 7.30196458578 1.81831336919 1.82101051961 1.82549114645
123587680 8 269235.845 269557.265 271486.144 7.2836235797 7.33574322324 7.34450080375 1.82090589492 1.83393580581 1.83612520094
135946432 4 150806.1 150878.759 150892.751 7.20757921631 7.20824762351 7.2117205869 1.80189480408 1.80206190588 1.80293014672
149541056 4 165987.208 166035.376 166080.075 7.20332314397 7.20526237734 7.2073532799 1.80083078599 1.80131559433 1.80183831997
164495136 4 182438.776 182444.671 182532.861 7.20944755257 7.21293245118 7.21316551696 1.80236188814 1.80323311279 1.80329137924
180944640 4 200641.311 200673.01 201467.924 7.18505006286 7.21351177221 7.21465142341 1.79626251571 1.80337794305 1.80366285585
199039104 4 219538.334 220437.578 220694.448 7.215010828 7.2234182867 7.25300590101 1.803752707 1.80585457167 1.81325147525
218943008 4 241519.126 241938.825 242091.672 7.23504468175 7.23961548544 7.25219610144 1.80876117044 1.80990387136 1.81304902536
240837280 4 262844.367 262881.767 267199.392 7.2107134136 7.32914367545 7.33018653582 1.8026783534 1.83228591886 1.83254663396
264920992 4 288070.128 288209.132 288599.745 7.34362373051 7.35357662435 7.35712498451 1.83590593263 1.83839415609 1.83928124613
291413088 2 161656.029 161741.219 161816.757 7.20353301852 7.20689728448 7.21069519776 1.80088325463 1.80172432112 1.80267379944
320554368 2 177775.652 177806.894 177866.108 7.2088914882 7.21129222357 7.21255952418 1.80222287205 1.80282305589 1.80313988105
352609792 2 195515.139 195632.184 195636.977 7.20947128518 7.20964791765 7.21396396828 1.80236782129 1.80241197941 1.80349099207
387870752 2 215184.003 215185.147 216229.843 7.17515670582 7.2099911617 7.21002949276 1.79378917646 1.80249779043 1.80250737319
426657824 2 235532.221 236576.074 238127.159 7.16689059395 7.21387952359 7.24585064733 1.79172264849 1.8034698809 1.81146266183
469323584 2 256297.406 257668.58 260039.099 7.21927719031 7.28569364569 7.32467161997 1.80481929758 1.82142341142 1.83116790499
516255936 2 281376.874 281443.9 283241.072 7.29069315202 7.33724818339 7.3389959688 1.822673288 1.83431204585 1.8347489922
567881504 1 157556.054 157675.044 158098.381 7.18390030825 7.20318814688 7.20862816227 1.79597507706 1.80079703672 1.80215704057
624669632 1 173324.519 173362.176 173419.526 7.20414415156 7.20652735692 7.20809306847 1.80103603789 1.80163183923 1.80202326712
687136576 1 190521.54 190539.497 190736.579 7.20508441121 7.21253689465 7.2132166893 1.8012711028 1.80313422366 1.80330417233
755850208 1 209399.359 209597.377 209745.796 7.2072978092 7.21240140329 7.21922179332 1.8018244523 1.80310035082 1.80480544833
831435200 1 228477.978 228812.161 229302.145 7.25187459542 7.26740393838 7.27803359674 1.81296864885 1.81685098459 1.81950839919
914578720 1 250385.456 250385.588 251976.889 7.25922701586 7.30536231982 7.30536617111 1.81480675396 1.82634057995 1.82634154278
1006036576 1 274652.355 275199.721 275371.434 7.3067606279 7.31131973786 7.32589076835 1.82669015698 1.82782993446 1.83147269209

META_DATA
ERT_VERSION  1.1.0
TIMESTAMP_DATA  1535287702.22
TIMESTAMP_DATA  1535287556.03
MPI_PROCS      1
UNAME  ('Linux', 'atajo-Inspiron-15-7568', '4.15.0-33-generic', '#36-Ubuntu SMP Wed Aug 15 16:00:05 UTC 2018', 'x86_64', 'x86_64')
HOSTNAME  ('atajo-Inspiron-15-7568', [], ['127.0.1.1'])
OPENMP_THREADS 4
FLOPS          4
TIMESTAMP_DATA  1535287629.19
CONFIG  {'ERT_WORKING_SET_MIN': ['1'], 'ERT_CFLAGS': [], 'ERT_CC': ['mpicc'], 'ERT_MPI_CFLAGS': ['-I/usr/include/mpi'], 'ERT_MPI_LDFLAGS': ['-lmpi'], 'ERT_MEMORY_MAX': ['1073741824'], 'ERT_PROCS_THREADS': ['1-4'], 'ERT_LDFLAGS': [], 'ERT_LDLIBS': [], 'ERT_RUN': ['export', 'OMP_NUM_THREADS=ERT_OPENMP_THREADS;', 'mpirun', '-np', 'ERT_MPI_PROCS', 'ERT_CODE'], 'ERT_FLOPS': ['1,2,4,8,16'], 'ERT_OPENMP_CFLAGS': ['-fopenmp'], 'ERT_MPI': ['True'], 'ERT_TRIALS_MIN': ['1'], 'ERT_DRIVER': ['driver1'], 'ERT_RESULTS': ['Results/myLaptop'], 'ERT_OPENMP': ['True'], 'ERT_MPI_PROCS': ['1,2,4'], 'ERT_KERNEL': ['kernel1'], 'ERT_GPU': [False], 'ERT_OPENMP_THREADS': ['1,2,4'], 'ERT_LD': ['mpicc'], 'ERT_NUM_EXPERIMENTS': ['3'], 'ERT_OPENMP_LDFLAGS': ['-fopenmp'], 'ERT_ALIGN': ['64'], 'ERT_GNUPLOT': ['gnuplot']}
