16 67108864 1283369.76 1283825.011 1301698.071 1.64975557377 1.67272301879 1.67331638545 0.824877786886 0.836361509396 0.836658192725
32 33554432 640313.212 640353.032 640401.96 3.35333709472 3.35359331601 3.35380187033 1.67666854736 1.676796658 1.67690093516
48 16777216 410806.232 410982.165 426158.98 3.77937063769 3.91893583995 3.92061417413 1.88968531885 1.95946791998 1.96030708706
64 16777216 548931.517 551007.072 562732.372 3.81617222476 3.89737946594 3.91211577673 1.90808611238 1.94868973297 1.95605788836
80 8388608 333148.378 333430.554 341320.443 3.93230850225 4.02535779609 4.02876726598 1.96615425112 2.01267889805 2.01438363299
96 8388608 399694.155 399795.156 404984.948 3.97696937616 4.02859492375 4.02961293242 1.98848468808 2.01429746187 2.01480646621
112 8388608 461804.826 462980.338 469687.447 4.00063532462 4.05859177545 4.06892281373 2.00031766231 2.02929588772 2.03446140686
128 8388608 530293.602 530486.406 535844.07 4.00766522992 4.04814076989 4.04961259178 2.00383261496 2.02407038494 2.02480629589
144 4194304 297248.973 298098.738 300471.091 4.0202188769 4.05221290135 4.06379722631 2.01010943845 2.02610645068 2.03189861315
160 4194304 326955.665 327126.412 330105.181 4.06590795071 4.10293156029 4.10507424608 2.03295397536 2.05146578015 2.05253712304
176 4194304 359615.773 360090.167 364668.8 4.04859151098 4.10007032489 4.10547901079 2.02429575549 2.05003516244 2.05273950539
192 4194304 394220.691 394491.26 395883.5 4.06840076942 4.08275898432 4.08556114068 2.03420038471 2.04137949216 2.04278057034
208 4194304 426150.524 426566.055 427750.047 4.07908888903 4.09041095405 4.09439943338 2.03954444452 2.04520547703 2.04719971669
224 4194304 455326.209 456963.39 462225.172 4.06522254915 4.11203223961 4.12681755379 2.03261127458 2.0560161198 2.06340877689
240 4194304 488854.486 489397.142 494062.56 4.07492103834 4.11376721934 4.11833373255 2.03746051917 2.05688360967 2.05916686627
256 4194304 517597.884 517753.188 527313.912 4.07249571674 4.14769758598 4.14894209266 2.03624785837 2.07384879299 2.07447104633
272 2097152 277621.619 278959.865 279083.155 4.08785219588 4.0896588762 4.1093726494 2.04392609794 2.0448294381 2.0546863247
288 2097152 292843.468 294412.596 294506.917 4.10163389134 4.1029479323 4.12493254587 2.05081694567 2.05147396615 2.06246627294
304 2097152 321363.306 321782.206 325726.729 3.91453418611 3.96251996607 3.96768514698 1.95726709305 1.98125998303 1.98384257349
320 2097152 326148.143 327017.681 328147.372 4.09016617083 4.10429575519 4.11523814808 2.04508308541 2.05214787759 2.05761907404
352 2097152 356761.162 358906.55 366875.009 4.02424523825 4.11359170793 4.13832884646 2.01212261912 2.05679585396 2.06916442323
384 2097152 389182.277 390054.37 409151.916 3.93646631732 4.12920059324 4.13845344761 1.96823315866 2.06460029662 2.06922672381
416 2097152 420680.261 420808.612 420932.594 4.14515409087 4.14637536933 4.14764044277 2.07257704544 2.07318768467 2.07382022139
448 2097152 453838.613 454224.051 454328.209 4.13588272702 4.13683112522 4.14034447087 2.06794136351 2.06841556261 2.07017223543
480 2097152 484168.7 485005.972 488714.12 4.11951657955 4.15101263949 4.15819097765 2.05975828977 2.07550631974 2.07909548882
528 1048576 276034.044 276137.416 277890.36 3.98465155826 4.0099464681 4.01144815311 1.99232577913 2.00497323405 2.00572407656
576 1048576 291410.703 292311.326 292735.75 4.12645039767 4.13244183361 4.1452134035 2.06322519884 2.0662209168 2.07260670175
624 1048576 315462.486 315819.283 316935.886 4.12898288205 4.14358121382 4.14826772144 2.06449144102 2.07179060691 2.07413386072
672 1048576 348768.578 349977.808 358959.265 3.9260336239 4.02678716132 4.04074860207 1.96301681195 2.01339358066 2.02037430104
736 1048576 371913.594 372209.825 372479.01 4.1438680585 4.14686493566 4.1501679339 2.07193402925 2.07343246783 2.07508396695
800 1048576 402792.849 403477.677 404596.284 4.14665597868 4.15815222412 4.16522191038 2.07332798934 2.07907611206 2.08261095519
880 1048576 444220.775 444332.867 444475.954 4.15206659301 4.15340366888 4.15445171379 2.07603329651 2.07670183444 2.0772258569
960 1048576 484897.294 485479.103 485498.086 4.14680506073 4.14696720736 4.15194298857 2.07340253037 2.07348360368 2.07597149429
1056 524288 264714.692 265913.71 267172.49 4.1444995179 4.16411871355 4.18297997604 2.07224975895 2.08205935677 2.09148998802
1152 524288 290219.53 290927.065 301731.969 4.00341918029 4.15210441834 4.16222695971 2.00170959014 2.07605220917 2.08111347985
1264 524288 323262.107 323310.23 332199.757 3.9897683128 4.09946837748 4.10007865227 1.9948841564 2.04973418874 2.05003932614
1376 524288 351558.043 351697.543 362086.853 3.98479139479 4.10250399731 4.10413189153 1.99239569739 2.05125199865 2.05206594576
1504 524288 383520.901 394402.261 394751.244 3.99506861085 3.99860360841 4.11205308469 1.99753430543 1.99930180421 2.05602654234
1648 524288 419925.242 421764.059 431420.341 4.00549784925 4.09720366429 4.11514497145 2.00274892463 2.04860183214 2.05757248572
1808 524288 460477.208 461149.172 471344.244 4.02216730581 4.11108925942 4.11708847922 2.01108365291 2.05554462971 2.05854423961
1984 524288 506407.558 507101.387 516335.513 4.0291142709 4.1024829301 4.10810374201 2.01455713545 2.05124146505 2.054051871
2176 262144 276680.612 276819.185 282504.595 4.03834382942 4.1212847585 4.12334886696 2.01917191471 2.06064237925 2.06167443348
2384 262144 302577.425 302798.292 308410.807 4.05271982574 4.12783897737 4.13085210174 2.02635991287 2.06391948869 2.06542605087
2608 262144 332205.508 332240.645 337511.634 4.05124732382 4.1155202549 4.11595554882 2.02562366191 2.05776012745 2.05797777441
2864 262144 363138.189 363597.622 369370.579 4.06518796398 4.12973226761 4.13495709756 2.03259398199 2.06486613381 2.06747854878
3136 262144 397999.65 398287.507 403977.584 4.06994653446 4.12809123837 4.13107691929 2.03497326723 2.06404561919 2.06553845964
3440 262144 435343.498 436717.825 442155.602 4.07899552068 4.12978499332 4.14282222724 2.03949776034 2.06489249666 2.07141111362
3776 262144 478884.925 484419.542 484975.978 4.08208154178 4.08677048788 4.13400252263 2.04104077089 2.04338524394 2.06700126132
4144 131072 264700.371 265052.566 266061.737 4.08297994386 4.09852563359 4.10397889469 2.04148997193 2.0492628168 2.05198944734
4544 131072 290525.456 290849.67 291716.166 4.08336072811 4.09552582955 4.10009626144 2.04168036406 2.04776291477 2.05004813072
4992 131072 319056.593 319189.609 319688.05 4.09343686134 4.09982910189 4.10153833743 2.04671843067 2.04991455095 2.05076916872
5488 131072 350557.799 350616.355 350846.354 4.10050227286 4.10319214002 4.10387752349 2.05025113643 2.05159607001 2.05193876174
6032 131072 384422.032 384879.163 388328.885 4.07194177173 4.10843911547 4.11332461819 2.03597088586 2.05421955774 2.05666230909
6624 131072 421645.623 422181.132 424696.472 4.08866560116 4.11302572375 4.11824945234 2.04433280058 2.05651286188 2.05912472617
7280 131072 463216.765 464232.946 464745.039 4.10635544191 4.1108851417 4.11990338908 2.05317772096 2.05544257085 2.05995169454
8000 131072 508077.921 508220.061 508870.764 4.12118783071 4.12646442148 4.12761884215 2.06059391535 2.06323221074 2.06380942108
8800 65536 279082.098 279641.331 279758.877 4.12295621275 4.12468927921 4.13295445414 2.06147810638 2.06234463961 2.06647722707
9680 65536 307105.447 307172.234 308483.509 4.11294906529 4.13050666552 4.13140493728 2.05647453265 2.06525333276 2.06570246864
10640 65536 337410.528 337448.919 338538.882 4.11948569027 4.13279166557 4.13326189988 2.05974284514 2.06639583279 2.06663094994
11696 65536 370488.778 371614.163 372496.396 4.11552468282 4.12529517073 4.13782603693 2.05776234141 2.06264758537 2.06891301847
12864 65536 409306.456 409790.008 419230.761 4.02191433658 4.11457130502 4.11943223295 2.01095716829 2.05728565251 2.05971611647
14144 65536 448691.178 448901.298 449686.78 4.12260811403 4.12982180328 4.1317557797 2.06130405701 2.06491090164 2.06587788985
15552 65536 493133.325 493639.177 498754.342 4.08704561012 4.12939620471 4.13363210446 2.04352280506 2.06469810236 2.06681605223
17104 32768 271398.423 271453.861 271633.858 4.12661275827 4.12934905354 4.13019254721 2.06330637913 2.06467452677 2.06509627361
18800 32768 297211.711 297756.193 297877.74 4.13618285139 4.13787128182 4.14545172481 2.0680914257 2.06893564091 2.07272586241
20672 32768 327813.907 328032.823 332430.818 4.07531467796 4.12995315411 4.13271116042 2.03765733898 2.06497657705 2.06635558021
22736 32768 360131.56 360701.131 362279.467 4.11292008443 4.13091717198 4.1374504806 2.05646004221 2.06545858599 2.0687252403
25008 32768 396150.657 397609.233 415658.959 3.94295431991 4.1219472587 4.13712374078 1.97147715996 2.06097362935 2.06856187039
27504 32768 435668.627 437044.489 448684.713 4.01730233229 4.1242989887 4.13732371874 2.00865116615 2.06214949435 2.06866185937
30240 32768 479346.503 479636.535 486459.512 4.07394365022 4.13189674969 4.13439678311 2.03697182511 2.06594837485 2.06719839156
33264 16384 263564.896 263641.473 263881.759 4.13061803184 4.13438272665 4.13558394362 2.06530901592 2.06719136333 2.06779197181
36576 16384 289445.169 289496.706 289923.948 4.13391986508 4.14002074345 4.14075789256 2.06695993254 2.07001037172 2.07037894628
40224 16384 318922.275 319065.707 319146.573 4.12995201424 4.130998735 4.13285660903 2.06497600712 2.0654993675 2.06642830451
44240 16384 350737.696 350865.318 351119.543 4.12866885054 4.13166034267 4.13316371902 2.06433442527 2.06583017134 2.06658185951
48656 16384 384486.896 386151.671 386789.173 4.12203835912 4.12884347715 4.14672079748 2.06101917956 2.06442173858 2.07336039874
53520 16384 422462.191 424906.093 429536.028 4.08287837499 4.12736693799 4.1512433476 2.04143918749 2.063683469 2.0756216738
58864 16384 463543.804 466327.44 467206.839 4.12848312779 4.13626860988 4.16110739774 2.0642415639 2.06813430494 2.08055369887
64736 16384 508805.793 511613.22 513200.181 4.13341484772 4.14623618991 4.16911378994 2.06670742386 2.07311809495 2.08455689497
71200 8192 282675.068 284716.589 288346.998 4.04561451339 4.09719997032 4.12679055232 2.02280725669 2.04859998516 2.06339527616
78320 8192 310236.838 315007.85 315862.227 4.0625145089 4.07353302465 4.13617830904 2.03125725445 2.03676651233 2.06808915452
86144 8192 340983.646 341475.359 342342.528 4.12272265513 4.13319221666 4.1391524566 2.06136132756 2.06659610833 2.0695762283
94752 8192 374791.446 374795.77 375766.781 4.13133051269 4.14203385486 4.14208164185 2.06566525634 2.07101692743 2.07104082093
104224 8192 411684.324 411728.668 413160.709 4.13303099448 4.14740616507 4.14785289711 2.06651549724 2.07370308254 2.07392644856
114640 8192 452776.855 452917.284 454837.891 4.12951910376 4.14703043216 4.14831663602 2.06475955188 2.07351521608 2.07415831801
126096 8192 497558.034 498440.824 511027.491 4.04275092903 4.14483879434 4.15219275507 2.02137546451 2.07241939717 2.07609637753
138704 4096 272800.918 274212.266 284567.028 3.9929544051 4.14373574375 4.16517354975 1.99647720255 2.07186787188 2.08258677487
152560 4096 299886.335 301133.836 304006.702 4.110999895 4.15021950572 4.16748405692 2.0554999475 2.07510975286 2.08374202846
167808 4096 329567.89 330522.527 330884.204 4.15457468015 4.15912085774 4.17116830162 2.07728734008 2.07956042887 2.08558415081
184576 4096 362379.287 363354.874 363711.674 4.15726714342 4.16134941402 4.17255247814 2.07863357171 2.08067470701 2.08627623907
203024 4096 398224.753 399043.978 399656.852 4.16150154733 4.16789301354 4.17646717204 2.08075077367 2.08394650677 2.08823358602
223312 4096 438069.611 439102.573 439107.885 4.16611034894 4.16616074805 4.17598449667 2.08305517447 2.08308037402 2.08799224834
245632 4096 482224.387 482746.506 484240.041 4.15541296388 4.16826909981 4.17278221145 2.07770648194 2.0841345499 2.08639110572
270192 2048 265259.624 265412.451 265734.861 4.16470171748 4.16976079242 4.17216316344 2.08235085874 2.08488039621 2.08608158172
297200 2048 291353.925 291993.159 292080.01 4.16780045988 4.16904013837 4.17818706235 2.08390022994 2.08452006918 2.08909353118
326912 2048 320609.607 321063.375 321122.128 4.16985139062 4.17061445268 4.17651724329 2.08492569531 2.08530722634 2.08825862165
359600 2048 352623.345 352949.546 353206.706 4.17014052955 4.17317890529 4.17703938462 2.08507026478 2.08658945265 2.08851969231
395552 2048 387737.862 388268.016 388566.651 4.16963470187 4.17284176196 4.17854728873 2.08481735094 2.08642088098 2.08927364437
435104 2048 425925.058 427474.536 428412.683 4.1599748437 4.16910443526 4.1842712715 2.07998742185 2.08455221763 2.09213563575
478608 2048 468809.296 469670.416 469844.853 4.17239511188 4.17394475193 4.18161155234 2.08619755594 2.08697237597 2.09080577617
526464 1024 257494.146 258279.5 258535.383 4.1704089378 4.17454065073 4.18727294872 2.0852044689 2.08727032536 2.09363647436
579104 1024 283317.432 283894.903 284144.58 4.17394902271 4.17761988492 4.18613490751 2.08697451136 2.08880994246 2.09306745375
637008 1024 311767.204 312541.72 333406.629 3.91291675247 4.17413836463 4.1845080793 1.95645837624 2.08706918232 2.09225403965
700704 1024 342661.697 344592.079 345228.269 4.15679108828 4.16446540549 4.1879258889 2.07839554414 2.08223270274 2.09396294445
770768 1024 376906.504 377786.865 380240.326 4.15140834905 4.17836883768 4.1881284808 2.07570417452 2.08918441884 2.0940642404
847840 1024 414337.118 415458.305 416225.88 4.17171637669 4.17942378117 4.1907332087 2.08585818835 2.08971189058 2.09536660435
932624 1024 455685.083 457232.355 458000.453 4.17033201493 4.17733769519 4.19152178392 2.08516600747 2.08866884759 2.09576089196
1025872 1024 501396.396 502597.17 503431.752 4.17332805818 4.1802580305 4.19026916181 2.08666402909 2.09012901525 2.0951345809
1128448 512 275635.352 277421.623 277573.029 4.16297922087 4.16525121403 4.19224436784 2.08148961043 2.08262560702 2.09612218392
1241280 512 303459.101 304081.103 305755.717 4.15714457434 4.18003850769 4.18860635852 2.07857228717 2.09001925384 2.09430317926
1365408 512 333527.033 334622.54 334971.595 4.17401897018 4.17837301695 4.19209735242 2.08700948509 2.08918650848 2.09604867621
1501936 512 366717.184 367721.907 368858.42 4.16957396282 4.18246080726 4.19391981369 2.08478698141 2.09123040363 2.09695990685
1652128 512 403887.722 404436.38 405383.937 4.17327604177 4.18305364122 4.18873607651 2.08663802088 2.09152682061 2.09436803825
1817328 512 443989.491 445146.753 445903.795 4.1734201253 4.180517682 4.19141423327 2.08671006265 2.090258841 2.09570711664
1999056 512 489145.288 489702.475 491643.027 4.16365784031 4.18015723527 4.18491886607 2.08182892015 2.09007861763 2.09245943303
2198960 256 268798.617 269657.662 269942.933 4.17076123271 4.17517348348 4.18851678839 2.08538061635 2.08758674174 2.09425839419
2418848 256 295790.262 295988.491 297282.237 4.16590708042 4.18411598308 4.18692004134 2.08295354021 2.09205799154 2.09346002067
2660720 256 325259.488 325949.813 326806.225 4.16849048699 4.17944292547 4.18831330141 2.08424524349 2.08972146273 2.0941566507
2926784 256 358406.045 359666.393 369282.939 4.0579004599 4.16639818778 4.18104947979 2.02895022995 2.08319909389 2.09052473989
3219456 256 393416.275 395971.8 406425.082 4.05575724778 4.16282541332 4.18986599372 2.02787862389 2.08141270666 2.09493299686
3541392 256 432959.259 434079.116 437416.596 4.14523070359 4.17710190877 4.18790605885 2.0726153518 2.08855095438 2.09395302942
3895520 256 476651.508 478034.437 479624.617 4.15847345884 4.17230660727 4.18441189533 2.07923672942 2.08615330364 2.09220594766
4285072 128 263141.115 263411.575 263978.954 4.15555261273 4.16450352267 4.16878385576 2.07777630636 2.08225176134 2.08439192788
4713568 128 289008.744 289241.548 290124.917 4.15915123898 4.17185365085 4.1752141866 2.07957561949 2.08592682542 2.0876070933
5184912 128 317608.603 318645.446 319275.609 4.157340663 4.16556234731 4.17916095302 2.0786703315 2.08278117366 2.08958047651
5703392 128 349865.499 351158.461 351180.253 4.15760379329 4.15786180359 4.17322758652 2.07880189664 2.0789309018 2.08661379326
6273728 128 384117.54 384975.739 386384.919 4.1566693963 4.17188462881 4.18120549246 2.07833469815 2.08594231441 2.09060274623
6901088 128 422497.21 423284.167 425128.23 4.15563682515 4.17374110759 4.18151525308 2.07781841258 2.0868705538 2.09075762654
7591184 128 464640.161 466095.998 467707.124 4.15504276989 4.1694052563 4.18246907417 2.07752138494 2.08470262815 2.09123453709
8350288 128 511343.116 514522.9 514672.639 4.15346293161 4.15467169294 4.18050749313 2.0767314658 2.07733584647 2.09025374657
9185312 64 282093.718 282138.555 282583.863 4.16060536337 4.16717217539 4.16783452087 2.08030268169 2.08358608769 2.08391726043
10103840 64 309209.848 309793.345 310894.437 4.15990563382 4.17469109932 4.18256898467 2.07995281691 2.08734554966 2.09128449234
11114224 64 340280.386 341600.658 342273.855 4.1563813631 4.16457239962 4.18073074597 2.07819068155 2.08228619981 2.09036537298
12225632 64 374614.747 375344.495 376894.479 4.15203984986 4.16918568634 4.17730724306 2.07601992493 2.08459284317 2.08865362153
13448192 64 412462.947 413643.107 435756.262 3.95030140955 4.16148256038 4.17338960632 1.97515070478 2.08074128019 2.08669480316
14793008 64 454527.783 455033.107 472125.619 4.01059579866 4.16124672001 4.16587301111 2.00529789933 2.08062336001 2.08293650556
16272304 64 497157.479 497481.157 499689.579 4.16829767827 4.18680161589 4.18952746359 2.08414883913 2.09340080794 2.0947637318
17899520 32 273407.243 273799.645 274848.832 4.1679976286 4.18396919397 4.18997414783 2.0839988143 2.09198459699 2.09498707392
19689472 32 301015.744 302174.524 331833.522 3.79746506744 4.17019340783 4.18624684296 1.89873253372 2.08509670392 2.09312342148
21658416 32 330744.819 332408.477 333021.605 4.16230840038 4.16998578529 4.19096095954 2.08115420019 2.08499289265 2.09548047977
23824256 32 363844.285 364516.969 365700.729 4.16939935605 4.18293937915 4.19067289734 2.08469967803 2.09146968958 2.09533644867
26206672 32 400436.532 402139.733 430857.181 3.89276791002 4.17075675534 4.18849648813 1.94638395501 2.08537837767 2.09424824406
28827328 32 440709.683 442404.322 451543.018 4.08587646903 4.17027795673 4.18631371891 2.04293823451 2.08513897837 2.09315685946
31710048 32 483934.441 484523.764 486490.334 4.17159998908 4.18853154951 4.19363223623 2.08579999454 2.09426577475 2.09681611812
34881040 16 266267.531 266923.792 267849.388 4.16724222644 4.18169272824 4.1919992115 2.08362111322 2.09084636412 2.09599960575
38369136 16 292760.463 293427.669 294326.654 4.17159756112 4.18437823599 4.19391450409 2.08579878056 2.09218911799 2.09695725205
42206048 16 321834.67 322516.989 323916.22 4.16957673808 4.18766633097 4.19654456743 2.08478836904 2.09383316548 2.09827228372
46426640 16 354282.981 355174.848 357576.15 4.1547862742 4.18287637305 4.19340628728 2.0773931371 2.09143818652 2.09670314364
51069296 16 389473.564 390503.457 391783.83 4.17122236004 4.18489885994 4.19596507454 2.08561118002 2.09244942997 2.09798253727
56176224 16 428476.747 431113.143 450963.93 3.98621496846 4.16976192257 4.19541825919 1.99310748423 2.08488096128 2.09770912959
61793840 16 472071.521 473963.722 482992.405 4.09406619965 4.17205534562 4.18877816609 2.04703309983 2.08602767281 2.09438908305
67973216 8 259545.182 262038.049 270729.772 4.01718454519 4.15043334413 4.1902972254 2.00859227259 2.07521667206 2.0951486127
74770528 8 285432.513 286714.498 286844.968 4.17064470868 4.17254256881 4.19128303019 2.08532235434 2.08627128441 2.09564151509
82247568 8 314118.804 314211.495 315529.683 4.17064117546 4.18813795466 4.18937380139 2.08532058773 2.09406897733 2.09468690069
90472320 8 344908.826 345896.371 347066.058 4.17084035339 4.18494451334 4.19692687133 2.0854201767 2.09247225667 2.09846343567
99519552 8 379708.472 380013.706 381582.142 4.17292283034 4.19014579437 4.19351410205 2.08646141517 2.09507289719 2.09675705103
109471504 8 417430.557 418075.444 419804.28 4.1722872954 4.18954064186 4.19601304846 2.0861436477 2.09477032093 2.09800652423
120418640 8 459398.768 459785.955 461980.23 4.17052097662 4.19042430298 4.19395604474 2.08526048831 2.09521215149 2.09697802237
132460496 8 505166.314 507868.149 509322.232 4.16115339729 4.1730672423 4.19538650394 2.08057669864 2.08653362115 2.09769325197
145706544 4 278108.912 278260.466 279314.533 4.1732606588 4.18906921546 4.19135202686 2.0866303294 2.09453460773 2.09567601343
160277184 4 306067.823 306116.477 307318.489 4.17227572663 4.18865878951 4.18932463868 2.08613786332 2.09432939476 2.09466231934
176304896 4 335989.994 336580.284 338398.969 4.16797714298 4.19049847851 4.19786063034 2.08398857149 2.09524923926 2.09893031517
193935376 4 369541.22 370345.299 371896.626 4.17181254019 4.1892877058 4.19840311184 2.08590627009 2.0946438529 2.09920155592
213328912 4 406778.699 407698.625 409115.566 4.17151396288 4.18601190033 4.1954785248 2.08575698144 2.09300595017 2.0977392624
234661792 4 448133.337 448754.428 451277.213 4.15995818517 4.18334442819 4.18914234002 2.07997909258 2.0916722141 2.09457117001
258127968 4 491921.497 492740.941 494865.94 4.17289527746 4.19089134304 4.19787253981 2.08644763873 2.09544567152 2.09893626991
283940752 2 270825.329 271129.613 272321.228 4.17067378971 4.18900390641 4.19371043393 2.08533689485 2.0945019532 2.09685521697
312334816 2 297825.147 298251.356 299397.076 4.17285058589 4.18888041535 4.19487500161 2.08642529294 2.09444020768 2.0974375008
343568288 2 328617.206 329522.924 349601.703 3.93096812804 4.17049331597 4.18198781716 1.96548406402 2.08524665798 2.09099390858
377925104 2 361283.758 362373.469 378906.969 3.98963476441 4.17166416783 4.1842468213 1.99481738221 2.08583208392 2.09212341065
415717600 2 396347.922 396881.532 398640.66 4.17135171309 4.18984071045 4.19548156481 2.08567585655 2.09492035523 2.0977407824
457289360 2 436452.13 437016.168 439645.449 4.16052854445 4.18556010953 4.19096921351 2.08026427222 2.09278005476 2.09548460675
503018288 2 479340.978 480391.135 482245.861 4.17229739998 4.18840608289 4.1975821896 2.08614869999 2.09420304144 2.0987910948
553320112 1 263627.758 264132.204 265068.812 4.17491675331 4.18972093233 4.1977378725 2.08745837666 2.09486046616 2.09886893625
608652112 1 290292.791 290579.818 291811.112 4.17154855981 4.18922495161 4.19336704782 2.0857742799 2.09461247581 2.09668352391
669517312 1 319124.806 319521.454 320838.757 4.17354385898 4.1907502837 4.19595906938 2.08677192949 2.09537514185 2.09797953469
736469040 1 350936.994 351506.812 352967.046 4.17301869025 4.19035429675 4.19715819416 2.08650934512 2.09517714837 2.09857909708
810115936 1 386070.681 386644.33 388459.594 4.17091480562 4.19049691483 4.19672342848 2.08545740281 2.09524845741 2.09836171424
891127520 1 424751.378 425306.149 427407.956 4.16991545192 4.19052262515 4.19599589857 2.08495772596 2.09526131258 2.09799794929
980240272 1 467729.121 468018.253 471590.695 4.15716545043 4.1888976155 4.19148702952 2.07858272522 2.09444880775 2.09574351476

META_DATA
ERT_VERSION  1.1.0
FLOPS          8
TIMESTAMP_DATA  1535290205.32
TIMESTAMP_DATA  1535290072.83
OPENMP_THREADS 1
HOSTNAME  ('atajo-Inspiron-15-7568', [], ['127.0.1.1'])
TIMESTAMP_DATA  1535289939.83
MPI_PROCS      2
UNAME  ('Linux', 'atajo-Inspiron-15-7568', '4.15.0-33-generic', '#36-Ubuntu SMP Wed Aug 15 16:00:05 UTC 2018', 'x86_64', 'x86_64')
CONFIG  {'ERT_WORKING_SET_MIN': ['1'], 'ERT_CFLAGS': [], 'ERT_CC': ['mpicc'], 'ERT_MPI_CFLAGS': ['-I/usr/include/mpi'], 'ERT_MPI_LDFLAGS': ['-lmpi'], 'ERT_MEMORY_MAX': ['1073741824'], 'ERT_PROCS_THREADS': ['1-4'], 'ERT_LDFLAGS': [], 'ERT_LDLIBS': [], 'ERT_RUN': ['export', 'OMP_NUM_THREADS=ERT_OPENMP_THREADS;', 'mpirun', '-np', 'ERT_MPI_PROCS', 'ERT_CODE'], 'ERT_FLOPS': ['1,2,4,8,16'], 'ERT_OPENMP_CFLAGS': ['-fopenmp'], 'ERT_MPI': ['True'], 'ERT_TRIALS_MIN': ['1'], 'ERT_DRIVER': ['driver1'], 'ERT_RESULTS': ['Results/myLaptop'], 'ERT_OPENMP': ['True'], 'ERT_MPI_PROCS': ['1,2,4'], 'ERT_KERNEL': ['kernel1'], 'ERT_GPU': [False], 'ERT_OPENMP_THREADS': ['1,2,4'], 'ERT_LD': ['mpicc'], 'ERT_NUM_EXPERIMENTS': ['3'], 'ERT_OPENMP_LDFLAGS': ['-fopenmp'], 'ERT_ALIGN': ['64'], 'ERT_GNUPLOT': ['gnuplot']}
